2 0.660970 0.663497 0.236542 0.246664 0.824078
2 0.743560 0.580099 0.147557 0.171097 0.605832
2 0.513091 0.598439 0.127749 0.127762 0.531107
2 0.826308 0.569755 0.040436 0.087379 0.420218
2 0.968605 0.535178 0.061986 0.047067 0.410496
2 0.152884 0.519637 0.062087 0.045353 0.370049
2 0.288776 0.528678 0.061250 0.038307 0.330156
2 0.812183 0.565061 0.069182 0.098735 0.329885
2 0.304761 0.529900 0.092792 0.040117 0.319676
7 0.638891 0.483393 0.245514 0.187626 0.303351
7 0.749390 0.572581 0.155742 0.160810 0.266266
7 0.147014 0.475286 0.099384 0.109034 0.250322
