2 0.662831 0.659681 0.229537 0.238315 0.867688
2 0.744906 0.580517 0.143195 0.168710 0.638973
2 0.978469 0.542099 0.042246 0.042632 0.508860
2 0.508090 0.597346 0.103798 0.125123 0.485587
2 0.160404 0.519337 0.061849 0.051429 0.477237
2 0.827106 0.570001 0.041249 0.086797 0.467537
2 0.311470 0.530566 0.093289 0.042497 0.392371
2 0.819572 0.568153 0.056951 0.092577 0.354674
7 0.601558 0.534553 0.290511 0.251742 0.327370
2 0.929708 0.502713 0.018566 0.024856 0.314589
2 0.805699 0.561501 0.082469 0.121705 0.270048
