2 0.328048 0.655157 0.247867 0.213449 0.831061
2 0.612832 0.791289 0.699145 0.415198 0.735190
2 0.121764 0.528747 0.112666 0.043801 0.559982
2 0.794115 0.519062 0.032148 0.033795 0.559281
2 0.670123 0.550653 0.212864 0.137820 0.524010
2 0.036572 0.523888 0.069533 0.048299 0.398203
0 0.957240 0.506969 0.017640 0.032481 0.363209
2 0.791300 0.522974 0.036055 0.045648 0.332547
2 0.042630 0.528811 0.056963 0.037887 0.309251
7 0.486447 0.471648 0.292132 0.276775 0.302989
0 0.989989 0.528769 0.019495 0.061478 0.250863
