2 0.641212 0.727904 0.328267 0.342939 0.908685
2 0.453643 0.620979 0.168751 0.151912 0.745038
2 0.724066 0.594623 0.178547 0.195297 0.680709
2 0.867273 0.540179 0.065327 0.039712 0.618286
2 0.236311 0.534228 0.100467 0.043847 0.561091
2 0.726713 0.566553 0.181378 0.140773 0.557123
2 0.075038 0.522378 0.075934 0.050449 0.539035
2 0.146963 0.523556 0.083122 0.050791 0.464060
7 0.725749 0.592458 0.181717 0.191882 0.445475
2 0.880949 0.541372 0.039027 0.036926 0.307928
7 0.574923 0.492860 0.237959 0.195380 0.287026
2 0.163479 0.526112 0.062643 0.045710 0.254908
