58 0.812301 0.589326 0.071421 0.077560 0.852870
58 0.966759 0.637508 0.066344 0.121092 0.739726
0 0.610242 0.528986 0.017873 0.050744 0.648675
58 0.682501 0.554921 0.038482 0.042053 0.590703
58 0.649252 0.545084 0.031132 0.037216 0.553318
58 0.730251 0.567779 0.051835 0.059117 0.431539
58 0.764004 0.527159 0.013866 0.017195 0.416803
58 0.653539 0.541858 0.040114 0.043755 0.369309
58 0.713261 0.525797 0.013852 0.017186 0.302041
13 0.731051 0.575181 0.049906 0.043552 0.286298
58 0.747450 0.563591 0.017242 0.058339 0.283509
