58 0.805280 0.587290 0.071270 0.074508 0.864303
58 0.677678 0.551515 0.043494 0.044371 0.732006
58 0.646562 0.540320 0.035084 0.039114 0.711444
58 0.619499 0.536573 0.023427 0.036001 0.658594
58 0.962187 0.636858 0.075198 0.122255 0.641849
0 0.603131 0.525586 0.015361 0.055669 0.556873
58 0.724526 0.559221 0.050598 0.060358 0.523695
58 0.759389 0.523790 0.016741 0.018213 0.399937
58 0.741192 0.558068 0.018045 0.054643 0.367323
58 0.707006 0.551771 0.017204 0.053152 0.293948
58 0.659866 0.532660 0.020148 0.033660 0.291285
11 0.340318 0.463928 0.018912 0.049754 0.256276
58 0.593740 0.546876 0.014867 0.024453 0.250057
