0 0.744884 0.548466 0.021553 0.078657 0.848881
58 0.971440 0.616528 0.056957 0.091032 0.814164
58 0.856657 0.581875 0.061078 0.064431 0.767980
58 0.821873 0.534018 0.019992 0.028747 0.598404
33 0.483490 0.128081 0.045454 0.016146 0.525373
58 0.877368 0.533260 0.017861 0.024484 0.475550
0 0.725338 0.547751 0.018254 0.051820 0.463201
58 0.781528 0.568165 0.046254 0.043716 0.449057
0 0.767695 0.537305 0.017883 0.031609 0.433882
9 0.799197 0.393422 0.016268 0.045129 0.353810
33 0.629529 0.321612 0.021370 0.009781 0.351439
58 0.934282 0.532298 0.019805 0.025064 0.314772
58 0.710895 0.564215 0.024146 0.048189 0.306370
0 0.732128 0.519079 0.013258 0.025494 0.266886
