0 0.962219 0.590923 0.045937 0.182132 0.852502
58 0.750721 0.557043 0.050450 0.059980 0.770884
13 0.955239 0.615013 0.091170 0.088538 0.630052
0 0.773750 0.523889 0.020061 0.051980 0.554870
58 0.820684 0.567474 0.067487 0.077199 0.535867
58 0.867005 0.540135 0.027376 0.031087 0.434441
13 0.214126 0.534010 0.072961 0.024616 0.364222
0 0.773236 0.511154 0.017817 0.027982 0.321836
58 0.801820 0.570234 0.028504 0.072720 0.321177
58 0.549240 0.514749 0.025682 0.038211 0.313649
58 0.930315 0.611351 0.041151 0.088742 0.312249
58 0.930260 0.602904 0.040766 0.072976 0.275873
58 0.899189 0.467945 0.036486 0.051152 0.268428
