58 0.911995 0.598497 0.078077 0.078985 0.785574
0 0.731467 0.546606 0.023718 0.071240 0.782634
58 0.823881 0.566629 0.051027 0.077315 0.637096
58 0.767720 0.557740 0.038817 0.057162 0.483180
58 0.876801 0.538722 0.015444 0.022280 0.455733
13 0.731695 0.562182 0.038866 0.039526 0.307098
0 0.708760 0.559974 0.026695 0.051455 0.285587
13 0.677824 0.572681 0.051142 0.038329 0.264414
0 0.770331 0.541976 0.021479 0.030412 0.262671
13 0.824383 0.584863 0.049699 0.040066 0.260254
58 0.931554 0.537807 0.011793 0.022074 0.258213
