0 0.768114 0.550916 0.029128 0.097133 0.841760
58 0.800020 0.571809 0.053030 0.057083 0.673472
58 0.741601 0.551634 0.032052 0.053033 0.633931
58 0.907135 0.596753 0.080359 0.076149 0.603013
58 0.699039 0.546981 0.025164 0.039151 0.546093
58 0.819741 0.531994 0.018654 0.032304 0.407747
58 0.877536 0.532104 0.015345 0.026771 0.365560
9 0.783891 0.385086 0.016135 0.045012 0.287162
58 0.936200 0.531238 0.018385 0.025971 0.286062
33 0.450104 0.054371 0.053281 0.019959 0.281203
58 0.716460 0.563810 0.030912 0.072340 0.256413
