58 0.758329 0.557450 0.050360 0.064418 0.765038
0 0.987061 0.597744 0.025118 0.192306 0.753711
58 0.960106 0.615916 0.051659 0.098304 0.604704
58 0.831326 0.569793 0.069685 0.086315 0.468661
0 0.779692 0.524452 0.020406 0.052867 0.414145
58 0.871668 0.539374 0.030605 0.034563 0.382552
58 0.808756 0.544491 0.029737 0.037972 0.332900
0 0.779424 0.511846 0.018625 0.028297 0.328225
58 0.815932 0.577775 0.035444 0.071097 0.318676
58 0.549800 0.514802 0.024903 0.038936 0.305779
58 0.902819 0.482525 0.038011 0.079405 0.277976
