58 0.804923 0.601475 0.071936 0.075509 0.881860
58 0.962017 0.657533 0.075776 0.125514 0.808524
58 0.676577 0.561557 0.040502 0.043022 0.768741
58 0.724982 0.571820 0.050635 0.060328 0.709339
0 0.601821 0.531502 0.015792 0.058633 0.706285
58 0.646551 0.547912 0.032588 0.040672 0.620824
58 0.619036 0.542785 0.025024 0.037129 0.481445
58 0.660370 0.532882 0.019673 0.024388 0.413311
58 0.644984 0.552035 0.028272 0.032904 0.378892
58 0.758997 0.528086 0.016748 0.017429 0.330453
58 0.708259 0.529685 0.015329 0.023747 0.301049
58 0.741575 0.571421 0.018019 0.059489 0.281573
58 0.592042 0.554927 0.015685 0.027271 0.260281
