0 0.785493 0.553955 0.025938 0.107237 0.849212
58 0.945350 0.607575 0.090268 0.084036 0.661497
58 0.819188 0.576156 0.055983 0.063525 0.588752
58 0.753102 0.553714 0.033492 0.057475 0.486216
58 0.706614 0.547663 0.032411 0.042896 0.468703
58 0.885050 0.530104 0.014434 0.033577 0.310022
58 0.752793 0.564044 0.032285 0.036522 0.304998
0 0.742568 0.515862 0.012139 0.030838 0.304899
58 0.825686 0.538654 0.020373 0.045373 0.283971
58 0.943007 0.530907 0.012064 0.026243 0.269370
9 0.783877 0.382957 0.017712 0.045573 0.262851
