0 0.776234 0.553173 0.027878 0.101977 0.863426
58 0.809984 0.572617 0.053777 0.062342 0.689755
58 0.703288 0.546665 0.029123 0.041972 0.591245
58 0.927336 0.603001 0.084537 0.077914 0.543137
58 0.748466 0.558381 0.033321 0.045664 0.510435
58 0.882495 0.531944 0.015299 0.029472 0.332845
0 0.739863 0.518154 0.014341 0.035111 0.324919
58 0.822438 0.537043 0.020889 0.044985 0.323314
0 0.739277 0.522179 0.013876 0.042415 0.265547
9 0.445884 0.036896 0.054271 0.021956 0.255491
58 0.723244 0.564510 0.031581 0.078589 0.254142
