0 0.892909 0.576180 0.051376 0.148665 0.885680
58 0.734280 0.554114 0.042804 0.053302 0.808916
0 0.761955 0.525248 0.016595 0.053270 0.678130
13 0.902437 0.599444 0.080059 0.052059 0.556691
58 0.853816 0.539558 0.024997 0.030443 0.411992
58 0.806209 0.573695 0.024171 0.035395 0.321113
2 0.990777 0.525325 0.018918 0.026799 0.305996
58 0.789178 0.563305 0.057923 0.058793 0.301886
58 0.806031 0.564080 0.023728 0.054298 0.286817
13 0.918705 0.606730 0.047261 0.061905 0.280767
9 0.612657 0.273702 0.024458 0.011465 0.279033
