0 0.789917 0.554663 0.026398 0.109286 0.846278
58 0.954992 0.608256 0.089939 0.091312 0.678257
58 0.824684 0.575366 0.053246 0.067389 0.606572
58 0.708128 0.547549 0.033592 0.044517 0.563391
58 0.756457 0.555681 0.035383 0.056332 0.508916
58 0.827201 0.530681 0.018010 0.026494 0.379827
0 0.744650 0.515411 0.010600 0.030030 0.343783
58 0.887093 0.530378 0.013892 0.029671 0.335864
58 0.756451 0.563926 0.034889 0.039471 0.305842
9 0.783179 0.381930 0.017251 0.045811 0.278936
9 0.438119 0.009762 0.057784 0.018333 0.274088
