58 0.804373 0.584721 0.070732 0.076011 0.864350
58 0.962070 0.631440 0.075375 0.121604 0.772729
58 0.649848 0.537006 0.040782 0.042861 0.660400
58 0.678230 0.549379 0.042749 0.046182 0.646188
58 0.619883 0.535897 0.022143 0.033614 0.507525
58 0.723865 0.557582 0.050183 0.063300 0.469251
0 0.603964 0.515599 0.014504 0.036368 0.388449
58 0.759314 0.522992 0.016578 0.018677 0.384913
58 0.646211 0.540861 0.033476 0.035400 0.373705
0 0.603308 0.525876 0.019862 0.057516 0.361129
58 0.740820 0.557288 0.017058 0.057563 0.352901
11 0.340119 0.464335 0.018964 0.049684 0.275114
