0 0.746622 0.546835 0.022100 0.080811 0.854005
58 0.976080 0.617530 0.047530 0.093795 0.772512
58 0.861103 0.582044 0.063835 0.064884 0.744622
58 0.821724 0.531970 0.019522 0.030263 0.545591
58 0.783450 0.567393 0.046917 0.043501 0.510213
58 0.877609 0.532158 0.016925 0.024751 0.475216
0 0.725608 0.546703 0.017515 0.052093 0.426045
0 0.767752 0.536304 0.020462 0.030896 0.361303
58 0.934466 0.531919 0.020056 0.024623 0.355883
58 0.768657 0.550501 0.022953 0.057072 0.293784
33 0.480390 0.119569 0.046574 0.015707 0.282832
0 0.733774 0.522135 0.013173 0.033092 0.251473
