58 0.827113 0.594524 0.071955 0.079646 0.844625
0 0.624207 0.535549 0.021210 0.052502 0.683353
58 0.977576 0.647026 0.044281 0.111889 0.542895
58 0.743475 0.567819 0.052812 0.061690 0.508204
58 0.661212 0.550829 0.027558 0.033384 0.457572
58 0.665630 0.545532 0.036817 0.043362 0.417806
58 0.694410 0.556332 0.040761 0.050347 0.397753
58 0.776157 0.529309 0.015557 0.018630 0.316307
58 0.694027 0.563309 0.039867 0.037461 0.302512
58 0.639632 0.546820 0.019309 0.030724 0.298222
58 0.629735 0.546642 0.036213 0.035560 0.275165
58 0.725941 0.531348 0.016886 0.019815 0.263300
58 0.676091 0.533497 0.019120 0.022700 0.255684
