58 0.804392 0.584524 0.070764 0.073818 0.868855
58 0.961955 0.629467 0.075731 0.121475 0.836503
58 0.677859 0.550034 0.040912 0.043762 0.711297
58 0.649276 0.537111 0.040912 0.042500 0.645471
58 0.620017 0.535760 0.021223 0.033978 0.586465
58 0.724029 0.556249 0.050969 0.061256 0.549414
0 0.604589 0.525079 0.015331 0.051585 0.465906
58 0.646262 0.540117 0.033297 0.036460 0.383879
58 0.759532 0.522581 0.015920 0.018706 0.358774
58 0.741104 0.556217 0.017410 0.056896 0.316397
58 0.707007 0.550108 0.017773 0.051463 0.277534
0 0.605183 0.513924 0.011885 0.028949 0.251141
