0 0.747556 0.545934 0.022223 0.081852 0.843386
58 0.979713 0.610566 0.040296 0.077812 0.714168
58 0.863529 0.580664 0.065094 0.068142 0.678480
13 0.783174 0.568398 0.047807 0.041621 0.489517
58 0.820855 0.530281 0.017731 0.030821 0.489223
0 0.875957 0.530628 0.017565 0.025939 0.459038
0 0.724047 0.547833 0.017691 0.049240 0.442165
0 0.766762 0.534812 0.018688 0.030857 0.419436
58 0.933177 0.530624 0.020341 0.024195 0.350057
33 0.476676 0.110992 0.047156 0.017888 0.346355
13 0.698655 0.546221 0.014424 0.030211 0.298634
