58 0.952490 0.613262 0.094144 0.096599 0.840108
58 0.820191 0.573206 0.077650 0.080911 0.713432
2 0.916945 0.527733 0.073924 0.033256 0.681911
58 0.858219 0.553469 0.051046 0.041825 0.442567
58 0.866256 0.550304 0.033486 0.048491 0.429236
58 0.928474 0.546216 0.034172 0.038653 0.407793
58 0.988486 0.541857 0.023269 0.036030 0.379508
58 0.801365 0.552065 0.041003 0.038696 0.336621
0 0.828097 0.515652 0.021872 0.033132 0.332573
0 0.828341 0.527074 0.023329 0.054313 0.319898
4 0.631583 0.221562 0.030247 0.016292 0.259122
