58 0.804427 0.584318 0.070752 0.074389 0.857482
58 0.961974 0.629652 0.075653 0.121670 0.796176
58 0.649342 0.537273 0.040934 0.042311 0.732124
58 0.677711 0.550525 0.041343 0.043024 0.680349
58 0.619990 0.535900 0.021861 0.034698 0.547271
58 0.724022 0.557077 0.050804 0.061029 0.503704
0 0.604541 0.523559 0.015377 0.049209 0.447841
58 0.759463 0.522596 0.015809 0.018369 0.368556
58 0.741088 0.557127 0.017333 0.057375 0.343390
0 0.604775 0.514278 0.012733 0.030576 0.275570
0 0.603338 0.526370 0.020572 0.055857 0.270986
11 0.340615 0.463449 0.019616 0.051039 0.265084
58 0.706930 0.550153 0.017724 0.050388 0.258193
