0 0.733348 0.550218 0.023141 0.076545 0.851299
58 0.944642 0.611674 0.086517 0.085529 0.809900
13 0.834890 0.591455 0.056667 0.043352 0.633053
58 0.817866 0.538994 0.017341 0.025946 0.531415
58 0.873299 0.539953 0.015244 0.022654 0.449516
0 0.764495 0.560920 0.030363 0.061255 0.437925
58 0.833657 0.580858 0.056605 0.065645 0.419192
58 0.925764 0.545103 0.025775 0.034556 0.374695
13 0.769592 0.568793 0.042655 0.045859 0.340260
9 0.799105 0.402448 0.015472 0.043787 0.330237
58 0.716847 0.553563 0.016922 0.041601 0.329077
58 0.705605 0.564597 0.027066 0.051976 0.251743
58 0.927666 0.537899 0.014703 0.020251 0.251276
