0 0.733833 0.545914 0.021786 0.070024 0.808935
58 0.911441 0.596985 0.073498 0.074729 0.800052
58 0.769541 0.558491 0.039288 0.051621 0.635720
58 0.824720 0.565001 0.049414 0.073594 0.579059
9 0.814378 0.402395 0.019394 0.043499 0.429977
58 0.879968 0.536682 0.015233 0.023305 0.410964
13 0.680115 0.571363 0.047211 0.036862 0.310942
0 0.932274 0.543950 0.019210 0.037401 0.279347
13 0.825165 0.581894 0.048192 0.038908 0.276933
58 0.825880 0.536857 0.016309 0.024308 0.275140
58 0.825445 0.542133 0.019477 0.035491 0.264128
13 0.681596 0.573417 0.040852 0.032452 0.256027
