58 0.804528 0.584661 0.071280 0.073863 0.865132
58 0.961826 0.630471 0.075725 0.121112 0.789831
58 0.677673 0.550139 0.041317 0.043755 0.722900
58 0.646263 0.539865 0.035041 0.037332 0.678567
58 0.619760 0.536062 0.021749 0.034981 0.575721
58 0.723965 0.556821 0.050822 0.060571 0.510614
0 0.603923 0.525701 0.015246 0.053025 0.446458
58 0.759274 0.523257 0.016179 0.017878 0.376052
58 0.741067 0.556352 0.017231 0.056687 0.350489
0 0.604267 0.513406 0.012453 0.028616 0.290455
58 0.706804 0.548984 0.018121 0.053501 0.278575
