58 0.938735 0.612846 0.088834 0.088335 0.866295
58 0.820332 0.582221 0.037839 0.061283 0.707310
58 0.729177 0.554884 0.036798 0.041317 0.689542
58 0.769042 0.569220 0.042151 0.042112 0.605484
58 0.694279 0.553170 0.034148 0.034733 0.345272
0 0.691995 0.525991 0.014177 0.027858 0.333038
0 0.691075 0.539640 0.020299 0.054656 0.321145
58 0.686154 0.553310 0.019629 0.033798 0.313844
58 0.793625 0.535467 0.021461 0.023844 0.304899
58 0.702394 0.550727 0.019758 0.034062 0.300257
58 0.672168 0.562074 0.013823 0.028642 0.262121
