0 0.758068 0.548301 0.026255 0.094470 0.837418
58 0.792616 0.568477 0.053549 0.054847 0.741380
58 0.890986 0.591150 0.075187 0.073055 0.689636
58 0.696068 0.546067 0.021173 0.036186 0.513915
58 0.816775 0.532127 0.020011 0.030216 0.459271
58 0.733388 0.553021 0.027300 0.044904 0.412581
58 0.874330 0.530640 0.018383 0.026457 0.376844
9 0.454309 0.069222 0.050885 0.019527 0.344579
0 0.733238 0.538708 0.025506 0.075618 0.311797
58 0.932122 0.530058 0.018316 0.024021 0.291140
9 0.785081 0.385883 0.017142 0.044213 0.266654
