58 0.848181 0.598990 0.074884 0.077522 0.845109
58 0.674804 0.549956 0.029663 0.036954 0.680659
58 0.710194 0.563163 0.037560 0.039488 0.623624
0 0.639034 0.536036 0.018240 0.052395 0.511451
58 0.760776 0.572047 0.051458 0.040562 0.462807
58 0.790384 0.530026 0.017348 0.019731 0.367954
58 0.652464 0.546496 0.018784 0.031229 0.332648
9 0.608134 0.456824 0.010765 0.022183 0.324347
58 0.740384 0.531114 0.017563 0.020035 0.316429
58 0.689479 0.533881 0.017559 0.022096 0.304741
58 0.745369 0.563224 0.022538 0.049981 0.271704
58 0.641638 0.548257 0.038821 0.037736 0.259826
58 0.623105 0.553280 0.016642 0.030741 0.256865
0 0.638994 0.522949 0.013998 0.027099 0.256321
