0 0.752550 0.543159 0.034589 0.087747 0.814293
58 0.873491 0.583030 0.070336 0.071641 0.575865
0 0.727194 0.535721 0.021085 0.072414 0.535371
33 0.463985 0.088711 0.049502 0.019014 0.487447
58 0.785447 0.565929 0.050299 0.048591 0.486113
58 0.816746 0.528314 0.018666 0.032022 0.446127
58 0.872579 0.529167 0.019285 0.025529 0.328363
58 0.694941 0.544490 0.017604 0.032654 0.300063
58 0.928241 0.528402 0.018185 0.024100 0.285333
0 0.722699 0.548295 0.017243 0.047113 0.273243
13 0.873830 0.593602 0.069598 0.050998 0.272184
