58 0.926050 0.610936 0.087251 0.085395 0.854209
58 0.810625 0.581070 0.036164 0.059884 0.744175
58 0.722668 0.555123 0.036275 0.039846 0.713643
58 0.762169 0.568982 0.039599 0.039632 0.679815
58 0.687788 0.551343 0.034957 0.037207 0.407144
58 0.696104 0.550597 0.019036 0.032580 0.359419
0 0.683475 0.541331 0.020783 0.054041 0.350815
58 0.678899 0.553204 0.020144 0.035278 0.314147
0 0.685391 0.526048 0.013799 0.025982 0.312333
58 0.787432 0.534793 0.020172 0.021836 0.298586
58 0.666762 0.560609 0.014663 0.028596 0.274843
