0 0.780226 0.554096 0.027250 0.104226 0.834610
58 0.815228 0.572342 0.055184 0.067647 0.677954
58 0.936645 0.603817 0.088608 0.084283 0.657337
58 0.750182 0.553850 0.034328 0.055931 0.590156
58 0.705436 0.547245 0.030418 0.042577 0.581794
0 0.741799 0.516027 0.013356 0.028639 0.355281
58 0.884219 0.532516 0.015360 0.032916 0.329085
9 0.784199 0.383445 0.016990 0.045391 0.308164
58 0.750464 0.562675 0.033111 0.037238 0.306105
9 0.443856 0.026878 0.056133 0.022591 0.283582
58 0.942445 0.530846 0.014146 0.025562 0.267670
0 0.742294 0.523230 0.016211 0.042141 0.265343
58 0.824039 0.531690 0.019879 0.030127 0.259005
58 0.725707 0.562299 0.031167 0.085059 0.256475
0 0.388705 0.451299 0.018731 0.077767 0.252317
58 0.823769 0.537168 0.020937 0.043233 0.251158
