0 0.731927 0.549605 0.021998 0.076932 0.835377
58 0.934906 0.608529 0.087650 0.085039 0.772903
58 0.830640 0.579823 0.055105 0.064614 0.676382
58 0.768736 0.565068 0.040548 0.052063 0.500502
58 0.817574 0.539460 0.018146 0.025667 0.473063
0 0.764095 0.560095 0.029772 0.062371 0.455112
58 0.873115 0.540027 0.015612 0.022712 0.431104
13 0.831358 0.591074 0.054451 0.041023 0.391024
58 0.716104 0.553647 0.016795 0.039874 0.324031
58 0.924936 0.546035 0.026544 0.034833 0.304434
58 0.706762 0.562576 0.030339 0.055400 0.259762
