0 0.737846 0.550259 0.020034 0.075516 0.871236
58 0.960246 0.614972 0.079040 0.088485 0.821482
58 0.845584 0.586797 0.057843 0.054865 0.626460
58 0.819662 0.537729 0.017862 0.026846 0.530927
58 0.774826 0.570360 0.042904 0.042784 0.470325
0 0.765167 0.540791 0.016930 0.030946 0.417006
58 0.874644 0.537634 0.016011 0.023704 0.411920
58 0.704662 0.566017 0.025888 0.047259 0.389416
9 0.798864 0.398742 0.016120 0.043701 0.384728
0 0.720516 0.548917 0.017616 0.051391 0.307133
58 0.930350 0.543925 0.028486 0.036643 0.265663
