58 0.851384 0.560848 0.045394 0.081489 0.518977
58 0.899726 0.597033 0.080768 0.088968 0.469709
0 0.874443 0.524306 0.020808 0.055687 0.466847
13 0.978501 0.558547 0.043185 0.032120 0.419873
58 0.979513 0.551551 0.042863 0.046681 0.416227
58 0.899136 0.579857 0.080429 0.123652 0.374705
13 0.139492 0.539742 0.089196 0.033136 0.337157
58 0.857100 0.549686 0.056762 0.105609 0.295129
13 0.110884 0.543645 0.031199 0.026740 0.259111
13 0.957530 0.550287 0.085422 0.049604 0.254824
58 0.983131 0.549910 0.031728 0.049059 0.252678
