0 0.865480 0.635926 0.085045 0.260896 0.935476
58 0.944436 0.636624 0.092723 0.107756 0.777741
2 0.665409 0.520412 0.055202 0.028450 0.749622
58 0.817427 0.588008 0.042332 0.062892 0.603022
58 0.934276 0.561908 0.044044 0.036701 0.564901
58 0.934101 0.562179 0.043981 0.035998 0.486671
58 0.982727 0.554255 0.034814 0.038726 0.474849
26 0.873241 0.559605 0.026915 0.039496 0.381703
7 0.665438 0.520090 0.055144 0.028953 0.297364
58 0.981356 0.522102 0.037589 0.100945 0.278770
58 0.902620 0.521267 0.015533 0.016666 0.256221
