58 0.890906 0.598027 0.075969 0.078586 0.512061
13 0.973810 0.557855 0.042261 0.031399 0.464061
58 0.849146 0.566214 0.052555 0.068623 0.424222
58 0.876891 0.572449 0.108713 0.126309 0.380168
58 0.974874 0.551878 0.043428 0.044185 0.377686
0 0.869777 0.521018 0.017395 0.051649 0.352421
58 0.911904 0.544045 0.035173 0.058952 0.305909
58 0.857452 0.561269 0.069385 0.079107 0.305223
58 0.909202 0.557323 0.042980 0.034551 0.298518
58 0.842220 0.575234 0.038524 0.050663 0.288106
58 0.891327 0.575115 0.077655 0.123298 0.274993
58 0.910212 0.531131 0.023248 0.033667 0.272761
58 0.904504 0.543983 0.051972 0.059955 0.267301
