2 0.943209 0.541224 0.042529 0.039643 0.903210
9 0.978618 0.470954 0.010197 0.025683 0.564403
2 0.931804 0.498318 0.023076 0.010984 0.534288
13 0.323474 0.545090 0.042659 0.023126 0.488462
9 0.884525 0.460292 0.012531 0.026900 0.414283
2 0.826762 0.509254 0.017380 0.023257 0.387943
13 0.471180 0.528956 0.024786 0.030284 0.375474
2 0.901444 0.498131 0.024230 0.011075 0.367829
9 0.993499 0.448367 0.012384 0.020478 0.326004
13 0.470455 0.531311 0.018556 0.027403 0.277554
13 0.311060 0.543377 0.070378 0.028989 0.257117
2 0.430704 0.529512 0.033233 0.037168 0.255870
