2 0.502219 0.532005 0.032280 0.032968 0.862739
2 0.446997 0.491197 0.020359 0.011801 0.537527
2 0.416936 0.492360 0.023922 0.012185 0.480586
13 0.871545 0.322947 0.255657 0.171709 0.426880
13 0.707396 0.363304 0.132213 0.078383 0.419065
13 0.701143 0.209127 0.121229 0.103209 0.401691
13 0.697513 0.307950 0.113417 0.091664 0.327658
13 0.819885 0.179280 0.360355 0.354235 0.324340
13 0.694392 0.321837 0.107414 0.067186 0.319571
13 0.709112 0.424978 0.134597 0.065674 0.310340
13 0.699040 0.266069 0.116709 0.084028 0.290284
13 0.819980 0.206175 0.361544 0.406165 0.282797
13 0.820718 0.322399 0.358944 0.173540 0.276951
13 0.820065 0.157968 0.359256 0.312484 0.267037
13 0.724206 0.253694 0.165223 0.114002 0.259094
