2 0.501006 0.533280 0.032745 0.035701 0.822430
13 0.729869 0.245168 0.155614 0.098201 0.541319
13 0.892490 0.178517 0.215424 0.249192 0.523605
2 0.444902 0.490694 0.018705 0.011354 0.521765
13 0.892164 0.303705 0.214812 0.188614 0.494189
2 0.347298 0.491482 0.024928 0.012237 0.483897
13 0.723867 0.180049 0.144029 0.121351 0.456080
13 0.826067 0.216110 0.348556 0.363770 0.443808
13 0.734286 0.348955 0.164079 0.092945 0.443242
2 0.413411 0.492184 0.025051 0.012796 0.415825
13 0.740336 0.416337 0.175851 0.069982 0.410062
13 0.890348 0.105992 0.213332 0.209539 0.408721
13 0.719412 0.302867 0.133843 0.080614 0.405118
13 0.826394 0.179345 0.348249 0.333173 0.381728
2 0.377881 0.491919 0.018008 0.012869 0.381618
13 0.825856 0.304132 0.347715 0.198643 0.371980
2 0.509543 0.490864 0.019822 0.012065 0.367871
13 0.720506 0.115562 0.138036 0.147652 0.365098
13 0.719827 0.200728 0.135199 0.084407 0.352508
13 0.721799 0.302239 0.138275 0.082949 0.351361
13 0.892047 0.429452 0.214645 0.096153 0.339279
13 0.719818 0.365710 0.135344 0.067192 0.337584
13 0.825062 0.149319 0.345881 0.287294 0.328455
2 0.476525 0.490589 0.017814 0.012327 0.321041
13 0.764636 0.316320 0.223302 0.160836 0.304048
13 0.825626 0.149093 0.346704 0.289257 0.297130
13 0.824171 0.228305 0.339482 0.239649 0.283559
13 0.740674 0.319467 0.173476 0.058717 0.282884
13 0.729902 0.241957 0.153423 0.099292 0.274070
13 0.730091 0.245536 0.153792 0.097478 0.262397
13 0.814492 0.120082 0.324098 0.237788 0.258203
13 0.727191 0.175327 0.148441 0.129469 0.252256
2 0.543990 0.491987 0.018879 0.013256 0.250895
