2 0.502770 0.532013 0.031900 0.034362 0.866166
2 0.448004 0.491113 0.020283 0.011239 0.519537
2 0.418061 0.491962 0.022678 0.011873 0.513842
13 0.867823 0.332540 0.262433 0.157652 0.459388
13 0.701089 0.367102 0.124544 0.074327 0.369896
13 0.696358 0.217910 0.114387 0.101181 0.352344
13 0.700480 0.275425 0.122346 0.074493 0.348923
2 0.509900 0.491573 0.019335 0.011610 0.340019
13 0.689708 0.325224 0.101041 0.065430 0.335276
13 0.705999 0.365386 0.134184 0.077313 0.324127
13 0.819127 0.330966 0.361082 0.157618 0.314754
13 0.867748 0.356524 0.261641 0.110869 0.312401
13 0.703428 0.424093 0.127519 0.058748 0.284808
