2 0.501295 0.532206 0.033070 0.036351 0.851834
13 0.823754 0.177722 0.353036 0.344953 0.454041
13 0.883079 0.302396 0.233657 0.197603 0.427559
13 0.821961 0.156684 0.350502 0.293596 0.424435
2 0.349174 0.490611 0.021366 0.010720 0.422481
13 0.883199 0.212474 0.231662 0.204883 0.416249
13 0.824893 0.215643 0.351418 0.270542 0.393814
13 0.822445 0.150130 0.350122 0.293904 0.393560
13 0.722964 0.354118 0.149742 0.086159 0.393407
2 0.380163 0.490818 0.017835 0.012818 0.392440
13 0.824697 0.215245 0.353380 0.380337 0.388961
2 0.414608 0.491453 0.023894 0.012259 0.387181
13 0.884014 0.172378 0.232979 0.281026 0.382258
13 0.824130 0.298273 0.352595 0.212137 0.354609
13 0.716022 0.187535 0.137544 0.121184 0.354393
13 0.723065 0.415411 0.151179 0.063510 0.336554
13 0.824323 0.266677 0.352062 0.272170 0.331455
13 0.723632 0.253418 0.151360 0.094418 0.317824
13 0.719373 0.254373 0.143182 0.090019 0.314511
13 0.883167 0.285076 0.233258 0.230581 0.313661
13 0.709406 0.310810 0.122867 0.074555 0.311174
13 0.881379 0.113622 0.230393 0.222374 0.302515
13 0.712421 0.196427 0.130206 0.108349 0.299015
13 0.709052 0.132390 0.124647 0.136549 0.280695
13 0.883284 0.263879 0.232943 0.273002 0.279236
13 0.822814 0.126248 0.350823 0.252855 0.272732
13 0.824068 0.286384 0.350732 0.218878 0.262708
