2 0.501517 0.532584 0.032193 0.035517 0.840092
13 0.824623 0.214277 0.352125 0.380115 0.489521
13 0.824539 0.202679 0.351715 0.396780 0.459531
13 0.884719 0.303229 0.230200 0.194670 0.455638
13 0.819801 0.153563 0.344691 0.291632 0.450997
13 0.885414 0.172634 0.229187 0.276104 0.419121
13 0.824570 0.191258 0.351112 0.319193 0.409992
2 0.348967 0.490582 0.023373 0.011070 0.403349
13 0.822698 0.151034 0.348495 0.294226 0.388285
13 0.885398 0.198773 0.227726 0.227417 0.386964
13 0.824279 0.301140 0.351556 0.207179 0.381233
2 0.379715 0.491008 0.018090 0.012659 0.364614
13 0.824332 0.259616 0.350473 0.285031 0.361758
13 0.723605 0.353677 0.149441 0.087523 0.359194
2 0.414385 0.491215 0.023659 0.012163 0.355824
13 0.723375 0.414810 0.149831 0.064688 0.336067
2 0.509699 0.490440 0.019038 0.011830 0.321310
13 0.824088 0.285433 0.350720 0.225272 0.320544
13 0.710776 0.310008 0.123275 0.075341 0.312424
13 0.710689 0.374179 0.122995 0.059800 0.290059
13 0.885269 0.245703 0.230214 0.310072 0.279570
13 0.882734 0.114508 0.224190 0.224277 0.268665
13 0.721829 0.252097 0.145663 0.092469 0.267559
13 0.713112 0.250464 0.128636 0.092748 0.264719
13 0.885691 0.158515 0.229503 0.308406 0.262706
2 0.786983 0.535966 0.016978 0.040403 0.261551
