2 0.501484 0.533719 0.032544 0.034796 0.838334
13 0.890245 0.304692 0.218833 0.192963 0.559287
2 0.444939 0.490555 0.018597 0.011233 0.521332
13 0.890604 0.203915 0.216682 0.203850 0.465552
13 0.826150 0.220523 0.346367 0.256291 0.463534
13 0.727558 0.245996 0.152201 0.098353 0.462452
13 0.730904 0.350049 0.158495 0.092248 0.459931
13 0.888647 0.107742 0.217057 0.211792 0.454828
13 0.890565 0.174738 0.218479 0.261755 0.444060
2 0.347794 0.491689 0.025649 0.012706 0.439077
13 0.722644 0.181464 0.142737 0.122601 0.436503
2 0.413456 0.491617 0.023911 0.012542 0.429232
13 0.826115 0.214911 0.348749 0.372524 0.427313
13 0.717674 0.304911 0.131239 0.080605 0.418909
13 0.731847 0.413435 0.161263 0.069500 0.414953
13 0.825526 0.307710 0.347781 0.197160 0.408843
13 0.890151 0.429994 0.218552 0.095635 0.396406
13 0.825937 0.322698 0.349434 0.230451 0.380075
13 0.825556 0.171813 0.348367 0.337591 0.372319
13 0.825965 0.204246 0.347965 0.390439 0.353851
2 0.378472 0.492101 0.017986 0.013151 0.349274
13 0.718552 0.118738 0.136424 0.145270 0.341901
13 0.821821 0.122763 0.343196 0.244006 0.338129
2 0.509553 0.491634 0.019555 0.011612 0.325105
13 0.826425 0.186110 0.346491 0.226904 0.323759
13 0.717887 0.203071 0.132010 0.082953 0.306538
13 0.891268 0.353828 0.216070 0.124741 0.303273
13 0.718316 0.367065 0.132977 0.066411 0.302675
13 0.720413 0.224339 0.137446 0.124259 0.265224
13 0.826016 0.283999 0.347459 0.234609 0.265113
13 0.726434 0.166473 0.149811 0.148468 0.251439
