2 0.503866 0.531622 0.031763 0.033842 0.872875
14 0.168219 0.154098 0.253322 0.067893 0.607920
2 0.450481 0.491225 0.017998 0.012096 0.593130
2 0.420876 0.492112 0.021002 0.011948 0.540709
2 0.387983 0.491682 0.016774 0.012472 0.458695
8 0.682604 0.199612 0.099029 0.153331 0.328509
8 0.859202 0.351628 0.278407 0.135606 0.295006
8 0.816585 0.182678 0.365819 0.358981 0.293627
13 0.693999 0.377497 0.119959 0.078091 0.279003
14 0.351636 0.336471 0.117478 0.026934 0.264303
14 0.167918 0.207856 0.254867 0.177783 0.262205
13 0.858941 0.372216 0.277191 0.097589 0.252063
