2 0.501326 0.532456 0.032210 0.033962 0.837452
13 0.759662 0.300727 0.199856 0.074609 0.537528
13 0.750093 0.225762 0.181789 0.111934 0.484367
13 0.905037 0.297830 0.189486 0.176428 0.482544
13 0.829753 0.179911 0.342036 0.320710 0.441922
13 0.904749 0.159737 0.190200 0.252068 0.435073
2 0.344728 0.491370 0.024898 0.012938 0.429305
2 0.443294 0.491517 0.018743 0.013648 0.424138
2 0.508379 0.489549 0.019815 0.013165 0.423349
13 0.752953 0.406477 0.187363 0.073785 0.422032
13 0.761847 0.290128 0.202967 0.089966 0.420995
13 0.829611 0.303492 0.341189 0.191598 0.411591
13 0.736019 0.355532 0.153533 0.073567 0.408933
13 0.737632 0.163816 0.157043 0.131401 0.355530
13 0.829835 0.322615 0.342412 0.230451 0.354506
2 0.475724 0.491380 0.018771 0.014368 0.349856
13 0.905020 0.428681 0.189822 0.088294 0.349285
2 0.372830 0.492923 0.017391 0.013456 0.318505
13 0.755923 0.266262 0.193591 0.130185 0.315015
13 0.757312 0.293921 0.193995 0.082471 0.312383
2 0.410804 0.494263 0.027767 0.016776 0.308657
13 0.811197 0.114463 0.304590 0.226973 0.296718
13 0.745971 0.120799 0.172649 0.119020 0.294723
13 0.736584 0.247544 0.153409 0.073010 0.292507
13 0.745893 0.145373 0.173535 0.165128 0.288467
13 0.750688 0.224450 0.180927 0.113292 0.278963
13 0.761090 0.303341 0.201001 0.073377 0.277952
13 0.828844 0.145627 0.338876 0.274808 0.274677
13 0.829274 0.180692 0.341173 0.307788 0.273507
13 0.884253 0.091715 0.149080 0.181129 0.271488
13 0.828425 0.253201 0.335504 0.184569 0.269455
56 0.736849 0.095685 0.156955 0.162069 0.262651
13 0.904299 0.092677 0.189177 0.182924 0.256684
13 0.829175 0.266478 0.336326 0.148253 0.250189
