2 0.501329 0.607928 0.113445 0.132002 0.929296
2 0.827100 0.542671 0.131115 0.064013 0.919418
9 0.758571 0.316060 0.014740 0.038591 0.776498
9 0.724238 0.336647 0.011839 0.032655 0.761055
0 0.543301 0.537615 0.015012 0.058083 0.753422
9 0.379664 0.383186 0.009153 0.024352 0.696309
9 0.086329 0.224154 0.020057 0.061506 0.637651
9 0.694183 0.352987 0.010972 0.030110 0.603321
0 0.662775 0.529066 0.015551 0.045906 0.441659
0 0.477229 0.570349 0.019930 0.020987 0.328118
2 0.749310 0.531124 0.049728 0.040527 0.316741
2 0.657791 0.524403 0.033779 0.035145 0.304042
2 0.658290 0.528606 0.032640 0.043546 0.253583
