2 0.500550 0.575570 0.080626 0.094489 0.927196
0 0.563581 0.544911 0.025467 0.077900 0.830556
2 0.775123 0.537944 0.109676 0.048299 0.745000
9 0.191837 0.294012 0.013589 0.046646 0.666577
9 0.062875 0.296364 0.014762 0.042978 0.572887
9 0.709832 0.350847 0.010492 0.031078 0.549443
9 0.686846 0.364825 0.008615 0.029646 0.433398
2 0.739182 0.537337 0.039931 0.042678 0.290850
1 0.563846 0.563428 0.025932 0.040909 0.270087
2 0.641748 0.522716 0.032779 0.035880 0.269903
7 0.774826 0.537466 0.111041 0.049498 0.252392
