2 0.499910 0.559421 0.061987 0.070602 0.910084
9 0.146797 0.334839 0.010128 0.035332 0.676013
9 0.058583 0.335823 0.011389 0.033757 0.663210
9 0.251037 0.333387 0.012663 0.040069 0.641730
9 0.025595 0.393499 0.008605 0.024471 0.583370
2 0.744745 0.535138 0.084782 0.049691 0.569484
0 0.569250 0.531972 0.015188 0.056275 0.537681
9 0.679519 0.373186 0.008733 0.028181 0.494670
3 0.570110 0.549385 0.019987 0.040635 0.356634
0 0.569882 0.519404 0.011005 0.030363 0.351531
9 0.073244 0.216607 0.026751 0.050887 0.320195
