2 0.500577 0.588508 0.093442 0.106045 0.917068
2 0.795758 0.539228 0.118818 0.055778 0.833365
0 0.555260 0.550260 0.026324 0.086300 0.832398
9 0.149958 0.265974 0.017364 0.054661 0.721801
9 0.730484 0.337228 0.012169 0.033144 0.711196
9 0.702421 0.351886 0.009774 0.032680 0.693068
2 0.647200 0.523528 0.038060 0.037109 0.474419
2 0.760563 0.538154 0.054929 0.049180 0.410241
9 0.676114 0.365301 0.008110 0.026428 0.405126
9 0.007154 0.267879 0.013915 0.052287 0.333336
2 0.749295 0.512713 0.073453 0.055538 0.277089
