2 0.500057 0.569269 0.072776 0.084391 0.921946
3 0.564228 0.558472 0.019424 0.037092 0.596674
9 0.216269 0.310031 0.011893 0.042663 0.569741
0 0.564528 0.538763 0.017411 0.068208 0.511067
9 0.097346 0.311603 0.012789 0.040584 0.494869
0 0.566346 0.524890 0.011553 0.040147 0.492644
9 0.698792 0.359841 0.009614 0.029294 0.491732
9 0.019709 0.391921 0.010589 0.024490 0.376129
9 0.877019 0.017438 0.047492 0.035258 0.345716
2 0.724860 0.537185 0.032618 0.036008 0.291505
2 0.760871 0.534771 0.105065 0.050798 0.278238
2 0.724216 0.526011 0.034202 0.056237 0.278196
