2 0.501166 0.533428 0.032861 0.034580 0.841098
13 0.914816 0.293113 0.169559 0.172899 0.482263
13 0.914451 0.153399 0.170706 0.235631 0.455097
13 0.832175 0.323074 0.337145 0.235509 0.431914
13 0.831887 0.297878 0.335788 0.188405 0.430473
13 0.762047 0.219143 0.196085 0.116686 0.425274
13 0.832145 0.182659 0.336384 0.299718 0.421338
13 0.766554 0.402299 0.203265 0.075771 0.420854
13 0.769412 0.289912 0.209839 0.085506 0.395038
13 0.814482 0.266518 0.299622 0.136232 0.385849
13 0.914773 0.427714 0.169881 0.093342 0.370527
2 0.508804 0.489780 0.020306 0.012883 0.362378
2 0.442055 0.490922 0.018156 0.012171 0.349365
13 0.748603 0.350496 0.168963 0.074712 0.341587
2 0.410582 0.492925 0.026545 0.015081 0.338732
13 0.829707 0.140002 0.333834 0.272407 0.324526
13 0.764838 0.307841 0.198793 0.060084 0.323212
13 0.832482 0.150765 0.336498 0.264203 0.318371
2 0.342548 0.490342 0.023802 0.013559 0.318230
13 0.749610 0.150210 0.172361 0.136319 0.312432
13 0.758500 0.102064 0.189918 0.131009 0.289729
13 0.895568 0.081465 0.132332 0.161264 0.275973
13 0.831840 0.367221 0.333676 0.146556 0.272570
0 0.579903 0.519037 0.013101 0.036379 0.266067
13 0.761775 0.171408 0.195158 0.100087 0.264923
13 0.751474 0.117899 0.174596 0.105751 0.263894
0 0.853016 0.538149 0.016557 0.059069 0.259601
