2 0.500917 0.533785 0.034838 0.034365 0.857017
56 0.914603 0.546116 0.030598 0.062806 0.449012
56 0.891284 0.545510 0.023297 0.060799 0.371514
0 0.584503 0.520204 0.011593 0.029994 0.346320
13 0.786817 0.332205 0.220522 0.093086 0.336952
13 0.838491 0.174133 0.323876 0.290316 0.285111
56 0.904863 0.546341 0.049334 0.062889 0.283738
13 0.785381 0.210140 0.217253 0.097428 0.277686
13 0.821757 0.264389 0.289113 0.109892 0.270478
13 0.803812 0.136960 0.252807 0.124944 0.269790
13 0.837984 0.134163 0.323725 0.251853 0.251723
