2 0.501160 0.532682 0.033006 0.032771 0.838951
13 0.831426 0.299542 0.336550 0.187777 0.509589
13 0.912287 0.295179 0.174814 0.174120 0.506721
13 0.763563 0.403480 0.199251 0.074416 0.453364
13 0.912025 0.155117 0.175576 0.239845 0.445917
13 0.831691 0.324359 0.337622 0.235570 0.444354
13 0.831409 0.183382 0.338312 0.302389 0.443312
2 0.343097 0.489935 0.023117 0.012124 0.426655
13 0.773003 0.292749 0.219414 0.081258 0.420851
13 0.756467 0.224935 0.188162 0.107601 0.404650
13 0.744749 0.351872 0.163418 0.071475 0.385506
13 0.912180 0.427185 0.175125 0.093210 0.372392
2 0.442274 0.492032 0.018869 0.012293 0.371938
13 0.808695 0.266179 0.289477 0.138748 0.361879
2 0.509108 0.490388 0.021626 0.013134 0.338726
2 0.410652 0.493072 0.027771 0.014896 0.325494
2 0.410903 0.497760 0.031110 0.022985 0.318243
13 0.768777 0.288583 0.211458 0.087411 0.316893
13 0.824508 0.138351 0.326812 0.271179 0.313947
13 0.831698 0.153990 0.337302 0.255957 0.304457
13 0.765415 0.300562 0.202692 0.071255 0.290636
2 0.370702 0.492349 0.017688 0.012593 0.279500
13 0.745982 0.153335 0.167758 0.139843 0.278846
2 0.474928 0.491752 0.019214 0.013520 0.275972
13 0.831236 0.247734 0.333101 0.172752 0.270880
13 0.754970 0.137313 0.185743 0.165966 0.267580
13 0.890616 0.084566 0.131903 0.167230 0.264551
13 0.758166 0.224109 0.189966 0.109979 0.261753
13 0.831594 0.233657 0.339551 0.428048 0.256332
0 0.579379 0.519507 0.012656 0.034866 0.252792
13 0.770693 0.300255 0.212481 0.073338 0.250905
