2 0.501191 0.532733 0.033222 0.034570 0.843072
13 0.755552 0.298599 0.189370 0.074215 0.503445
13 0.907277 0.296449 0.184907 0.172291 0.487012
13 0.907039 0.157601 0.186064 0.245814 0.482318
13 0.830352 0.181084 0.340699 0.309642 0.473666
13 0.830430 0.302823 0.339618 0.188147 0.467376
13 0.830380 0.322479 0.340204 0.228551 0.462070
13 0.907367 0.428742 0.185723 0.090762 0.457728
13 0.753216 0.225195 0.185646 0.111249 0.448011
2 0.443116 0.491085 0.018367 0.012521 0.437320
13 0.754269 0.405625 0.186764 0.074731 0.433876
2 0.344185 0.491145 0.024326 0.014146 0.414686
13 0.739345 0.354320 0.157443 0.074827 0.411017
13 0.828414 0.147660 0.336403 0.265220 0.406452
2 0.508886 0.489634 0.021391 0.013759 0.396420
13 0.763564 0.287613 0.203578 0.090583 0.362762
13 0.756178 0.285268 0.190055 0.091273 0.349465
2 0.410926 0.494606 0.028013 0.016765 0.345157
13 0.812995 0.112548 0.305932 0.223661 0.339175
2 0.474895 0.491674 0.019213 0.013751 0.327747
13 0.738410 0.362867 0.155042 0.062637 0.301649
56 0.740227 0.092886 0.160475 0.160171 0.297270
13 0.830813 0.211877 0.340740 0.361965 0.295931
13 0.828135 0.253324 0.333454 0.170807 0.295176
13 0.739704 0.162441 0.158791 0.130266 0.284193
2 0.373018 0.494911 0.016881 0.015534 0.281436
13 0.906679 0.089424 0.183633 0.175802 0.279907
13 0.748829 0.115902 0.175180 0.119141 0.274390
13 0.891226 0.088587 0.153023 0.174588 0.272179
13 0.753474 0.223629 0.184422 0.111987 0.267078
13 0.808185 0.144597 0.290243 0.194205 0.264899
2 0.543701 0.491807 0.019184 0.014420 0.262632
13 0.827602 0.268191 0.330408 0.143073 0.254246
