2 0.500937 0.584177 0.088385 0.101211 0.876340
2 0.789939 0.537104 0.115993 0.056440 0.856949
0 0.556258 0.544790 0.020827 0.078475 0.767646
9 0.723631 0.341508 0.011392 0.032770 0.662431
9 0.022443 0.276529 0.016831 0.049753 0.597868
9 0.697631 0.356886 0.009637 0.031466 0.579779
3 0.555603 0.567031 0.022834 0.042908 0.459798
9 0.162711 0.273765 0.015881 0.051569 0.456400
2 0.645387 0.523157 0.037142 0.036901 0.362561
7 0.500894 0.584355 0.088021 0.101799 0.325310
2 0.743789 0.516634 0.069273 0.055643 0.287448
2 0.755165 0.538222 0.049585 0.047861 0.270699
3 0.556061 0.558621 0.022389 0.058689 0.253181
