2 0.500727 0.532245 0.033906 0.032266 0.849946
0 0.583148 0.520211 0.012023 0.035143 0.443019
13 0.835490 0.293765 0.325728 0.175900 0.377429
13 0.771113 0.338190 0.198807 0.085969 0.373797
13 0.804189 0.273452 0.264448 0.101474 0.357345
13 0.786796 0.322958 0.229302 0.113189 0.340983
13 0.808216 0.301355 0.271317 0.161191 0.339500
13 0.788111 0.399303 0.230846 0.091277 0.316796
13 0.932206 0.290545 0.134526 0.160498 0.316089
13 0.834697 0.250145 0.323858 0.151985 0.304005
13 0.785511 0.150088 0.227592 0.111779 0.301105
13 0.836043 0.168083 0.329427 0.314093 0.299144
13 0.835950 0.328587 0.327486 0.240561 0.280848
13 0.835606 0.134880 0.328148 0.262800 0.280181
13 0.836319 0.197796 0.330016 0.372390 0.279825
0 0.887167 0.541622 0.024031 0.063048 0.276438
56 0.774557 0.080200 0.205682 0.145971 0.274339
13 0.772733 0.211472 0.201454 0.107974 0.273847
0 0.867637 0.541440 0.020121 0.058289 0.268485
13 0.836733 0.211425 0.327116 0.223353 0.263900
13 0.787426 0.395423 0.230432 0.086111 0.261480
13 0.783764 0.196706 0.223087 0.127088 0.260230
2 0.441757 0.491267 0.018544 0.012664 0.254457
13 0.808398 0.271944 0.271133 0.108369 0.254071
2 0.408977 0.492989 0.025846 0.014865 0.253075
