2 0.499906 0.564613 0.068255 0.078749 0.929592
0 0.565316 0.536859 0.015962 0.063824 0.728437
9 0.228945 0.318147 0.011970 0.042444 0.714935
9 0.115555 0.319920 0.011847 0.038448 0.693976
9 0.019265 0.321530 0.012925 0.037305 0.633102
2 0.755408 0.535292 0.097491 0.047180 0.568809
9 0.690286 0.364822 0.009750 0.027853 0.559196
9 0.672144 0.374515 0.008928 0.026752 0.372138
7 0.754737 0.534969 0.099075 0.047954 0.356989
2 0.774496 0.535276 0.058887 0.043421 0.301439
0 0.627959 0.523978 0.010241 0.036427 0.252866
