2 0.500058 0.567579 0.070841 0.083045 0.927510
9 0.103741 0.314502 0.012627 0.039607 0.619515
9 0.696052 0.361877 0.011040 0.030129 0.615057
2 0.758735 0.530518 0.101159 0.060816 0.608107
0 0.566360 0.525117 0.011876 0.040400 0.550790
9 0.023286 0.392425 0.010669 0.023964 0.505918
9 0.220078 0.312507 0.012514 0.043497 0.493598
0 0.564604 0.539357 0.016386 0.069394 0.476093
9 0.005879 0.315022 0.011306 0.038577 0.397563
7 0.758340 0.527209 0.102269 0.067521 0.332329
2 0.722463 0.533137 0.029612 0.044408 0.318769
10 0.562935 0.556800 0.016285 0.037280 0.262115
