2 0.501071 0.532298 0.034369 0.033510 0.847541
13 0.833354 0.297384 0.333015 0.180994 0.495635
13 0.920072 0.147873 0.159592 0.225507 0.490025
13 0.920468 0.292037 0.158480 0.164847 0.473573
13 0.774572 0.401228 0.215041 0.080246 0.473476
13 0.920853 0.427975 0.158829 0.090035 0.455677
13 0.784326 0.284102 0.235302 0.089089 0.438994
13 0.833401 0.324494 0.335641 0.233906 0.432248
13 0.755564 0.344925 0.178981 0.076817 0.425922
13 0.834067 0.361312 0.332528 0.164765 0.403330
13 0.831221 0.150268 0.330667 0.243392 0.398294
13 0.827231 0.255024 0.320734 0.150206 0.384008
2 0.442114 0.491078 0.019076 0.012928 0.362705
13 0.761831 0.219152 0.191108 0.107571 0.361147
2 0.410471 0.494300 0.028454 0.017573 0.357832
2 0.509038 0.489657 0.021953 0.013398 0.355981
13 0.833639 0.193999 0.332914 0.274622 0.353795
13 0.759134 0.163862 0.186246 0.103887 0.349701
13 0.832914 0.209869 0.336118 0.350343 0.345091
13 0.833428 0.157443 0.333151 0.241801 0.342366
0 0.580711 0.519940 0.012440 0.036195 0.326187
13 0.770770 0.328968 0.208067 0.103776 0.322024
2 0.342174 0.490001 0.023577 0.012538 0.319666
13 0.756113 0.343078 0.179210 0.078567 0.302331
13 0.773298 0.399774 0.210067 0.078867 0.298384
2 0.655438 0.516352 0.050057 0.043471 0.298021
13 0.769949 0.180358 0.205039 0.085795 0.292316
13 0.920980 0.319600 0.156119 0.115494 0.271753
13 0.756156 0.112077 0.178134 0.102373 0.269687
2 0.655338 0.523731 0.048257 0.028700 0.262725
2 0.544972 0.491267 0.020638 0.013038 0.261404
2 0.473652 0.491972 0.019477 0.012772 0.260969
13 0.914132 0.075985 0.148219 0.150737 0.260700
