2 0.501964 0.816875 0.513761 0.360800 0.956940
0 0.201995 0.601749 0.078065 0.173189 0.936095
2 0.941911 0.559978 0.115848 0.093786 0.916045
9 0.933434 0.189935 0.026275 0.067936 0.863163
9 0.785636 0.279448 0.017953 0.046111 0.835465
9 0.851994 0.239007 0.020241 0.056256 0.823700
9 0.520773 0.340235 0.008143 0.032794 0.815121
9 0.437114 0.340757 0.008561 0.032483 0.805251
9 0.338769 0.340610 0.009120 0.032780 0.801735
2 0.697061 0.527911 0.057513 0.053879 0.566702
2 0.810223 0.529246 0.057544 0.037819 0.382601
2 0.406834 0.567517 0.116726 0.064304 0.373830
26 0.197537 0.622926 0.037346 0.043357 0.353329
0 0.424502 0.822831 0.117328 0.160785 0.307053
2 0.500926 0.572606 0.107507 0.094746 0.279169
0 0.578955 0.823178 0.118848 0.157853 0.274256
2 0.822201 0.528926 0.033124 0.033090 0.255854
