2 0.500746 0.807599 0.407422 0.381024 0.956267
0 0.302021 0.598643 0.073738 0.160751 0.930952
2 0.934098 0.561429 0.131566 0.088034 0.921504
9 0.907615 0.212752 0.024401 0.062658 0.843636
9 0.772959 0.293397 0.017861 0.044309 0.831029
9 0.834758 0.257347 0.020148 0.050549 0.830671
9 0.520366 0.350039 0.008367 0.031965 0.808133
9 0.438818 0.350546 0.007950 0.030872 0.801071
9 0.343777 0.351078 0.009385 0.031157 0.772681
2 0.693559 0.534176 0.058465 0.054553 0.650006
0 0.563279 0.746240 0.091451 0.100766 0.316970
