2 0.498419 0.624393 0.144873 0.171769 0.938365
2 0.856388 0.537762 0.145462 0.068940 0.917630
9 0.788719 0.285149 0.016730 0.043808 0.814714
9 0.747786 0.308190 0.013805 0.037634 0.798176
0 0.520863 0.519614 0.018766 0.040812 0.769180
9 0.710013 0.330098 0.012019 0.031415 0.734964
2 0.667827 0.517343 0.036725 0.041412 0.639050
9 0.369743 0.364155 0.008877 0.027301 0.626748
0 0.471646 0.578835 0.026728 0.030248 0.373338
0 0.530003 0.579583 0.028982 0.033716 0.362565
2 0.766314 0.522129 0.064575 0.042154 0.359219
2 0.752039 0.516429 0.032420 0.030587 0.293330
9 0.007639 0.155859 0.013938 0.078967 0.278382
