2 0.500714 0.617864 0.132312 0.156808 0.935225
2 0.846829 0.539999 0.140846 0.066639 0.908526
9 0.740128 0.319039 0.013556 0.037159 0.801249
9 0.778855 0.298012 0.015727 0.041525 0.775245
9 0.033906 0.185064 0.019868 0.069994 0.620194
0 0.531390 0.528489 0.016974 0.042605 0.617882
9 0.706151 0.337993 0.012296 0.032021 0.614416
2 0.665328 0.523488 0.039042 0.044910 0.538625
2 0.747188 0.523774 0.035988 0.035216 0.403811
0 0.536304 0.545964 0.029133 0.078432 0.358575
2 0.760485 0.527272 0.063674 0.042509 0.338794
0 0.531099 0.577475 0.026155 0.027893 0.321544
0 0.475085 0.577454 0.023140 0.026692 0.306067
