2 0.501261 0.798879 0.346904 0.392623 0.953430
2 0.929364 0.557690 0.141115 0.086711 0.918845
0 0.326325 0.590494 0.040980 0.154904 0.898022
9 0.892207 0.221532 0.022069 0.060789 0.851719
9 0.823864 0.262380 0.019490 0.051300 0.825337
9 0.765421 0.297798 0.015714 0.041238 0.799821
9 0.440248 0.351713 0.007568 0.029587 0.794693
9 0.519622 0.351143 0.008133 0.030632 0.794408
9 0.347663 0.351736 0.008341 0.030770 0.762038
2 0.691028 0.533121 0.053638 0.055371 0.602967
2 0.796634 0.531921 0.050917 0.032845 0.333897
26 0.321225 0.609350 0.030498 0.034636 0.333290
0 0.450227 0.706893 0.074661 0.092538 0.303997
