2 0.498201 0.606812 0.153376 0.185802 0.933747
2 0.864862 0.512343 0.147095 0.071049 0.908702
9 0.796427 0.252394 0.017092 0.046508 0.817474
0 0.502734 0.498404 0.018634 0.039181 0.803514
9 0.753431 0.277583 0.013742 0.039885 0.796150
9 0.713632 0.300537 0.010592 0.033525 0.748754
9 0.365459 0.339686 0.007744 0.027289 0.688749
2 0.667255 0.496116 0.039556 0.048993 0.646997
2 0.758016 0.498970 0.035245 0.044814 0.372013
2 0.772230 0.500027 0.063713 0.047801 0.343461
0 0.466900 0.559748 0.027279 0.031791 0.321816
0 0.529671 0.560105 0.025462 0.031982 0.315360
