2 0.499454 0.669469 0.195525 0.257613 0.944484
2 0.884045 0.553394 0.134486 0.076290 0.890409
9 0.828258 0.269825 0.018792 0.050363 0.839152
0 0.436125 0.565509 0.030430 0.101035 0.826626
9 0.777274 0.299606 0.014574 0.042214 0.802568
9 0.517571 0.367122 0.007936 0.027571 0.795296
9 0.732573 0.325483 0.014430 0.037760 0.773121
2 0.677988 0.532655 0.043164 0.049899 0.678827
2 0.786054 0.536143 0.067701 0.045184 0.393393
2 0.773402 0.531098 0.041463 0.034752 0.342963
0 0.535204 0.623975 0.040003 0.045733 0.270391
