2 0.498867 0.619760 0.148146 0.174431 0.940176
2 0.858939 0.530599 0.145842 0.068837 0.903631
9 0.750028 0.298725 0.012895 0.038088 0.806532
9 0.791753 0.275251 0.017304 0.043923 0.804573
0 0.519287 0.512917 0.019438 0.041947 0.801394
9 0.369071 0.357505 0.008508 0.026245 0.711418
9 0.712703 0.321525 0.010584 0.031495 0.673604
2 0.668790 0.511181 0.036199 0.041962 0.596531
2 0.769103 0.515929 0.064320 0.042636 0.365634
0 0.531127 0.573817 0.027922 0.033856 0.293002
0 0.472093 0.574034 0.024584 0.030651 0.285621
2 0.919211 0.531012 0.025002 0.062546 0.258855
0 0.470087 0.573956 0.027049 0.031080 0.254081
