2 0.499620 0.710889 0.228134 0.273760 0.945748
2 0.907582 0.555112 0.156995 0.080866 0.918806
0 0.400946 0.582475 0.043734 0.129680 0.873102
9 0.846033 0.255737 0.020406 0.053422 0.837490
9 0.790652 0.288673 0.015772 0.044926 0.812730
9 0.518042 0.362992 0.007505 0.028712 0.784710
9 0.443503 0.363210 0.007955 0.028213 0.778798
9 0.742222 0.317432 0.016167 0.040667 0.769894
9 0.357149 0.363915 0.008342 0.028980 0.722318
2 0.683037 0.530512 0.042616 0.046076 0.547576
0 0.540525 0.644638 0.056865 0.058325 0.422696
26 0.413164 0.604023 0.023705 0.034497 0.385844
2 0.779523 0.536678 0.048719 0.046984 0.359906
2 0.796637 0.538606 0.083684 0.050322 0.311181
2 0.501009 0.551526 0.089936 0.042507 0.278790
