2 0.500291 0.742611 0.267851 0.317896 0.951592
2 0.920124 0.555605 0.160180 0.084068 0.921945
0 0.377530 0.582521 0.047687 0.142857 0.873178
9 0.864845 0.241419 0.020453 0.055794 0.832080
9 0.518615 0.357183 0.008237 0.029092 0.800116
9 0.804338 0.277922 0.017197 0.045902 0.799327
9 0.442190 0.357611 0.007794 0.029310 0.791886
9 0.750931 0.309032 0.012899 0.037495 0.776634
9 0.352625 0.358127 0.008230 0.029031 0.755467
2 0.687427 0.530461 0.046396 0.047203 0.559167
2 0.787060 0.535253 0.049894 0.046140 0.393314
0 0.546694 0.665039 0.068438 0.069776 0.363174
0 0.462832 0.661395 0.053618 0.064983 0.309757
26 0.367537 0.602737 0.021637 0.030237 0.290072
