2 0.501629 0.819514 0.511828 0.355923 0.957826
2 0.941051 0.562942 0.117552 0.093669 0.922976
0 0.130100 0.604489 0.047378 0.174227 0.905315
9 0.933127 0.193122 0.025940 0.068480 0.869167
9 0.785394 0.282412 0.017882 0.046134 0.838386
9 0.851715 0.243301 0.020422 0.054649 0.837781
9 0.520721 0.343124 0.008475 0.032974 0.809291
9 0.436950 0.343556 0.009108 0.031587 0.800866
9 0.339125 0.344408 0.010100 0.032545 0.779444
2 0.696002 0.534171 0.059162 0.059612 0.610233
2 0.810444 0.534722 0.058034 0.035502 0.423942
2 0.822168 0.535600 0.034088 0.031818 0.324485
0 0.424394 0.826335 0.118270 0.161092 0.317088
2 0.793905 0.535240 0.025201 0.029486 0.270631
