2 0.501614 0.817097 0.512534 0.361076 0.953835
0 0.196079 0.605133 0.067523 0.172636 0.924318
2 0.941860 0.561608 0.115896 0.093577 0.910111
9 0.933115 0.191998 0.026024 0.068509 0.864455
9 0.785189 0.281177 0.017457 0.045875 0.833257
9 0.851791 0.241966 0.020695 0.054469 0.817046
9 0.437159 0.342588 0.009253 0.032273 0.806535
9 0.520812 0.342435 0.008363 0.032167 0.801484
9 0.339327 0.342676 0.009324 0.033266 0.772052
2 0.695903 0.533197 0.058848 0.060396 0.678277
2 0.810396 0.533297 0.057539 0.036245 0.430193
2 0.822216 0.534143 0.033935 0.033449 0.354324
2 0.465613 0.600218 0.318251 0.140827 0.304414
2 0.452991 0.575715 0.212268 0.095598 0.296233
2 0.794011 0.535079 0.025359 0.028647 0.283686
0 0.424701 0.826408 0.116601 0.158501 0.269088
0 0.578923 0.825212 0.117963 0.159125 0.253928
26 0.180570 0.626765 0.035779 0.043950 0.253522
2 0.508526 0.552372 0.089446 0.052684 0.251631
