2 0.501396 0.819011 0.513019 0.356912 0.956208
0 0.066343 0.604324 0.079368 0.177357 0.938958
2 0.932213 0.561811 0.135269 0.090672 0.914481
9 0.933166 0.192925 0.026132 0.068473 0.870072
9 0.785117 0.282122 0.017300 0.046148 0.833857
9 0.851452 0.243166 0.021123 0.054918 0.832178
9 0.520804 0.343376 0.008805 0.032707 0.806414
9 0.437020 0.343500 0.009853 0.032133 0.800942
9 0.338972 0.344189 0.010360 0.032877 0.783503
2 0.695146 0.535507 0.060123 0.062379 0.664791
2 0.810311 0.536433 0.059517 0.035829 0.396444
0 0.424860 0.825741 0.118610 0.161592 0.367188
2 0.822036 0.536523 0.035874 0.033315 0.363989
2 0.422912 0.597177 0.275281 0.116627 0.294831
2 0.419340 0.574058 0.145024 0.066010 0.273534
2 0.449776 0.578392 0.210851 0.089445 0.258519
24 0.073966 0.560079 0.036443 0.044628 0.252075
