2 0.500418 0.773549 0.303164 0.357014 0.956970
2 0.925170 0.557638 0.149760 0.084463 0.922002
0 0.361911 0.590153 0.070115 0.146573 0.889478
9 0.878359 0.232085 0.021062 0.058453 0.845153
9 0.814440 0.271621 0.018431 0.049173 0.813608
9 0.519187 0.354867 0.008322 0.029033 0.807869
9 0.441285 0.355677 0.007813 0.029093 0.803515
9 0.758592 0.304249 0.015294 0.042080 0.798460
9 0.349641 0.356072 0.008559 0.028775 0.752822
2 0.688248 0.533625 0.052222 0.053420 0.693704
2 0.791857 0.532073 0.048471 0.037618 0.485969
0 0.549262 0.681112 0.068806 0.073521 0.317306
0 0.455391 0.681894 0.062411 0.073340 0.257186
