2 0.499568 0.720862 0.241104 0.285252 0.952370
2 0.914575 0.555033 0.163183 0.081498 0.923424
9 0.852666 0.250427 0.019588 0.054621 0.840898
0 0.395498 0.583323 0.035644 0.133912 0.834775
9 0.795287 0.284814 0.016398 0.045826 0.818702
9 0.518135 0.360729 0.008174 0.028595 0.789492
9 0.442878 0.360947 0.008220 0.028053 0.785539
9 0.745451 0.313955 0.015382 0.039563 0.780179
9 0.355037 0.360923 0.009214 0.029188 0.716341
2 0.685077 0.532654 0.043575 0.050795 0.536122
2 0.501730 0.562171 0.094777 0.041571 0.333414
2 0.803682 0.538561 0.089648 0.048369 0.329403
0 0.539642 0.648610 0.058643 0.056751 0.311884
2 0.782136 0.536969 0.047516 0.045989 0.295048
0 0.467259 0.645052 0.039364 0.051214 0.281712
26 0.392368 0.601870 0.026146 0.033252 0.265884
