2 0.501586 0.810357 0.458882 0.371940 0.953346
2 0.939258 0.559496 0.120982 0.091530 0.920687
0 0.279301 0.598456 0.051499 0.170569 0.906573
9 0.923055 0.197577 0.024959 0.066383 0.862631
9 0.845820 0.245366 0.020341 0.053583 0.839369
9 0.781238 0.283665 0.017921 0.045705 0.824643
9 0.437725 0.343636 0.009590 0.030417 0.802920
9 0.520539 0.343097 0.008343 0.031855 0.799206
9 0.340641 0.344352 0.009488 0.032169 0.790135
2 0.695482 0.529215 0.056888 0.051615 0.557046
26 0.268832 0.623189 0.030172 0.037991 0.415982
2 0.808353 0.532310 0.055863 0.038470 0.274496
2 0.792685 0.534437 0.024644 0.030318 0.272570
