2 0.501169 0.819482 0.512531 0.356126 0.958010
0 0.112441 0.603068 0.075156 0.176661 0.930590
2 0.941157 0.562365 0.117269 0.093057 0.915392
9 0.933008 0.192687 0.026100 0.068979 0.869455
9 0.851632 0.243123 0.020895 0.054681 0.832791
9 0.785289 0.282406 0.018143 0.045721 0.828421
9 0.520745 0.343209 0.008657 0.032816 0.806381
9 0.436618 0.343520 0.009065 0.032462 0.791175
9 0.339074 0.344480 0.010147 0.032637 0.781432
2 0.695881 0.533444 0.059337 0.057151 0.507443
26 0.108057 0.621448 0.042614 0.046797 0.421901
2 0.810190 0.535680 0.058812 0.039139 0.342763
0 0.425290 0.825857 0.116431 0.161948 0.287633
2 0.821919 0.535691 0.034583 0.035517 0.272926
