2 0.499810 0.749360 0.274579 0.325233 0.955170
2 0.921465 0.557623 0.157098 0.085607 0.920445
0 0.371449 0.584135 0.064660 0.141870 0.869341
9 0.867672 0.239848 0.020708 0.056591 0.840733
9 0.807617 0.276988 0.019243 0.047991 0.805432
9 0.518781 0.357447 0.008289 0.029216 0.795964
9 0.752947 0.308160 0.015539 0.039872 0.789535
9 0.441965 0.357964 0.007976 0.029247 0.789185
9 0.351892 0.358026 0.008162 0.028848 0.702052
2 0.687054 0.532186 0.049063 0.050389 0.641218
2 0.788283 0.538733 0.054563 0.049121 0.389812
9 0.031285 0.162630 0.023017 0.024411 0.333194
0 0.547680 0.667254 0.067162 0.068061 0.268434
2 0.809510 0.539985 0.099543 0.052625 0.253053
