2 0.501305 0.818201 0.512366 0.358037 0.952109
0 0.155444 0.603461 0.080323 0.175804 0.928939
2 0.941372 0.562526 0.116946 0.093041 0.913384
9 0.932902 0.192644 0.025631 0.068533 0.861369
9 0.785316 0.282348 0.017978 0.046625 0.833092
9 0.851566 0.243153 0.020654 0.054499 0.828824
9 0.520698 0.343125 0.008429 0.032886 0.809113
9 0.436881 0.343277 0.008828 0.031633 0.803268
9 0.338845 0.343995 0.009831 0.032962 0.791370
2 0.697738 0.533448 0.057503 0.057465 0.547772
2 0.810674 0.534177 0.057770 0.036858 0.312879
0 0.424280 0.828977 0.119967 0.157603 0.300307
