2 0.498222 0.607437 0.152783 0.183966 0.936175
2 0.864517 0.513923 0.147202 0.071039 0.915510
0 0.509418 0.498832 0.020043 0.040427 0.823481
9 0.753667 0.279217 0.015018 0.041054 0.816291
9 0.796544 0.254426 0.018204 0.046325 0.812879
9 0.713949 0.302350 0.011888 0.034244 0.769349
9 0.365887 0.340259 0.008401 0.027249 0.691404
2 0.667581 0.494654 0.041361 0.043659 0.657044
2 0.757590 0.497765 0.035818 0.038880 0.369887
2 0.770798 0.499547 0.063652 0.043024 0.319896
0 0.530281 0.560711 0.025373 0.032710 0.318944
0 0.467759 0.560579 0.027586 0.032045 0.314679
