2 0.501506 0.819093 0.514471 0.356836 0.956919
0 0.070334 0.602306 0.072310 0.176826 0.930592
2 0.933067 0.562212 0.133512 0.091582 0.917340
9 0.933160 0.192804 0.025926 0.068984 0.870300
9 0.851428 0.243065 0.021101 0.054868 0.834190
9 0.785308 0.282406 0.016973 0.045915 0.828697
9 0.520808 0.343325 0.008674 0.032646 0.810771
9 0.436901 0.343366 0.009681 0.031958 0.808982
9 0.338907 0.344323 0.010374 0.032011 0.773021
2 0.694940 0.534465 0.057729 0.060121 0.496461
2 0.810703 0.535688 0.058604 0.035287 0.416562
2 0.822187 0.536239 0.035233 0.032931 0.332137
24 0.079450 0.560255 0.035759 0.040421 0.320806
2 0.420682 0.562036 0.142530 0.046468 0.294925
0 0.425503 0.826718 0.117588 0.159959 0.292591
