2 0.500338 0.758487 0.283818 0.335991 0.955097
2 0.922657 0.558054 0.154662 0.084773 0.919822
0 0.366032 0.586848 0.072617 0.143481 0.899156
9 0.871163 0.238227 0.022235 0.057475 0.859046
9 0.809873 0.275640 0.019546 0.048345 0.825469
9 0.518895 0.357089 0.008421 0.029535 0.805688
9 0.441751 0.357735 0.008017 0.028354 0.798795
9 0.754598 0.307196 0.015906 0.040625 0.775672
9 0.351136 0.357825 0.008825 0.028487 0.740355
2 0.687521 0.534317 0.048549 0.051882 0.563517
2 0.790397 0.533124 0.050388 0.038356 0.458510
0 0.549256 0.670809 0.068433 0.068286 0.332280
0 0.456410 0.673087 0.066773 0.070257 0.255692
