2 0.500052 0.686663 0.207338 0.256426 0.927988
2 0.893257 0.551645 0.144695 0.079122 0.906080
9 0.835371 0.261996 0.018869 0.052113 0.831651
9 0.782310 0.292949 0.016130 0.044124 0.799640
9 0.517730 0.364169 0.007968 0.027325 0.788018
9 0.444937 0.364261 0.007487 0.029103 0.785857
9 0.734862 0.320941 0.013256 0.037464 0.768251
0 0.424325 0.563087 0.029325 0.102229 0.733509
9 0.359756 0.364336 0.007285 0.029723 0.730398
2 0.680575 0.528166 0.041437 0.045310 0.562687
2 0.793931 0.536794 0.079278 0.049048 0.434295
2 0.776250 0.529187 0.042505 0.035000 0.386430
0 0.536352 0.630576 0.044633 0.047504 0.353240
26 0.421039 0.590554 0.023987 0.034741 0.339222
2 0.499203 0.554628 0.093372 0.039551 0.304446
0 0.462492 0.629667 0.043930 0.049067 0.290496
26 0.416512 0.588313 0.014721 0.029470 0.269998
