2 0.500389 0.624962 0.140221 0.166437 0.940592
2 0.854954 0.540825 0.143513 0.068248 0.917148
9 0.786469 0.291498 0.016285 0.043544 0.804799
9 0.746660 0.314086 0.014207 0.037361 0.803532
0 0.524523 0.523614 0.017183 0.041831 0.757261
9 0.449790 0.370635 0.008632 0.025662 0.741481
9 0.709581 0.335150 0.011535 0.032106 0.703215
9 0.013323 0.167845 0.023685 0.073995 0.667444
9 0.372457 0.369611 0.008005 0.026069 0.644936
2 0.668525 0.521157 0.034832 0.041390 0.591260
0 0.530139 0.581109 0.028394 0.032218 0.477491
0 0.472406 0.581420 0.025782 0.029576 0.406797
2 0.767214 0.525935 0.066674 0.043077 0.293012
2 0.752452 0.519993 0.031083 0.031907 0.266466
2 0.751609 0.523770 0.035354 0.039071 0.250351
