2 0.502044 0.818560 0.514288 0.358434 0.957868
2 0.941934 0.562283 0.115768 0.094875 0.902150
0 0.178568 0.604145 0.043028 0.176390 0.886752
9 0.933208 0.192642 0.025513 0.068680 0.864516
9 0.785373 0.282027 0.017671 0.046475 0.835212
9 0.851317 0.242639 0.020501 0.054188 0.823704
9 0.437037 0.343241 0.009221 0.031967 0.806305
9 0.520832 0.342552 0.008554 0.032201 0.803143
9 0.339289 0.343654 0.009417 0.033456 0.789750
2 0.696570 0.533656 0.059135 0.059152 0.633457
26 0.174890 0.626655 0.033934 0.040478 0.504344
2 0.810215 0.533301 0.056310 0.036361 0.373909
7 0.952944 0.477038 0.094018 0.143499 0.347455
7 0.942480 0.505531 0.115176 0.201038 0.341989
2 0.822225 0.534914 0.032035 0.031423 0.301405
2 0.452608 0.572261 0.206678 0.078433 0.274855
26 0.175604 0.596942 0.036561 0.099258 0.258533
