2 0.501494 0.818079 0.512563 0.358559 0.955407
0 0.160225 0.602737 0.069876 0.176683 0.929067
2 0.941544 0.562393 0.116640 0.092963 0.915718
9 0.932871 0.192548 0.025825 0.068599 0.859472
9 0.785309 0.282359 0.017634 0.046523 0.831723
9 0.851675 0.243225 0.020684 0.054433 0.826596
9 0.520782 0.343193 0.008349 0.033043 0.803603
9 0.436980 0.343044 0.008921 0.031643 0.798833
9 0.338989 0.343826 0.009892 0.033259 0.791166
2 0.697228 0.527504 0.057047 0.045978 0.605016
2 0.810015 0.534402 0.056931 0.034993 0.403922
2 0.821917 0.535619 0.032831 0.032098 0.352561
2 0.457383 0.595020 0.336553 0.114414 0.274388
2 0.794493 0.535036 0.026307 0.028709 0.273253
0 0.578683 0.827747 0.118251 0.157532 0.254436
0 0.423374 0.828114 0.120105 0.157924 0.254419
