2 0.501311 0.818907 0.512946 0.357402 0.956453
2 0.941477 0.562733 0.116663 0.093390 0.916919
0 0.125812 0.603395 0.049359 0.175615 0.908569
9 0.933049 0.192815 0.025842 0.068843 0.867532
9 0.851569 0.243232 0.020200 0.054533 0.834707
9 0.785374 0.282369 0.017446 0.046156 0.833082
9 0.520644 0.343227 0.008697 0.033274 0.807735
9 0.436980 0.343636 0.009225 0.031709 0.803474
9 0.339087 0.344575 0.010001 0.032662 0.789033
2 0.696608 0.532678 0.059071 0.055827 0.695309
2 0.809600 0.534731 0.055988 0.037046 0.452555
2 0.821197 0.535445 0.032760 0.033832 0.314568
0 0.424390 0.827110 0.117919 0.158849 0.276721
2 0.409905 0.559331 0.121358 0.045872 0.273957
26 0.118297 0.623642 0.034647 0.041961 0.271500
