2 0.501140 0.819475 0.513118 0.356352 0.957394
0 0.106643 0.605163 0.076795 0.177626 0.938237
2 0.938556 0.562440 0.122486 0.092781 0.905110
9 0.932941 0.192717 0.025544 0.068766 0.867902
9 0.785282 0.282389 0.017728 0.046502 0.835961
9 0.851655 0.243221 0.020766 0.054506 0.831380
9 0.436962 0.343999 0.009014 0.031868 0.807044
9 0.520692 0.343246 0.008408 0.032539 0.805249
9 0.339036 0.344365 0.010152 0.032493 0.781865
2 0.695900 0.534243 0.060032 0.059579 0.637291
26 0.093867 0.627021 0.036029 0.043550 0.338709
2 0.810530 0.534990 0.057922 0.037343 0.333269
2 0.821663 0.535249 0.034618 0.034417 0.252441
