2 0.499658 0.729531 0.254138 0.300547 0.950515
2 0.918714 0.554443 0.162517 0.082824 0.904725
0 0.387434 0.582258 0.031802 0.139877 0.853406
9 0.858403 0.245519 0.020641 0.054894 0.839142
9 0.800536 0.280494 0.018471 0.046548 0.797409
9 0.518505 0.357808 0.008340 0.028662 0.794338
9 0.442493 0.358389 0.008163 0.028913 0.791366
9 0.747943 0.310713 0.015482 0.038982 0.784800
9 0.353659 0.358381 0.008681 0.029097 0.740735
2 0.502652 0.554411 0.100047 0.059457 0.601101
2 0.686896 0.531244 0.043958 0.050567 0.523925
26 0.383842 0.601382 0.021184 0.032465 0.346532
2 0.783947 0.528325 0.045545 0.034229 0.331030
2 0.784040 0.534115 0.047312 0.045932 0.321351
0 0.540048 0.654618 0.054658 0.058217 0.269804
2 0.801157 0.537622 0.080719 0.052477 0.256684
26 0.395373 0.574307 0.017753 0.033278 0.256256
