2 0.499298 0.724703 0.246824 0.291474 0.949667
2 0.917441 0.554775 0.164348 0.082445 0.915970
0 0.396325 0.582949 0.043192 0.134952 0.868726
9 0.855684 0.247624 0.019976 0.054186 0.837526
9 0.797117 0.282758 0.016629 0.044983 0.802924
9 0.518234 0.359249 0.008519 0.028509 0.793111
9 0.442571 0.359976 0.008101 0.028262 0.786201
9 0.746671 0.312136 0.014843 0.039485 0.775748
9 0.354182 0.359662 0.009211 0.029408 0.736365
2 0.685853 0.531496 0.043330 0.050469 0.573793
2 0.501203 0.553726 0.096496 0.057088 0.501333
0 0.540267 0.649086 0.055897 0.056435 0.301433
26 0.401609 0.576348 0.014176 0.032033 0.289973
2 0.783444 0.536376 0.047200 0.047221 0.278843
