2 0.502050 0.815219 0.515301 0.364778 0.957077
0 0.206935 0.598620 0.070823 0.172860 0.920114
2 0.941869 0.558696 0.115893 0.093380 0.911551
9 0.933726 0.188320 0.026194 0.067756 0.861778
9 0.785732 0.278674 0.018130 0.045857 0.832769
9 0.851963 0.237998 0.020701 0.055978 0.827707
9 0.520830 0.339034 0.008405 0.033759 0.818767
9 0.436984 0.339403 0.008459 0.032504 0.806855
9 0.338696 0.339996 0.009014 0.032632 0.800964
2 0.696536 0.528882 0.058772 0.056510 0.691882
2 0.810117 0.527966 0.056919 0.037470 0.427944
26 0.201954 0.620215 0.038176 0.044261 0.415071
2 0.479631 0.628404 0.364987 0.197269 0.260651
2 0.821585 0.528305 0.033953 0.035058 0.252452
