2 0.499131 0.658531 0.170954 0.212629 0.933868
2 0.877313 0.554191 0.153973 0.074052 0.909324
0 0.466561 0.541640 0.019917 0.052795 0.823772
9 0.808739 0.285220 0.018022 0.047589 0.813310
9 0.763206 0.311564 0.014678 0.041229 0.811913
9 0.721326 0.335865 0.013547 0.035559 0.755228
9 0.364627 0.375288 0.007681 0.027645 0.752703
2 0.673779 0.534968 0.041451 0.049675 0.664250
0 0.531777 0.611905 0.031640 0.038017 0.415361
2 0.762760 0.532878 0.037104 0.034744 0.359621
2 0.777106 0.538002 0.067355 0.044241 0.350513
0 0.465367 0.611085 0.034239 0.038409 0.306129
0 0.469938 0.610996 0.025533 0.036900 0.299745
