2 0.501081 0.780248 0.313692 0.367902 0.954820
2 0.925648 0.557505 0.148525 0.084051 0.915116
0 0.349576 0.590308 0.049565 0.147224 0.903221
9 0.881895 0.229248 0.021934 0.058216 0.844445
9 0.816727 0.269360 0.019115 0.049999 0.815604
9 0.519280 0.353965 0.007931 0.029343 0.801738
9 0.759766 0.302100 0.015804 0.041223 0.801589
9 0.441086 0.354569 0.007417 0.028337 0.799881
9 0.349130 0.354635 0.007746 0.030644 0.754189
2 0.690047 0.532675 0.051827 0.053289 0.614491
2 0.792529 0.531065 0.047068 0.035346 0.340320
0 0.547649 0.685389 0.064487 0.075952 0.317644
0 0.458974 0.686630 0.053979 0.074379 0.301289
0 0.557143 0.678291 0.046582 0.061862 0.252285
