2 0.501060 0.817588 0.513090 0.359621 0.954260
0 0.168693 0.601436 0.050864 0.177048 0.923661
2 0.941725 0.563025 0.116363 0.093776 0.915899
9 0.932881 0.192711 0.025442 0.068634 0.866052
9 0.785365 0.282326 0.017931 0.046555 0.835858
9 0.851517 0.243159 0.020671 0.054314 0.826408
9 0.520823 0.343155 0.008446 0.033154 0.806293
9 0.436988 0.343467 0.008929 0.032197 0.801013
9 0.338968 0.343718 0.009945 0.032690 0.777559
2 0.696185 0.532951 0.059727 0.057213 0.697013
2 0.810396 0.534117 0.057895 0.039219 0.415295
2 0.456759 0.595426 0.329352 0.117200 0.354884
26 0.157122 0.623349 0.022473 0.040710 0.287351
2 0.822600 0.535071 0.032508 0.035218 0.282389
26 0.162190 0.624274 0.030559 0.039309 0.262704
2 0.424674 0.559493 0.149068 0.043184 0.256816
