2 0.498800 0.642218 0.159285 0.189370 0.942467
2 0.868066 0.540248 0.148541 0.073091 0.906893
0 0.490763 0.525415 0.018438 0.045436 0.857759
9 0.800413 0.278279 0.016672 0.046875 0.838368
9 0.757029 0.303503 0.015880 0.042518 0.817526
9 0.715589 0.326662 0.012132 0.034579 0.716994
2 0.670282 0.517857 0.039066 0.040645 0.676895
9 0.366003 0.364805 0.008273 0.026555 0.585355
2 0.760413 0.522664 0.036088 0.038293 0.382828
0 0.531558 0.590979 0.027648 0.033172 0.364670
2 0.776344 0.525318 0.068303 0.043466 0.358262
0 0.468917 0.590643 0.028195 0.032675 0.288362
