2 0.501147 0.808647 0.515345 0.376915 0.959306
0 0.242413 0.587055 0.072557 0.173594 0.925947
2 0.941948 0.547533 0.115623 0.095890 0.914632
9 0.934794 0.173911 0.025182 0.068382 0.861842
9 0.786382 0.265712 0.017550 0.045436 0.834651
9 0.853469 0.224528 0.020036 0.055372 0.825911
9 0.520889 0.326391 0.008072 0.033549 0.815979
9 0.436773 0.327047 0.008216 0.032371 0.803468
9 0.338440 0.327771 0.009257 0.033228 0.798072
2 0.698797 0.517536 0.055350 0.056312 0.597516
2 0.810796 0.516089 0.057443 0.037119 0.534003
