2 0.499820 0.674429 0.200409 0.257375 0.935027
2 0.886332 0.552042 0.139116 0.078567 0.906256
0 0.431892 0.566391 0.028571 0.106228 0.826536
9 0.830785 0.266708 0.018924 0.051624 0.825744
9 0.778956 0.296265 0.015581 0.044122 0.803694
9 0.517708 0.365566 0.007868 0.027382 0.784113
9 0.733425 0.323428 0.014068 0.037446 0.775469
9 0.360632 0.365483 0.007745 0.029209 0.726812
2 0.678950 0.531627 0.041653 0.048775 0.658510
2 0.785891 0.535969 0.066903 0.046098 0.434874
0 0.535466 0.625320 0.039701 0.046357 0.329948
2 0.793488 0.537968 0.080764 0.050414 0.258199
