2 0.499870 0.678267 0.203756 0.261547 0.932276
2 0.889988 0.551676 0.142516 0.078107 0.902981
0 0.428917 0.566424 0.030798 0.107321 0.842505
9 0.832633 0.265073 0.019283 0.050395 0.813782
9 0.780946 0.294641 0.016925 0.044864 0.799474
9 0.517545 0.364858 0.007995 0.027195 0.788179
9 0.734096 0.321659 0.013303 0.038106 0.778420
9 0.360256 0.364706 0.007342 0.029491 0.724348
2 0.679934 0.528764 0.041200 0.045066 0.515956
2 0.774938 0.529527 0.041122 0.035334 0.405486
26 0.423616 0.590980 0.021223 0.030318 0.391153
2 0.793693 0.537027 0.079397 0.049108 0.374639
0 0.536796 0.626790 0.038897 0.045911 0.301872
