2 0.501635 0.818218 0.512656 0.357938 0.955908
2 0.941080 0.562733 0.117426 0.093157 0.921721
0 0.138477 0.605330 0.050952 0.171914 0.909668
9 0.933101 0.192798 0.025448 0.068912 0.864371
9 0.851747 0.243173 0.020217 0.054848 0.833451
9 0.785317 0.282555 0.017694 0.046235 0.833260
9 0.520719 0.343015 0.008649 0.033205 0.806849
9 0.437001 0.343512 0.009082 0.031800 0.805436
9 0.339164 0.344470 0.010020 0.032755 0.781871
2 0.696550 0.532394 0.058444 0.055467 0.500892
2 0.810666 0.534486 0.057657 0.035380 0.450799
2 0.822192 0.535267 0.033982 0.032327 0.314125
2 0.422302 0.600180 0.265350 0.133992 0.277411
