2 0.499307 0.645190 0.160584 0.194112 0.943122
2 0.869025 0.543783 0.150081 0.072218 0.911571
0 0.487557 0.529127 0.019311 0.042652 0.836404
9 0.801571 0.280597 0.017276 0.046833 0.829180
9 0.757432 0.305531 0.015834 0.042199 0.803280
9 0.716427 0.328992 0.012186 0.034990 0.731136
9 0.366007 0.367251 0.008088 0.026718 0.613528
2 0.670895 0.522461 0.041038 0.043497 0.550185
0 0.469275 0.593610 0.026265 0.032877 0.284942
0 0.529352 0.594586 0.024864 0.033201 0.278374
2 0.761065 0.526121 0.035150 0.039183 0.259443
