2 0.501542 0.815259 0.513850 0.364149 0.956578
2 0.942049 0.558268 0.115533 0.093068 0.915812
0 0.213239 0.596932 0.057284 0.175536 0.906558
9 0.933711 0.186812 0.025863 0.068339 0.859220
9 0.785743 0.277646 0.017627 0.045581 0.834582
9 0.852014 0.236909 0.020761 0.055486 0.824615
9 0.520894 0.337843 0.008006 0.033753 0.816092
9 0.436866 0.338594 0.008592 0.032601 0.811297
9 0.338812 0.339202 0.009328 0.031950 0.798257
2 0.696194 0.529091 0.059880 0.059428 0.719226
2 0.809919 0.526180 0.056667 0.038394 0.577214
26 0.205132 0.619654 0.032039 0.040886 0.380936
2 0.793867 0.529327 0.024131 0.026614 0.253728
