2 0.501361 0.819031 0.513020 0.356159 0.956862
2 0.941240 0.562572 0.117295 0.093960 0.920351
0 0.149112 0.604577 0.065068 0.173143 0.920062
9 0.933043 0.192889 0.025501 0.068640 0.860605
9 0.785368 0.282320 0.017843 0.046851 0.834813
9 0.851610 0.243314 0.020872 0.054393 0.829885
9 0.520725 0.343132 0.008556 0.033267 0.805672
9 0.437020 0.343449 0.009043 0.031675 0.801760
9 0.339327 0.344515 0.010321 0.033390 0.779127
2 0.695647 0.533670 0.059626 0.058352 0.697809
2 0.810714 0.533548 0.058189 0.037390 0.475997
0 0.424507 0.827139 0.116857 0.159131 0.306989
2 0.822516 0.534772 0.033569 0.034089 0.294995
2 0.450870 0.599540 0.319321 0.133602 0.270678
0 0.578831 0.827592 0.119348 0.157759 0.261877
2 0.425315 0.572508 0.155673 0.068323 0.259767
