2 0.500846 0.819901 0.513157 0.355901 0.957048
2 0.478306 0.566073 0.194230 0.099965 0.917180
9 0.933087 0.192743 0.025822 0.068726 0.866191
9 0.785144 0.282455 0.017797 0.046365 0.832892
9 0.851584 0.243253 0.020749 0.054962 0.829351
9 0.520670 0.343423 0.008946 0.032709 0.808506
9 0.436802 0.343621 0.008900 0.031297 0.796340
2 0.696077 0.529094 0.060436 0.049139 0.759144
9 0.338978 0.344458 0.010586 0.032097 0.756816
2 0.810046 0.538804 0.059337 0.039715 0.344551
2 0.821527 0.540060 0.036283 0.038256 0.330645
