2 0.501308 0.819690 0.514111 0.355616 0.959829
2 0.387520 0.568220 0.198398 0.105672 0.938027
9 0.932874 0.192829 0.025924 0.069196 0.865258
9 0.785275 0.282335 0.017678 0.046325 0.836616
9 0.851824 0.243083 0.020870 0.055182 0.833353
9 0.520663 0.343557 0.008746 0.032603 0.810069
9 0.436927 0.343598 0.009063 0.031407 0.806823
9 0.339251 0.344489 0.010225 0.031992 0.775731
2 0.695889 0.529170 0.059018 0.049192 0.766662
2 0.809526 0.538716 0.058848 0.039511 0.418176
2 0.821106 0.538611 0.035683 0.037770 0.373015
