2 0.501274 0.818030 0.512823 0.358079 0.958469
2 0.777614 0.563310 0.192007 0.094652 0.929632
9 0.933123 0.192946 0.025828 0.068712 0.872875
9 0.785284 0.282241 0.017442 0.046269 0.840010
9 0.851931 0.242989 0.020759 0.055009 0.834500
9 0.520791 0.343315 0.008999 0.032980 0.804495
9 0.436790 0.343676 0.008752 0.030609 0.796540
9 0.339130 0.344303 0.010454 0.032052 0.768641
2 0.695904 0.536176 0.061179 0.063698 0.692317
0 0.425723 0.824720 0.117012 0.163445 0.397410
0 0.579163 0.826122 0.119749 0.159285 0.267174
