2 0.501357 0.818711 0.514012 0.357928 0.958500
2 0.208568 0.574309 0.226057 0.114434 0.941410
9 0.933019 0.193002 0.026039 0.068951 0.863086
9 0.785345 0.282396 0.017625 0.046468 0.828708
9 0.851971 0.243206 0.020873 0.054647 0.825713
9 0.520821 0.343547 0.008785 0.032795 0.808409
9 0.436813 0.343609 0.008874 0.031484 0.802681
9 0.339079 0.343563 0.009610 0.032239 0.749746
2 0.696427 0.528285 0.059646 0.048106 0.741562
2 0.810520 0.537517 0.058338 0.037976 0.441769
2 0.821153 0.538135 0.037418 0.037575 0.437239
0 0.579912 0.827382 0.121467 0.156704 0.264812
