2 0.501271 0.820367 0.513735 0.354802 0.961591
2 0.232729 0.573777 0.221990 0.112923 0.937915
9 0.933100 0.192859 0.025540 0.068785 0.864392
9 0.851842 0.243291 0.021049 0.055063 0.830157
9 0.785054 0.282219 0.016799 0.045881 0.828911
9 0.520663 0.343706 0.008583 0.032503 0.810502
9 0.436835 0.343808 0.008961 0.031400 0.808537
2 0.696586 0.528760 0.060816 0.048694 0.790038
9 0.339010 0.343993 0.010214 0.031977 0.778563
2 0.821151 0.538838 0.037067 0.038077 0.409447
2 0.810249 0.538851 0.058915 0.039718 0.346548
0 0.578965 0.825177 0.118970 0.162337 0.325062
0 0.424936 0.826430 0.116084 0.159984 0.286367
0 0.241261 0.544042 0.019758 0.023386 0.271099
