2 0.501525 0.818810 0.513288 0.356941 0.957197
2 0.290886 0.571315 0.211528 0.109169 0.938400
9 0.933054 0.192791 0.026079 0.068726 0.865277
9 0.785226 0.282213 0.017845 0.046557 0.827901
9 0.852045 0.243247 0.020620 0.055075 0.824147
9 0.520704 0.343566 0.008783 0.032680 0.806436
9 0.436861 0.343466 0.009306 0.031604 0.794129
9 0.338853 0.344264 0.010427 0.032769 0.769765
2 0.696950 0.530315 0.059268 0.052568 0.714197
2 0.820416 0.539912 0.038098 0.038956 0.400044
2 0.810571 0.540281 0.058639 0.041729 0.341823
