2 0.501713 0.818412 0.512984 0.358248 0.957391
2 0.185911 0.575964 0.231829 0.116421 0.943251
9 0.933066 0.192620 0.025820 0.069192 0.862895
9 0.785238 0.282309 0.017487 0.046313 0.830588
9 0.851464 0.243192 0.021274 0.054718 0.829087
9 0.436939 0.343746 0.009525 0.031509 0.806590
9 0.520844 0.343391 0.008973 0.031935 0.800594
2 0.695966 0.528656 0.058204 0.047908 0.779999
9 0.338992 0.344342 0.010039 0.032469 0.755007
2 0.821145 0.538436 0.036763 0.035633 0.436728
2 0.810027 0.537595 0.058622 0.035395 0.406803
0 0.579406 0.825055 0.120346 0.160497 0.313321
2 0.793432 0.536107 0.025081 0.028394 0.311005
0 0.425804 0.825730 0.115640 0.159802 0.304164
