2 0.501148 0.819093 0.513473 0.357369 0.955360
2 0.910272 0.562865 0.179346 0.092506 0.926128
0 0.029565 0.605902 0.057019 0.172865 0.908348
9 0.933175 0.192786 0.026021 0.068794 0.866826
9 0.785244 0.282159 0.017628 0.046179 0.834624
9 0.851791 0.243165 0.020923 0.055361 0.833061
9 0.520641 0.343565 0.009091 0.032810 0.807863
9 0.436902 0.343672 0.009155 0.031634 0.800040
9 0.339124 0.344314 0.010169 0.032468 0.770726
2 0.695041 0.534822 0.059884 0.060379 0.611070
26 0.014575 0.629384 0.028221 0.042279 0.468885
2 0.811215 0.535154 0.061204 0.034551 0.447902
2 0.419059 0.600188 0.270179 0.142321 0.446295
0 0.423701 0.827267 0.119355 0.160260 0.291654
2 0.822271 0.535113 0.039036 0.033406 0.259572
