2 0.501486 0.818392 0.512892 0.357534 0.959570
2 0.177643 0.575884 0.237591 0.116305 0.937682
9 0.933071 0.192629 0.025672 0.069074 0.869380
9 0.851722 0.243324 0.021051 0.054738 0.830853
9 0.785291 0.282203 0.017539 0.046258 0.830061
9 0.520688 0.343482 0.008896 0.032196 0.805864
9 0.436835 0.343828 0.009019 0.031121 0.803504
2 0.695900 0.528630 0.058966 0.048955 0.798851
9 0.339010 0.344751 0.010588 0.033243 0.752376
2 0.809881 0.537026 0.058118 0.035255 0.422015
2 0.821150 0.537596 0.035695 0.033911 0.380300
0 0.579312 0.826794 0.119844 0.158970 0.350506
0 0.187997 0.545272 0.020071 0.023942 0.279856
0 0.424529 0.826554 0.116437 0.160780 0.277882
