2 0.501670 0.819194 0.513966 0.356783 0.957577
2 0.660796 0.563109 0.192031 0.095061 0.909500
9 0.933174 0.192882 0.026070 0.068819 0.873327
9 0.785364 0.282127 0.017525 0.046466 0.840932
9 0.851626 0.243164 0.021117 0.055034 0.835094
9 0.520843 0.343516 0.009079 0.032447 0.811895
9 0.436902 0.343616 0.008804 0.031318 0.802912
9 0.339147 0.344265 0.010271 0.032875 0.743935
2 0.447458 0.582196 0.247130 0.104694 0.564075
2 0.809770 0.538502 0.058697 0.039956 0.320778
2 0.820969 0.538671 0.035863 0.037667 0.276794
