2 0.500980 0.819713 0.513404 0.356298 0.960814
2 0.354688 0.569258 0.202475 0.105887 0.939543
9 0.933060 0.192975 0.025969 0.068526 0.860375
9 0.851747 0.243098 0.020903 0.054993 0.829718
9 0.785268 0.282150 0.017346 0.045746 0.827927
9 0.520605 0.343558 0.008651 0.032199 0.812032
9 0.436903 0.343644 0.009074 0.031461 0.803938
9 0.338973 0.344748 0.010283 0.032207 0.777226
2 0.696167 0.528785 0.060223 0.047966 0.750347
2 0.820941 0.537761 0.037439 0.036071 0.567402
2 0.793554 0.536274 0.024904 0.029432 0.297691
