2 0.501186 0.819151 0.513433 0.356490 0.959227
2 0.120111 0.580025 0.237531 0.122366 0.933728
9 0.933086 0.192615 0.026133 0.069134 0.868975
9 0.785226 0.282213 0.017451 0.046388 0.836259
9 0.851804 0.243217 0.020818 0.054744 0.826805
9 0.520612 0.343592 0.008778 0.032380 0.813497
2 0.696609 0.528819 0.059828 0.048656 0.809013
9 0.436870 0.343664 0.008931 0.031262 0.802120
9 0.339077 0.344497 0.010688 0.032605 0.769468
2 0.810453 0.535645 0.058565 0.034517 0.376182
2 0.821849 0.535805 0.036150 0.033695 0.357479
