2 0.501509 0.819396 0.513494 0.356632 0.959981
2 0.344689 0.569763 0.202883 0.106791 0.937904
9 0.933159 0.192710 0.025913 0.069042 0.864707
9 0.851945 0.243065 0.020667 0.054997 0.829608
9 0.785275 0.282072 0.017306 0.046091 0.816155
9 0.520575 0.343543 0.008491 0.032290 0.808611
9 0.436921 0.343274 0.008789 0.031861 0.798423
9 0.339042 0.344799 0.010093 0.032612 0.775393
2 0.696805 0.530311 0.059571 0.051682 0.766218
2 0.821190 0.538078 0.037032 0.036650 0.496842
2 0.810569 0.537516 0.058711 0.037503 0.377843
2 0.793814 0.536706 0.025420 0.029965 0.300221
0 0.579004 0.827458 0.117841 0.158163 0.266469
