2 0.501373 0.818733 0.513545 0.357195 0.958265
2 0.216598 0.574052 0.224056 0.113688 0.939516
9 0.933003 0.192931 0.025432 0.068738 0.865616
9 0.851707 0.243091 0.021301 0.054907 0.825419
9 0.785147 0.282334 0.017006 0.046068 0.825037
9 0.520752 0.343563 0.008747 0.032090 0.808185
2 0.696465 0.528463 0.060141 0.048437 0.801251
9 0.436702 0.343497 0.009011 0.031658 0.799418
9 0.339221 0.344150 0.010132 0.032327 0.773803
2 0.820915 0.538541 0.037244 0.037945 0.491412
2 0.810235 0.538066 0.058101 0.037835 0.374625
0 0.579796 0.826789 0.119312 0.160121 0.294925
