2 0.501052 0.819239 0.513517 0.356633 0.958000
2 0.898213 0.563150 0.202304 0.092975 0.929529
9 0.932988 0.192823 0.025888 0.068869 0.865225
9 0.785263 0.282117 0.017573 0.046842 0.835150
9 0.851869 0.243192 0.020530 0.054558 0.824635
9 0.520698 0.343569 0.008838 0.032709 0.805234
9 0.436967 0.343369 0.008960 0.031831 0.803265
9 0.338961 0.344051 0.010596 0.032966 0.769141
2 0.696021 0.532673 0.059622 0.055998 0.608986
2 0.810267 0.534772 0.060701 0.035678 0.373792
0 0.011536 0.607182 0.022818 0.170573 0.356069
0 0.424767 0.825386 0.117289 0.160836 0.311291
2 0.454184 0.584888 0.259934 0.112951 0.289621
0 0.580220 0.827129 0.121442 0.158206 0.260348
