2 0.501307 0.818747 0.512052 0.357474 0.956242
0 0.049655 0.606302 0.058966 0.174706 0.924937
2 0.926553 0.562293 0.146511 0.091395 0.920559
9 0.933129 0.192868 0.025784 0.068734 0.867105
9 0.785071 0.282113 0.017231 0.046332 0.832675
9 0.851646 0.242985 0.021009 0.055035 0.829212
9 0.437017 0.343589 0.009131 0.031707 0.805870
9 0.520819 0.343519 0.008565 0.032612 0.802777
9 0.339018 0.344162 0.010255 0.032233 0.776426
2 0.695413 0.534312 0.060847 0.059429 0.706615
2 0.810795 0.536374 0.059520 0.036233 0.477020
2 0.822135 0.536506 0.036699 0.034470 0.370013
26 0.038257 0.632661 0.036367 0.037208 0.313994
0 0.580937 0.827464 0.123281 0.157214 0.270251
2 0.793683 0.536202 0.024893 0.029906 0.256205
26 0.031064 0.632005 0.021627 0.035625 0.250375
