2 0.501397 0.818748 0.513633 0.357331 0.958725
2 0.298194 0.570779 0.212054 0.108300 0.940296
9 0.932671 0.192770 0.025803 0.069244 0.864289
9 0.785201 0.282147 0.017402 0.046285 0.828814
9 0.851984 0.243329 0.020794 0.055042 0.821466
9 0.520648 0.343658 0.008981 0.032534 0.808241
9 0.436956 0.343698 0.009208 0.031596 0.800422
9 0.338803 0.343999 0.010450 0.032384 0.747700
2 0.696515 0.528518 0.059604 0.047627 0.730670
2 0.809885 0.538401 0.058507 0.037776 0.420136
2 0.820429 0.538820 0.037031 0.036417 0.410179
2 0.793269 0.536907 0.025212 0.030455 0.272153
