2 0.501243 0.817990 0.513730 0.358910 0.957105
2 0.145640 0.577897 0.243382 0.119666 0.936001
9 0.933062 0.192604 0.026027 0.068947 0.867923
9 0.785284 0.282142 0.017591 0.046749 0.833605
9 0.851573 0.243307 0.021169 0.054630 0.831651
9 0.520687 0.343464 0.009054 0.032404 0.807110
9 0.437033 0.343422 0.009030 0.031759 0.804650
2 0.696364 0.529092 0.058107 0.048339 0.794262
9 0.338974 0.344286 0.010560 0.032488 0.770072
2 0.810477 0.536074 0.057989 0.034576 0.485388
2 0.821753 0.536371 0.035821 0.034207 0.458966
2 0.793879 0.535881 0.024127 0.028836 0.284569
