2 0.501479 0.819062 0.513194 0.356697 0.956434
0 0.063350 0.605093 0.077938 0.175819 0.931682
2 0.929402 0.561826 0.140680 0.090350 0.920281
9 0.933155 0.192843 0.025787 0.068746 0.867355
9 0.785129 0.282095 0.017150 0.046543 0.835733
9 0.851629 0.242746 0.021191 0.055441 0.831779
9 0.520815 0.343555 0.008898 0.032713 0.808086
9 0.437064 0.343342 0.009313 0.031663 0.802392
9 0.338934 0.344191 0.010279 0.032296 0.776430
2 0.696321 0.534080 0.058804 0.059519 0.641257
2 0.810784 0.536755 0.059454 0.036679 0.395093
2 0.445001 0.602809 0.242522 0.133130 0.357113
2 0.822148 0.536791 0.036694 0.034741 0.350711
0 0.425376 0.826956 0.116880 0.159038 0.288979
2 0.793627 0.536037 0.024533 0.029609 0.257704
