2 0.501771 0.819348 0.512909 0.355084 0.960674
2 0.437294 0.567123 0.195656 0.102371 0.928657
9 0.932982 0.192786 0.025625 0.068700 0.862900
9 0.785290 0.282243 0.017704 0.046756 0.837552
9 0.851495 0.243224 0.020858 0.055066 0.837417
9 0.520737 0.343498 0.008883 0.032660 0.813474
9 0.437008 0.343493 0.008890 0.031822 0.794656
2 0.696300 0.529279 0.060452 0.049284 0.781072
9 0.338955 0.344390 0.010730 0.032299 0.759988
2 0.821287 0.538272 0.034580 0.037333 0.313512
2 0.809488 0.538391 0.058476 0.039773 0.273338
