2 0.500844 0.819208 0.512854 0.356366 0.958973
2 0.902367 0.563114 0.194832 0.093113 0.929374
9 0.933042 0.192878 0.025847 0.068537 0.868860
9 0.785226 0.282104 0.017617 0.046753 0.839757
0 0.021315 0.606103 0.043010 0.172258 0.829175
9 0.851886 0.243274 0.020476 0.054736 0.828354
9 0.520641 0.343399 0.008892 0.032487 0.810408
9 0.436933 0.343381 0.009234 0.031683 0.802487
9 0.339197 0.344516 0.010337 0.032453 0.764467
2 0.695619 0.534759 0.060844 0.060035 0.490395
2 0.810415 0.535515 0.060946 0.036331 0.381258
0 0.425621 0.826362 0.115805 0.159434 0.310952
2 0.421589 0.597746 0.306515 0.134814 0.295110
2 0.447121 0.582924 0.220280 0.103462 0.270186
