2 0.501823 0.818969 0.513769 0.357790 0.959121
2 0.162069 0.577005 0.238068 0.117833 0.940164
9 0.932918 0.192729 0.025692 0.068995 0.865354
9 0.785096 0.282125 0.017115 0.046396 0.832087
9 0.851685 0.243271 0.021140 0.054839 0.831509
2 0.696578 0.528885 0.058267 0.049485 0.830227
9 0.520704 0.343342 0.009059 0.032522 0.807849
9 0.436826 0.343365 0.008913 0.031971 0.799180
9 0.338976 0.344673 0.010699 0.032595 0.755514
2 0.810533 0.536255 0.058050 0.034779 0.439664
2 0.821619 0.536644 0.036052 0.034125 0.422513
0 0.425796 0.825882 0.115456 0.161254 0.319703
