2 0.501808 0.819831 0.512740 0.355871 0.960007
2 0.409679 0.567983 0.194738 0.103712 0.939215
9 0.932961 0.192656 0.026159 0.069168 0.865809
9 0.785039 0.282306 0.017292 0.046510 0.835046
9 0.851814 0.243114 0.020814 0.054713 0.832082
9 0.520659 0.343521 0.008572 0.032661 0.808905
9 0.436968 0.343467 0.008898 0.031408 0.795984
9 0.338996 0.344300 0.010482 0.032965 0.780083
2 0.697484 0.528788 0.060006 0.048533 0.718874
2 0.821317 0.537702 0.034430 0.035696 0.417069
2 0.809472 0.537510 0.057659 0.037089 0.358628
0 0.424952 0.825337 0.116345 0.160868 0.312122
