2 0.501364 0.818734 0.514224 0.357636 0.955935
2 0.913329 0.562321 0.173651 0.091002 0.924823
0 0.031622 0.604914 0.059766 0.175362 0.915019
9 0.933296 0.192707 0.025779 0.068817 0.863821
9 0.785096 0.282163 0.017572 0.046657 0.836262
9 0.851676 0.242775 0.021155 0.055469 0.832252
9 0.520681 0.343612 0.009227 0.032660 0.809078
9 0.436909 0.343537 0.009155 0.031620 0.800139
9 0.339089 0.344403 0.010140 0.033185 0.775118
2 0.696631 0.533609 0.061154 0.057684 0.710492
26 0.016462 0.624826 0.032663 0.043806 0.506776
2 0.416044 0.589267 0.267673 0.121304 0.424624
2 0.810656 0.535638 0.062184 0.034395 0.419386
2 0.821967 0.535648 0.040008 0.032990 0.366204
0 0.427248 0.825707 0.114579 0.161711 0.349883
