2 0.501303 0.820227 0.514363 0.354290 0.961018
2 0.116031 0.581015 0.230296 0.124857 0.935313
9 0.933146 0.192666 0.025847 0.069116 0.865075
9 0.785139 0.282260 0.017364 0.046420 0.837573
9 0.851845 0.243163 0.020582 0.055027 0.829177
2 0.696944 0.529244 0.060121 0.049996 0.814219
9 0.520708 0.343536 0.008792 0.032279 0.812625
9 0.436989 0.343050 0.009101 0.031777 0.803992
9 0.338860 0.344566 0.010367 0.033059 0.761310
2 0.821586 0.536479 0.035891 0.034553 0.380656
2 0.810257 0.536082 0.058019 0.034938 0.352098
0 0.580369 0.827403 0.121517 0.158189 0.281150
0 0.117321 0.547871 0.022675 0.025458 0.262264
