2 0.501298 0.819101 0.513082 0.356641 0.960796
2 0.332762 0.569384 0.205063 0.105824 0.936361
9 0.933227 0.192768 0.026160 0.069286 0.863896
9 0.851752 0.243093 0.020769 0.054839 0.828723
9 0.785119 0.282134 0.017064 0.045904 0.825441
9 0.520520 0.343701 0.008658 0.032356 0.803411
9 0.436874 0.343488 0.008756 0.031283 0.797096
9 0.339026 0.344465 0.010325 0.032620 0.779824
2 0.696905 0.529160 0.058988 0.049264 0.744002
2 0.820722 0.537648 0.037627 0.037524 0.483505
2 0.810251 0.537264 0.058352 0.037711 0.403087
