2 0.501233 0.818266 0.514078 0.358290 0.954733
2 0.806452 0.562473 0.193787 0.092003 0.930460
9 0.932898 0.192903 0.025260 0.068870 0.866390
9 0.785041 0.282193 0.017340 0.046255 0.832408
9 0.851746 0.242928 0.020809 0.055027 0.829455
9 0.436881 0.343692 0.009068 0.031736 0.806447
9 0.520621 0.343258 0.008691 0.031633 0.798148
9 0.339172 0.344393 0.010312 0.032502 0.781449
2 0.696922 0.528494 0.061263 0.047813 0.742894
2 0.444916 0.585381 0.241746 0.102652 0.338255
0 0.425844 0.825774 0.116201 0.160574 0.313872
2 0.456771 0.601915 0.276305 0.134606 0.265664
