2 0.501122 0.816903 0.513741 0.361403 0.956816
2 0.746443 0.562543 0.195139 0.095615 0.924529
9 0.933144 0.192817 0.025935 0.069016 0.870392
9 0.785275 0.282036 0.017600 0.046206 0.838049
9 0.851537 0.243167 0.021347 0.054877 0.837392
9 0.520658 0.343385 0.008748 0.032063 0.809246
9 0.436724 0.343512 0.009165 0.031183 0.805936
9 0.339141 0.344180 0.010711 0.032185 0.775083
2 0.695227 0.525675 0.059398 0.042218 0.495940
2 0.407363 0.601447 0.300336 0.143839 0.265627
2 0.433237 0.644600 0.186657 0.063108 0.256532
