2 0.501392 0.819812 0.513024 0.355785 0.957729
2 0.392933 0.568075 0.198939 0.104720 0.938837
9 0.932787 0.192819 0.025478 0.068940 0.862117
9 0.785202 0.282108 0.017461 0.046895 0.833726
9 0.851886 0.243166 0.020776 0.054909 0.828454
9 0.520631 0.343583 0.008519 0.032526 0.801357
9 0.436992 0.343497 0.009043 0.031012 0.796817
9 0.339228 0.344278 0.010084 0.032694 0.772803
2 0.697035 0.529215 0.059927 0.048914 0.764572
2 0.821178 0.537506 0.035585 0.036451 0.458993
2 0.809574 0.537650 0.058137 0.037473 0.343098
