2 0.501081 0.820032 0.512987 0.355619 0.959119
2 0.448770 0.567407 0.195451 0.102545 0.932869
9 0.933035 0.192741 0.025732 0.068930 0.864627
9 0.785173 0.282233 0.017701 0.046610 0.836989
9 0.851660 0.243349 0.021005 0.054971 0.834950
9 0.520663 0.343752 0.009088 0.032508 0.808647
9 0.436900 0.343593 0.008930 0.031329 0.798786
9 0.339046 0.344248 0.010739 0.032295 0.769374
2 0.696094 0.529274 0.060999 0.049168 0.690187
0 0.580442 0.826847 0.120670 0.158555 0.269902
0 0.425920 0.827547 0.116281 0.158800 0.266689
2 0.821644 0.540490 0.036765 0.041372 0.259830
