2 0.500973 0.818223 0.512984 0.358378 0.956991
2 0.686133 0.563214 0.193864 0.096057 0.928349
9 0.933114 0.192647 0.025833 0.068945 0.865897
9 0.851687 0.243218 0.020976 0.054768 0.832088
9 0.784952 0.282687 0.017184 0.045921 0.829481
9 0.520814 0.343612 0.009028 0.032341 0.802515
9 0.436759 0.343339 0.009051 0.031404 0.795851
9 0.339138 0.344536 0.010294 0.032547 0.769100
2 0.809524 0.540068 0.059950 0.042496 0.315614
2 0.433532 0.583787 0.236246 0.106434 0.261125
2 0.408046 0.592324 0.291471 0.126014 0.254747
