2 0.500792 0.819483 0.512870 0.356030 0.959337
2 0.369534 0.568726 0.200606 0.106296 0.939283
9 0.932905 0.192708 0.026481 0.069166 0.864112
9 0.785183 0.282437 0.017365 0.045647 0.834404
9 0.851674 0.243109 0.020965 0.054870 0.829794
9 0.520725 0.343749 0.008840 0.032332 0.805219
9 0.436885 0.343761 0.008983 0.031446 0.803794
9 0.339035 0.344407 0.010451 0.032760 0.775198
2 0.696586 0.529551 0.059585 0.049467 0.758347
2 0.821419 0.538069 0.036676 0.037486 0.433928
2 0.810793 0.538127 0.058645 0.039242 0.418832
