2 0.501300 0.819260 0.513043 0.356561 0.957826
2 0.129460 0.578596 0.248647 0.120983 0.928071
9 0.933128 0.192699 0.025795 0.069153 0.864381
9 0.785139 0.282088 0.017468 0.046621 0.834254
9 0.851461 0.243355 0.020785 0.054582 0.829531
2 0.696595 0.528849 0.059462 0.048372 0.818962
9 0.520617 0.343556 0.008881 0.032582 0.806329
9 0.436879 0.343514 0.008893 0.031666 0.802419
9 0.339021 0.344200 0.010708 0.032329 0.744186
2 0.810902 0.537497 0.058359 0.037478 0.490637
2 0.821860 0.537765 0.036291 0.036213 0.298047
0 0.425930 0.825663 0.116097 0.161357 0.297989
