2 0.501172 0.818389 0.514237 0.358515 0.953640
2 0.892172 0.563140 0.200955 0.093499 0.926500
9 0.933008 0.192789 0.025597 0.069032 0.866697
9 0.785229 0.282189 0.017605 0.046750 0.836250
9 0.851837 0.243156 0.020656 0.054312 0.823883
9 0.520665 0.343435 0.009023 0.032719 0.807675
9 0.437097 0.343472 0.009383 0.031716 0.804010
9 0.339041 0.344515 0.011096 0.032423 0.739273
2 0.696008 0.530250 0.059507 0.051545 0.622855
2 0.810846 0.534351 0.059216 0.035603 0.355868
0 0.424970 0.825748 0.117169 0.161167 0.319991
2 0.454600 0.582962 0.260803 0.108336 0.263943
