2 0.501759 0.819980 0.512599 0.355297 0.960622
2 0.421900 0.566950 0.196710 0.101327 0.932679
9 0.932945 0.193174 0.026188 0.068408 0.866497
9 0.785313 0.282201 0.017472 0.046285 0.831552
9 0.851674 0.243097 0.020943 0.055085 0.829718
9 0.520841 0.343716 0.008705 0.032544 0.807736
9 0.437022 0.343573 0.008856 0.031347 0.797963
9 0.339036 0.344679 0.010826 0.032675 0.753841
2 0.697415 0.530244 0.060560 0.051037 0.739404
2 0.820959 0.537736 0.034280 0.037519 0.362339
2 0.809528 0.538041 0.056986 0.039892 0.291791
0 0.579096 0.826351 0.118349 0.158931 0.266632
