2 0.501499 0.818188 0.512924 0.359016 0.955605
2 0.283833 0.571967 0.213089 0.110612 0.936745
9 0.933085 0.192814 0.026057 0.068763 0.869679
9 0.785168 0.282077 0.017812 0.046366 0.833021
9 0.851962 0.243159 0.020526 0.054879 0.830330
9 0.436851 0.343612 0.009440 0.031505 0.807727
9 0.520728 0.343346 0.008848 0.032162 0.807263
9 0.338843 0.344258 0.010394 0.032499 0.778621
2 0.697020 0.529296 0.059140 0.050355 0.744501
2 0.820191 0.539220 0.038112 0.038188 0.384954
0 0.425579 0.826022 0.117065 0.161082 0.378763
0 0.579851 0.828797 0.120801 0.156449 0.339197
2 0.810993 0.540786 0.058428 0.042833 0.304171
