2 0.500977 0.819815 0.513118 0.355772 0.960605
2 0.376793 0.568058 0.200323 0.105801 0.938984
9 0.933137 0.192817 0.025739 0.068966 0.862439
9 0.785277 0.282210 0.017510 0.046338 0.837615
9 0.851675 0.243170 0.020699 0.054480 0.829803
9 0.520586 0.343448 0.008690 0.032453 0.809593
9 0.436911 0.343413 0.009242 0.031623 0.803608
2 0.696668 0.529327 0.060127 0.049460 0.779697
9 0.339032 0.344079 0.010357 0.032811 0.779514
2 0.809981 0.537612 0.060081 0.040168 0.479393
2 0.821293 0.537686 0.036920 0.038136 0.370623
