2 0.501694 0.818514 0.514445 0.357935 0.957656
2 0.201666 0.574297 0.228370 0.113503 0.935664
9 0.932999 0.192939 0.026000 0.068640 0.866259
9 0.785401 0.282398 0.017773 0.046191 0.830851
9 0.851849 0.243149 0.021042 0.054878 0.829166
9 0.437003 0.343567 0.009206 0.031538 0.798897
9 0.520716 0.343552 0.009308 0.031891 0.794529
9 0.338897 0.344138 0.009849 0.032838 0.763064
2 0.696728 0.529022 0.058935 0.048552 0.719201
2 0.820964 0.537980 0.036640 0.037270 0.426238
2 0.810235 0.537260 0.057525 0.037127 0.422029
0 0.425455 0.827113 0.115678 0.159196 0.275651
2 0.793759 0.535851 0.024253 0.029189 0.254042
