2 0.501294 0.818752 0.513187 0.357929 0.955754
2 0.618654 0.563772 0.192832 0.095950 0.931401
9 0.932918 0.192693 0.025669 0.069282 0.864104
9 0.851649 0.242679 0.021191 0.055456 0.825845
9 0.785179 0.282355 0.017697 0.046003 0.825714
9 0.520712 0.343532 0.008934 0.032153 0.809119
9 0.436888 0.343500 0.008823 0.031537 0.805135
9 0.339012 0.344414 0.010406 0.032451 0.759627
2 0.810289 0.537690 0.059512 0.038662 0.469144
2 0.425534 0.583945 0.210946 0.094925 0.457535
2 0.507247 0.550934 0.066794 0.045937 0.399478
2 0.701897 0.527376 0.051255 0.045528 0.334312
2 0.822220 0.538216 0.034652 0.036076 0.303014
0 0.426426 0.825827 0.115181 0.158962 0.276937
