2 0.501281 0.819454 0.513891 0.355961 0.961461
2 0.464011 0.565696 0.194240 0.098837 0.932542
9 0.933224 0.192834 0.025774 0.068948 0.865930
9 0.785188 0.282366 0.017403 0.046592 0.833435
9 0.851708 0.243422 0.020817 0.054882 0.832626
9 0.520612 0.343536 0.008959 0.032592 0.810124
9 0.436969 0.343670 0.009017 0.031894 0.783245
9 0.339002 0.344023 0.010726 0.031804 0.757860
2 0.696093 0.529314 0.060087 0.049671 0.755526
2 0.821753 0.540265 0.036476 0.039762 0.321932
2 0.809908 0.539973 0.059494 0.042241 0.284224
