2 0.501557 0.819234 0.515174 0.356852 0.955141
2 0.869158 0.563409 0.197305 0.093212 0.923757
9 0.933090 0.192532 0.025780 0.068754 0.866048
9 0.785113 0.282355 0.016950 0.045421 0.832755
9 0.851858 0.243277 0.020393 0.054567 0.826269
9 0.520693 0.343420 0.009083 0.032768 0.809171
9 0.436893 0.343794 0.009236 0.030608 0.796426
9 0.339089 0.344645 0.010034 0.032357 0.777850
2 0.695842 0.530429 0.059343 0.051930 0.486652
2 0.431592 0.596524 0.298554 0.136002 0.354708
0 0.425464 0.825960 0.115982 0.161081 0.320235
