2 0.501401 0.818789 0.513004 0.357274 0.959174
2 0.193485 0.575524 0.230076 0.115623 0.941161
9 0.933041 0.192817 0.025884 0.069132 0.863389
9 0.851916 0.243130 0.020885 0.054878 0.832205
9 0.785220 0.282401 0.017773 0.045990 0.829211
9 0.436973 0.343464 0.009223 0.031533 0.804720
9 0.520695 0.343434 0.008580 0.031712 0.799887
2 0.696608 0.528794 0.059393 0.048303 0.774667
9 0.338911 0.344382 0.009960 0.032733 0.770581
2 0.809854 0.538136 0.058078 0.037576 0.413152
2 0.820747 0.538816 0.036780 0.036867 0.396382
0 0.579967 0.826241 0.120399 0.159117 0.381910
2 0.456577 0.580708 0.247231 0.103034 0.294448
2 0.793249 0.535773 0.024347 0.028488 0.268897
