2 0.501361 0.819235 0.514263 0.356270 0.955630
0 0.031489 0.603843 0.062977 0.176942 0.929174
2 0.915565 0.562108 0.168773 0.090369 0.920238
9 0.933084 0.192904 0.026313 0.068766 0.865339
9 0.785204 0.282201 0.017558 0.046793 0.839092
9 0.851810 0.242943 0.021033 0.054939 0.835376
9 0.520735 0.343481 0.009275 0.032986 0.810990
9 0.436968 0.343410 0.009362 0.031696 0.796578
9 0.339019 0.343962 0.010239 0.033625 0.776071
26 0.020075 0.623845 0.038441 0.043626 0.656810
2 0.695569 0.533411 0.061304 0.057414 0.610110
2 0.811397 0.535103 0.060398 0.034466 0.498333
2 0.821873 0.535387 0.039456 0.033034 0.373813
2 0.431763 0.603283 0.191912 0.129304 0.326863
2 0.793379 0.535887 0.024232 0.029767 0.261845
