2 0.501151 0.818208 0.513272 0.358753 0.957355
2 0.224538 0.574223 0.222877 0.114128 0.934678
9 0.933014 0.192869 0.025742 0.068927 0.864260
9 0.851891 0.243337 0.021202 0.054975 0.826868
9 0.785246 0.282588 0.016856 0.045510 0.821571
9 0.520707 0.343369 0.008881 0.032422 0.812016
9 0.436760 0.343676 0.009115 0.032016 0.804005
2 0.696415 0.528687 0.059905 0.048478 0.800682
9 0.339064 0.344274 0.010227 0.031859 0.779121
2 0.820917 0.538647 0.038200 0.038705 0.455713
2 0.810510 0.538268 0.059097 0.038913 0.343576
0 0.577408 0.827296 0.113740 0.157745 0.264157
