2 0.501428 0.819765 0.513880 0.356010 0.963716
9 0.933162 0.192794 0.025821 0.069232 0.861897
9 0.851722 0.243336 0.021220 0.054754 0.835208
9 0.785131 0.282094 0.017189 0.046359 0.834713
9 0.520649 0.343508 0.008890 0.032796 0.810263
9 0.436855 0.343422 0.008740 0.031359 0.803295
9 0.339052 0.344506 0.009514 0.032766 0.772260
2 0.696501 0.527914 0.057893 0.047004 0.757367
2 0.810769 0.535287 0.059217 0.035432 0.533544
2 0.822074 0.535325 0.036444 0.034688 0.411755
7 0.696271 0.527617 0.058235 0.047435 0.297215
