2 0.501419 0.820552 0.513656 0.354472 0.961301
2 0.045982 0.583246 0.091582 0.124945 0.923995
9 0.933105 0.192589 0.026034 0.069035 0.862611
9 0.785060 0.282075 0.017210 0.045998 0.837548
9 0.851637 0.243332 0.021194 0.054767 0.833188
2 0.696779 0.528195 0.059325 0.048007 0.811520
9 0.436876 0.343411 0.009114 0.031818 0.808423
9 0.520680 0.343831 0.008671 0.032467 0.807648
9 0.339117 0.344093 0.009869 0.032823 0.764058
2 0.811053 0.535857 0.059339 0.038282 0.455305
0 0.426484 0.826282 0.115120 0.162209 0.366154
0 0.579371 0.825285 0.121470 0.161843 0.334136
2 0.822134 0.535479 0.036844 0.035500 0.297405
