2 0.500920 0.819878 0.514105 0.355532 0.963593
2 0.045620 0.583206 0.090997 0.125046 0.930607
9 0.932868 0.192964 0.025822 0.068990 0.862693
9 0.785208 0.282175 0.017183 0.046131 0.832916
9 0.851671 0.243215 0.021370 0.054782 0.829477
9 0.520614 0.343640 0.008760 0.032097 0.807366
9 0.436951 0.343453 0.008775 0.031558 0.798909
9 0.339193 0.344590 0.010035 0.032638 0.772511
2 0.696451 0.528453 0.058951 0.047357 0.764959
2 0.821639 0.540214 0.038058 0.044195 0.399353
2 0.809536 0.540259 0.062236 0.045425 0.394075
0 0.578935 0.826176 0.119497 0.159946 0.312243
