2 0.500924 0.819478 0.514644 0.356201 0.959470
2 0.045938 0.584074 0.091691 0.127652 0.913020
9 0.932931 0.192684 0.025729 0.068938 0.863574
9 0.785367 0.282209 0.017861 0.046252 0.831909
9 0.851644 0.243215 0.021145 0.054938 0.829624
9 0.520615 0.343621 0.008871 0.032511 0.804145
9 0.436917 0.343379 0.009038 0.031223 0.792698
9 0.339058 0.344439 0.010481 0.032348 0.765202
2 0.696210 0.528188 0.058680 0.047197 0.737139
2 0.810671 0.540332 0.060328 0.044501 0.484407
2 0.821378 0.539721 0.038387 0.041808 0.289856
