2 0.500806 0.819633 0.513342 0.355518 0.958230
2 0.090633 0.577105 0.180735 0.115100 0.916300
9 0.933075 0.192723 0.026096 0.068900 0.863228
9 0.785124 0.282087 0.017333 0.046319 0.832413
9 0.851632 0.243324 0.020849 0.054650 0.827907
2 0.696581 0.528751 0.059587 0.048731 0.827463
9 0.520622 0.343727 0.008842 0.031785 0.809195
9 0.436957 0.343562 0.009085 0.031562 0.808098
9 0.339042 0.344533 0.010217 0.032856 0.771831
2 0.455407 0.578281 0.239749 0.094000 0.360995
2 0.820717 0.540728 0.035852 0.043588 0.277892
2 0.809799 0.540296 0.057722 0.043960 0.263115
0 0.057983 0.550101 0.031438 0.029095 0.256866
