2 0.501490 0.819985 0.513892 0.354879 0.962213
2 0.027933 0.589394 0.055741 0.118800 0.900507
9 0.932849 0.192742 0.025591 0.069278 0.864719
9 0.785126 0.282325 0.017364 0.046419 0.833706
9 0.851812 0.242980 0.021138 0.055238 0.832290
9 0.437091 0.343489 0.009283 0.031608 0.811273
2 0.697040 0.528254 0.059041 0.047817 0.810867
9 0.520827 0.343643 0.008888 0.032037 0.810469
9 0.339357 0.344155 0.009705 0.033068 0.758830
2 0.821336 0.536190 0.037099 0.032464 0.489836
2 0.810393 0.536138 0.058972 0.033907 0.370498
0 0.579166 0.825317 0.119782 0.160260 0.279532
2 0.794271 0.535517 0.025106 0.028468 0.265884
