2 0.501132 0.820344 0.514124 0.355316 0.959578
2 0.086542 0.578257 0.172778 0.116981 0.912270
9 0.933129 0.192810 0.025918 0.069176 0.863057
2 0.696704 0.528409 0.059490 0.049065 0.839202
9 0.785210 0.282055 0.017391 0.046498 0.831239
9 0.851710 0.243209 0.020774 0.054742 0.830106
9 0.436992 0.343369 0.009064 0.031897 0.808070
9 0.520580 0.343746 0.008855 0.031873 0.806587
9 0.338966 0.344845 0.010625 0.032730 0.776824
0 0.049040 0.549820 0.031146 0.030938 0.330123
2 0.809640 0.536867 0.058792 0.037789 0.278724
2 0.820991 0.538939 0.036301 0.040536 0.277639
2 0.453019 0.580269 0.244545 0.100937 0.252719
