2 0.501099 0.820025 0.513120 0.354975 0.961530
2 0.045971 0.582976 0.091448 0.124824 0.928863
9 0.933008 0.192804 0.026079 0.069110 0.867274
9 0.785209 0.282235 0.017890 0.046583 0.833821
9 0.851767 0.243237 0.021169 0.055060 0.829807
2 0.696881 0.528044 0.058873 0.047917 0.814162
9 0.520791 0.343565 0.008838 0.032668 0.811900
9 0.436849 0.343334 0.009017 0.031760 0.805892
9 0.339416 0.344678 0.010154 0.033211 0.769321
2 0.810958 0.536079 0.058552 0.036611 0.489517
2 0.822216 0.536367 0.036460 0.035739 0.379638
0 0.579469 0.826815 0.120442 0.160352 0.330674
2 0.794324 0.535531 0.024805 0.029157 0.261443
