2 0.501331 0.819616 0.513642 0.355767 0.960596
2 0.043401 0.583627 0.086712 0.125785 0.920497
9 0.932867 0.192725 0.025968 0.069132 0.862514
9 0.785339 0.282448 0.017168 0.046110 0.832427
9 0.851808 0.243195 0.020768 0.055083 0.831511
2 0.697185 0.528819 0.059229 0.047099 0.806939
9 0.520536 0.343441 0.008750 0.032160 0.805999
9 0.436893 0.343364 0.008514 0.031569 0.799705
9 0.339182 0.344386 0.010382 0.032291 0.758657
2 0.822312 0.535896 0.038600 0.034049 0.388861
2 0.793379 0.535722 0.026253 0.028136 0.276856
