2 0.501530 0.820218 0.514834 0.355921 0.963211
9 0.933139 0.192966 0.025765 0.068684 0.865193
2 0.020898 0.591934 0.041507 0.120732 0.839051
9 0.851803 0.243284 0.020963 0.054691 0.831974
9 0.785105 0.282126 0.017230 0.046554 0.829280
9 0.520700 0.343750 0.008757 0.032377 0.808121
9 0.436809 0.343630 0.009066 0.031411 0.803738
2 0.696713 0.527985 0.058216 0.047496 0.787974
9 0.339173 0.343974 0.009860 0.033463 0.782255
2 0.821492 0.536356 0.036900 0.032384 0.572375
2 0.794126 0.535220 0.025553 0.028490 0.391734
