2 0.500935 0.819909 0.514046 0.355141 0.960358
2 0.045942 0.582743 0.091541 0.125609 0.923924
9 0.932836 0.192809 0.025767 0.069030 0.864808
9 0.785210 0.282203 0.017374 0.046140 0.833334
9 0.851653 0.243229 0.020886 0.054898 0.829416
9 0.520770 0.343423 0.008834 0.032525 0.809278
9 0.436981 0.343625 0.008833 0.031714 0.806654
2 0.696766 0.527891 0.059375 0.048256 0.788385
9 0.339405 0.344018 0.009527 0.033086 0.755660
2 0.810906 0.540074 0.059472 0.041337 0.484292
2 0.821887 0.538940 0.037024 0.037393 0.336111
0 0.580412 0.830128 0.122408 0.153067 0.265438
