2 0.501631 0.819589 0.514259 0.356146 0.962511
2 0.039677 0.584905 0.079139 0.123885 0.910844
9 0.932994 0.192738 0.025799 0.069146 0.865612
9 0.851701 0.243221 0.021110 0.054930 0.833380
9 0.785095 0.282409 0.017709 0.046074 0.826901
9 0.520698 0.343613 0.008757 0.032297 0.806322
9 0.436882 0.343143 0.009082 0.031900 0.805469
9 0.339120 0.344049 0.010354 0.032469 0.760016
2 0.697035 0.528371 0.057670 0.047165 0.756554
2 0.810199 0.538401 0.061503 0.039781 0.393732
2 0.821919 0.537655 0.037411 0.036030 0.335388
0 0.579026 0.826045 0.119593 0.160186 0.315706
