2 0.501273 0.819740 0.514108 0.355518 0.962681
9 0.932986 0.192819 0.026124 0.068979 0.865377
9 0.785167 0.282157 0.017689 0.046287 0.835925
9 0.851914 0.243292 0.021325 0.054871 0.835272
9 0.436974 0.343325 0.009296 0.031379 0.804632
9 0.520571 0.343360 0.008827 0.032225 0.801468
9 0.338919 0.344011 0.010324 0.032643 0.769402
2 0.696712 0.527895 0.058700 0.047468 0.760895
2 0.810893 0.537069 0.060189 0.039207 0.407301
0 0.574295 0.826680 0.112108 0.158601 0.316839
7 0.696463 0.527753 0.059114 0.048091 0.255085
