2 0.501469 0.818937 0.514126 0.357598 0.958180
2 0.097754 0.581022 0.195166 0.122165 0.914671
9 0.933021 0.192661 0.026039 0.069016 0.867621
2 0.696896 0.528302 0.059580 0.048586 0.837572
9 0.785122 0.282102 0.017245 0.046454 0.833616
9 0.851639 0.243231 0.021246 0.054739 0.832033
9 0.520695 0.343641 0.008894 0.032671 0.808507
9 0.437030 0.343408 0.009242 0.031642 0.803229
9 0.338981 0.344464 0.010439 0.033704 0.777173
2 0.821574 0.537746 0.036587 0.037240 0.358405
2 0.810902 0.538643 0.058131 0.039742 0.313608
0 0.425440 0.825971 0.114872 0.161503 0.278646
