2 0.501153 0.819786 0.513166 0.355141 0.961313
2 0.045553 0.583210 0.090869 0.125444 0.925694
9 0.933085 0.192768 0.026021 0.069202 0.864444
9 0.785174 0.281955 0.017356 0.046266 0.831662
9 0.851704 0.243261 0.021321 0.054880 0.828393
9 0.520670 0.343621 0.008939 0.032155 0.808028
9 0.436831 0.343561 0.008678 0.031249 0.800439
2 0.696787 0.528119 0.058674 0.047590 0.796295
9 0.339097 0.344234 0.010350 0.032427 0.772312
2 0.820992 0.540564 0.038763 0.047272 0.359458
2 0.810909 0.540130 0.059364 0.048000 0.350227
0 0.579364 0.827259 0.120519 0.156317 0.269730
