2 0.501448 0.819140 0.514506 0.356788 0.959316
2 0.105184 0.583036 0.209979 0.126542 0.929134
9 0.933141 0.192862 0.026231 0.068665 0.867135
2 0.696747 0.528575 0.059158 0.047836 0.833083
9 0.785024 0.282258 0.016909 0.046238 0.833082
9 0.851658 0.243277 0.021131 0.055110 0.830407
9 0.520761 0.343725 0.008905 0.032404 0.810816
9 0.436977 0.343226 0.008955 0.031858 0.800146
9 0.338791 0.344353 0.010468 0.032391 0.761756
2 0.821882 0.536351 0.036613 0.036657 0.430192
2 0.810826 0.536199 0.058522 0.037570 0.354557
0 0.092715 0.548975 0.023576 0.025903 0.271932
0 0.579254 0.826014 0.117706 0.156314 0.255712
2 0.793955 0.535645 0.024726 0.029994 0.254246
