2 0.501067 0.820408 0.513677 0.355093 0.963311
9 0.932885 0.192650 0.025757 0.068979 0.864935
9 0.785162 0.282357 0.017334 0.045920 0.839166
9 0.851620 0.243365 0.020712 0.054618 0.832750
9 0.436915 0.343411 0.009191 0.031632 0.807527
9 0.520710 0.343330 0.008366 0.031760 0.796276
9 0.338960 0.344114 0.010406 0.032077 0.769351
2 0.697291 0.528067 0.058416 0.047224 0.738308
2 0.809377 0.536719 0.061476 0.036194 0.464114
2 0.822020 0.536178 0.035416 0.033479 0.306728
7 0.697336 0.527874 0.058622 0.047626 0.269624
