2 0.501194 0.819442 0.514707 0.356409 0.959936
2 0.045973 0.583594 0.091682 0.124286 0.923281
9 0.933055 0.192793 0.025796 0.069160 0.865166
9 0.785298 0.282035 0.017264 0.046296 0.836089
9 0.851904 0.243211 0.020858 0.055014 0.832429
2 0.697090 0.528454 0.058796 0.047553 0.802410
9 0.436902 0.343325 0.008968 0.031283 0.801681
9 0.520566 0.343261 0.008404 0.031755 0.799441
9 0.339087 0.344133 0.009849 0.033132 0.765794
2 0.810516 0.535874 0.059974 0.036669 0.506744
2 0.822275 0.535782 0.036444 0.035305 0.332574
0 0.579669 0.825412 0.120179 0.160135 0.291041
