2 0.500984 0.819550 0.513536 0.356548 0.958742
2 0.093845 0.578001 0.187214 0.115317 0.920010
9 0.932923 0.192690 0.025840 0.068974 0.855698
9 0.785086 0.282114 0.017367 0.046538 0.828415
9 0.851735 0.243442 0.021035 0.054782 0.822728
2 0.696517 0.528406 0.059525 0.048420 0.809800
9 0.437028 0.343476 0.009170 0.031384 0.805087
9 0.520755 0.343723 0.008728 0.032421 0.804558
9 0.339044 0.344517 0.010422 0.033102 0.772093
2 0.810160 0.534451 0.057356 0.033689 0.585119
2 0.821874 0.534354 0.033971 0.032351 0.344978
0 0.066275 0.549499 0.028521 0.028751 0.299172
