2 0.501521 0.819682 0.513627 0.354759 0.960299
9 0.932855 0.192890 0.025600 0.069110 0.864133
9 0.785129 0.282257 0.017435 0.046181 0.834974
9 0.851617 0.243213 0.021345 0.054663 0.831789
9 0.520782 0.343196 0.008881 0.032279 0.807490
2 0.696464 0.527839 0.057737 0.047123 0.806366
9 0.436879 0.343403 0.009155 0.031827 0.796361
9 0.338914 0.344174 0.010336 0.032893 0.759003
2 0.821576 0.536330 0.035980 0.033324 0.282866
2 0.810481 0.540640 0.059861 0.042737 0.281971
0 0.579213 0.826981 0.120899 0.159998 0.280845
