2 0.501520 0.820019 0.513806 0.355415 0.962267
9 0.933068 0.192718 0.026192 0.069109 0.864883
9 0.851645 0.243318 0.021281 0.054951 0.836425
9 0.785257 0.282255 0.017501 0.046257 0.835663
9 0.436939 0.343665 0.009259 0.031664 0.815135
9 0.520550 0.343420 0.008857 0.032869 0.811177
2 0.697093 0.527871 0.059059 0.047704 0.799264
9 0.338869 0.344288 0.010224 0.032321 0.776158
2 0.810778 0.540594 0.061653 0.044492 0.386097
0 0.577082 0.826487 0.116742 0.161133 0.291473
0 0.426012 0.826944 0.116117 0.160552 0.288657
