2 0.501244 0.819632 0.513885 0.356059 0.961377
9 0.932846 0.192575 0.025593 0.069049 0.869475
9 0.785267 0.282211 0.017656 0.046517 0.835655
9 0.851715 0.243195 0.021178 0.054587 0.834196
9 0.520702 0.343523 0.008777 0.032064 0.814971
9 0.436848 0.343444 0.009014 0.031982 0.807390
9 0.339079 0.344584 0.010067 0.032881 0.777776
2 0.696775 0.527847 0.058416 0.046992 0.766956
2 0.809308 0.535885 0.058905 0.033677 0.375164
2 0.820906 0.535915 0.036001 0.032208 0.347831
7 0.696738 0.527677 0.058588 0.047463 0.279189
