2 0.501407 0.819916 0.514747 0.355270 0.961176
2 0.046074 0.583084 0.091780 0.125149 0.927269
9 0.933051 0.192710 0.025975 0.069082 0.862235
9 0.785282 0.281990 0.017810 0.046771 0.832193
9 0.851638 0.243208 0.021063 0.054862 0.830577
9 0.520864 0.343483 0.008762 0.032348 0.809905
9 0.436920 0.343482 0.008982 0.031579 0.807275
2 0.697369 0.528272 0.059152 0.047722 0.791587
9 0.339057 0.344177 0.009997 0.032700 0.760515
2 0.811331 0.536615 0.059163 0.037408 0.539873
0 0.425105 0.826732 0.115853 0.160629 0.264226
