2 0.501383 0.819432 0.513542 0.356553 0.960899
2 0.051520 0.582348 0.102487 0.122400 0.931805
9 0.932884 0.192813 0.025853 0.068849 0.861376
9 0.785225 0.281993 0.017648 0.046426 0.832016
9 0.851834 0.243299 0.020923 0.054693 0.826558
2 0.697122 0.528574 0.059257 0.048245 0.807791
9 0.520699 0.343528 0.008891 0.032290 0.806257
9 0.436818 0.343405 0.009142 0.031979 0.801097
9 0.339136 0.344064 0.010266 0.033177 0.777424
2 0.810046 0.536157 0.060134 0.036047 0.462040
2 0.821797 0.536401 0.036978 0.035051 0.389948
2 0.793528 0.535587 0.025590 0.028513 0.267347
