2 0.500978 0.820242 0.515313 0.354385 0.962233
2 0.046030 0.582582 0.091613 0.125698 0.925062
9 0.932941 0.192835 0.025856 0.068828 0.864419
9 0.785213 0.282429 0.017506 0.046110 0.833221
9 0.851816 0.243316 0.020777 0.055095 0.829018
2 0.696683 0.528159 0.058819 0.048483 0.821936
9 0.436920 0.343453 0.008845 0.032016 0.807445
9 0.520749 0.343560 0.008724 0.032501 0.805072
9 0.339179 0.344512 0.010003 0.033019 0.773016
2 0.810765 0.536216 0.058813 0.036396 0.438747
2 0.822149 0.536233 0.036200 0.034198 0.311718
0 0.579407 0.826686 0.118835 0.160263 0.267888
