2 0.500958 0.820061 0.513746 0.355542 0.962542
9 0.932863 0.192674 0.025701 0.068929 0.863508
9 0.785193 0.282171 0.017450 0.046251 0.835076
9 0.851771 0.243332 0.020972 0.054680 0.831717
9 0.520525 0.343639 0.008463 0.032080 0.804884
2 0.696975 0.528113 0.058740 0.047408 0.803172
9 0.436895 0.343442 0.008941 0.031438 0.802707
9 0.338909 0.344292 0.010311 0.032192 0.768675
2 0.810625 0.538252 0.060547 0.036757 0.480598
2 0.822069 0.537577 0.036643 0.033891 0.281210
0 0.578975 0.825876 0.120243 0.160822 0.265623
