2 0.500882 0.819242 0.513900 0.357605 0.958690
2 0.083156 0.577805 0.165995 0.116495 0.912922
9 0.933144 0.192616 0.025775 0.068959 0.860903
9 0.785363 0.282070 0.017686 0.046583 0.832417
9 0.851569 0.243445 0.020897 0.054512 0.828257
2 0.696036 0.528491 0.061131 0.048613 0.819693
9 0.436910 0.343180 0.008841 0.031515 0.807550
9 0.520697 0.343614 0.008849 0.031738 0.805705
9 0.338858 0.344437 0.010305 0.032636 0.765137
2 0.810297 0.535851 0.059550 0.036847 0.467484
2 0.822082 0.535764 0.035908 0.035712 0.293339
0 0.578826 0.826843 0.119040 0.158088 0.250325
