2 0.501598 0.819762 0.513889 0.356111 0.962705
2 0.040579 0.584258 0.081031 0.124912 0.914292
9 0.932873 0.192683 0.025751 0.069168 0.863390
9 0.851682 0.243229 0.021132 0.054954 0.830267
9 0.785198 0.282395 0.017847 0.045983 0.824151
9 0.520638 0.343487 0.008699 0.032366 0.810540
2 0.697920 0.528484 0.057886 0.047304 0.805198
9 0.436929 0.343145 0.009375 0.032378 0.799766
9 0.339073 0.344367 0.010038 0.032977 0.776270
2 0.822059 0.536552 0.038061 0.034940 0.403162
2 0.810070 0.536397 0.061514 0.036166 0.341546
0 0.577347 0.826590 0.116863 0.159483 0.315528
