2 0.501751 0.819917 0.513653 0.355534 0.961187
9 0.933050 0.192886 0.026009 0.068797 0.868511
9 0.851536 0.243445 0.021445 0.054687 0.835008
9 0.784971 0.282395 0.017329 0.045275 0.829264
9 0.436846 0.343277 0.009079 0.031976 0.809511
9 0.520744 0.343311 0.009132 0.032280 0.802938
9 0.338868 0.343944 0.009942 0.032753 0.774719
2 0.695857 0.528120 0.056947 0.047337 0.665645
0 0.425715 0.825905 0.115926 0.161842 0.331059
2 0.820537 0.535431 0.035645 0.033015 0.305716
0 0.576999 0.826809 0.116678 0.159965 0.275605
7 0.695968 0.527991 0.056811 0.047660 0.253038
