2 0.501437 0.820405 0.514924 0.355050 0.962466
2 0.036839 0.586242 0.073609 0.122359 0.905133
9 0.932964 0.192679 0.025587 0.069168 0.864553
9 0.851666 0.243036 0.021235 0.054656 0.831729
9 0.785176 0.282572 0.017676 0.046219 0.825135
9 0.520817 0.343509 0.008442 0.032218 0.806066
2 0.697257 0.528309 0.058538 0.047453 0.798674
9 0.436949 0.342977 0.008912 0.031851 0.787004
9 0.339181 0.343947 0.010209 0.032462 0.765819
2 0.821815 0.536433 0.037154 0.034019 0.475789
2 0.810028 0.536360 0.060697 0.035408 0.412186
2 0.792899 0.535737 0.025245 0.028217 0.287488
0 0.579038 0.827054 0.119538 0.158718 0.268083
