2 0.501469 0.819407 0.512632 0.354983 0.961698
9 0.933188 0.192825 0.025801 0.068930 0.862542
9 0.785184 0.282251 0.017497 0.046166 0.831668
9 0.851528 0.243312 0.021137 0.054779 0.831272
9 0.436940 0.343424 0.009059 0.032124 0.810596
9 0.520524 0.343504 0.008998 0.032045 0.802844
9 0.338733 0.344114 0.010006 0.032835 0.770600
2 0.696213 0.527828 0.057938 0.048344 0.705136
2 0.812264 0.540066 0.062353 0.044607 0.460334
7 0.696015 0.527589 0.058309 0.048816 0.297073
2 0.822756 0.537656 0.039040 0.038705 0.276760
