2 0.501309 0.819900 0.513703 0.354742 0.961953
9 0.932952 0.192822 0.025886 0.068921 0.867993
9 0.785174 0.282265 0.017475 0.046292 0.838802
9 0.851644 0.243333 0.021045 0.054703 0.838366
9 0.436902 0.343507 0.009076 0.031836 0.813055
9 0.520556 0.343408 0.008707 0.032084 0.808374
2 0.696835 0.527565 0.058564 0.047699 0.779780
9 0.338961 0.344042 0.010200 0.032402 0.771693
2 0.811553 0.536664 0.058920 0.036811 0.410494
0 0.578841 0.826224 0.119988 0.161223 0.323426
0 0.424306 0.827268 0.116502 0.159574 0.295919
7 0.696780 0.527455 0.058834 0.048164 0.264768
