2 0.500682 0.819872 0.513455 0.356018 0.964186
2 0.045538 0.583284 0.090837 0.124812 0.928423
9 0.932983 0.192948 0.025705 0.068621 0.865515
9 0.785257 0.282193 0.017575 0.046380 0.835642
9 0.851608 0.243174 0.021247 0.054680 0.829107
9 0.520642 0.343694 0.008766 0.032426 0.810362
2 0.696756 0.528355 0.059207 0.047647 0.809045
9 0.436847 0.343358 0.008667 0.031517 0.796818
9 0.339164 0.344634 0.010263 0.032435 0.776434
2 0.809947 0.538701 0.061115 0.040891 0.393863
2 0.821654 0.538852 0.037787 0.040417 0.343840
