2 0.501580 0.820149 0.513711 0.354566 0.962562
2 0.044419 0.583150 0.088583 0.126074 0.923045
9 0.932827 0.192890 0.025921 0.068812 0.864631
9 0.851573 0.243168 0.021253 0.055119 0.833831
9 0.785296 0.282301 0.017003 0.046214 0.833214
9 0.520594 0.343573 0.008898 0.032210 0.814002
9 0.436916 0.343481 0.008514 0.031836 0.796807
2 0.697264 0.528255 0.059140 0.047871 0.796078
9 0.339100 0.344872 0.010229 0.032663 0.774931
2 0.811221 0.535935 0.061034 0.037661 0.450203
2 0.822240 0.535904 0.038592 0.035948 0.343505
0 0.425237 0.826799 0.115829 0.161058 0.279204
0 0.579156 0.825893 0.119485 0.161279 0.263002
