2 0.501088 0.819586 0.513112 0.355519 0.958664
2 0.053789 0.582781 0.106813 0.122734 0.933401
9 0.932724 0.192847 0.025089 0.068840 0.861338
9 0.785273 0.282022 0.017432 0.046069 0.832045
9 0.851775 0.243275 0.020900 0.054900 0.829464
9 0.520645 0.343529 0.008926 0.032230 0.811363
9 0.436861 0.343297 0.009163 0.032740 0.805135
2 0.696956 0.528468 0.059007 0.048465 0.791608
9 0.338974 0.343907 0.010272 0.032805 0.772707
2 0.809969 0.536201 0.059742 0.036070 0.460447
2 0.821820 0.536335 0.036127 0.034296 0.312274
