2 0.501310 0.819501 0.513274 0.355244 0.961433
9 0.932843 0.192975 0.025669 0.068886 0.868255
9 0.851689 0.243297 0.021160 0.054721 0.836340
9 0.785114 0.282457 0.017432 0.046466 0.833820
9 0.520628 0.343420 0.008708 0.032535 0.814306
9 0.436885 0.343270 0.008966 0.031702 0.811074
2 0.696767 0.527758 0.058129 0.047779 0.762116
9 0.339335 0.344384 0.009783 0.032592 0.752114
2 0.809774 0.536745 0.061566 0.038108 0.428377
0 0.576494 0.827444 0.116387 0.159519 0.282063
2 0.821851 0.535584 0.036084 0.034239 0.281351
7 0.696501 0.527400 0.058460 0.048414 0.263796
