2 0.501115 0.820240 0.513522 0.355201 0.963215
2 0.041446 0.584081 0.082758 0.125749 0.922293
9 0.932928 0.192697 0.026048 0.069014 0.865936
9 0.851956 0.243296 0.020818 0.054838 0.828781
9 0.785308 0.282323 0.017110 0.045803 0.821845
9 0.520614 0.343546 0.008836 0.032237 0.810872
2 0.697324 0.528638 0.059219 0.047309 0.804933
9 0.436926 0.343309 0.009061 0.032216 0.797372
9 0.338961 0.344502 0.010459 0.033173 0.765281
2 0.822104 0.535807 0.037475 0.034715 0.400275
2 0.809893 0.535906 0.061550 0.036351 0.358606
0 0.425503 0.826704 0.115131 0.159786 0.298133
0 0.574608 0.825920 0.110761 0.161385 0.295636
