2 0.501282 0.819518 0.514493 0.355587 0.963472
2 0.031831 0.588619 0.063595 0.118637 0.895847
9 0.933105 0.192738 0.025808 0.069122 0.867307
9 0.785289 0.282405 0.017189 0.046168 0.834781
9 0.851793 0.243121 0.021420 0.055217 0.832706
2 0.696854 0.528209 0.058824 0.047725 0.827037
9 0.436899 0.343490 0.008809 0.031646 0.806364
9 0.520801 0.343558 0.008736 0.031772 0.804307
9 0.339278 0.344701 0.010217 0.032008 0.761325
2 0.821151 0.536360 0.038358 0.036158 0.403555
2 0.810703 0.537346 0.059934 0.039382 0.387668
