2 0.501043 0.819637 0.513791 0.356005 0.957754
2 0.068135 0.580462 0.136097 0.116557 0.932040
9 0.932939 0.192726 0.025877 0.068781 0.864318
9 0.785206 0.282191 0.017314 0.045796 0.832376
9 0.851738 0.243114 0.021333 0.055426 0.820630
9 0.520729 0.343517 0.008606 0.032599 0.811784
9 0.437009 0.343392 0.009132 0.031956 0.807510
2 0.696728 0.528565 0.059060 0.047682 0.801054
9 0.339132 0.344510 0.010242 0.032908 0.784724
2 0.810913 0.535603 0.059245 0.035178 0.534113
2 0.822351 0.535608 0.036303 0.033311 0.301665
