2 0.501078 0.819620 0.514309 0.355824 0.961479
2 0.046027 0.582292 0.091728 0.125820 0.924424
9 0.932675 0.192947 0.025195 0.068974 0.866534
9 0.785154 0.282336 0.017357 0.046375 0.834992
9 0.851743 0.243192 0.020830 0.054986 0.829525
9 0.520738 0.343411 0.008703 0.032702 0.812484
9 0.436918 0.343548 0.008868 0.031638 0.803971
2 0.696812 0.528451 0.059368 0.047550 0.787705
9 0.339061 0.344210 0.010375 0.032816 0.770506
2 0.810978 0.541555 0.060273 0.044753 0.444387
2 0.821742 0.540383 0.038196 0.041427 0.311573
