2 0.501422 0.819546 0.513441 0.355714 0.962349
9 0.932999 0.192877 0.025996 0.069377 0.863792
9 0.785271 0.282301 0.017487 0.046626 0.833823
9 0.851730 0.243384 0.021146 0.054906 0.828682
9 0.520735 0.343391 0.008837 0.032525 0.807759
9 0.436731 0.343661 0.008943 0.031956 0.799839
2 0.696423 0.527827 0.058129 0.047267 0.778207
9 0.339313 0.344067 0.010139 0.033124 0.761555
2 0.821698 0.535946 0.035951 0.033550 0.302942
2 0.810611 0.537606 0.058699 0.038346 0.264506
0 0.578872 0.826387 0.120902 0.159642 0.258944
