2 0.501450 0.818624 0.513461 0.358088 0.959250
2 0.109205 0.580678 0.217648 0.123664 0.931408
9 0.933077 0.192835 0.026042 0.068626 0.864891
9 0.785212 0.282071 0.017269 0.046425 0.833471
9 0.851676 0.243284 0.020971 0.055261 0.832492
9 0.520738 0.343571 0.008925 0.032178 0.808511
2 0.696912 0.529275 0.060096 0.048849 0.804270
9 0.437017 0.342967 0.008829 0.031407 0.796579
9 0.338916 0.344483 0.010414 0.032933 0.770946
2 0.822001 0.537648 0.036920 0.039890 0.434973
2 0.810602 0.537693 0.059215 0.040534 0.321069
