2 0.501366 0.820237 0.514459 0.355075 0.963380
2 0.035280 0.586703 0.070463 0.120784 0.914476
9 0.933146 0.192745 0.026076 0.069029 0.866671
9 0.785277 0.282548 0.017471 0.046038 0.828279
9 0.851902 0.243188 0.021029 0.054899 0.827930
9 0.520850 0.343553 0.008674 0.032230 0.809255
9 0.436783 0.343258 0.008503 0.031562 0.798209
2 0.696957 0.528291 0.058595 0.047684 0.789350
9 0.339158 0.344104 0.010030 0.032320 0.770795
2 0.821852 0.536210 0.037111 0.034352 0.441009
2 0.810164 0.536434 0.060592 0.036101 0.424419
2 0.793226 0.535902 0.024730 0.028474 0.262190
