2 0.501538 0.819835 0.513818 0.356141 0.962762
9 0.933025 0.192705 0.025824 0.068774 0.865083
9 0.851570 0.243375 0.021316 0.054517 0.833019
9 0.785056 0.282294 0.017022 0.046393 0.831253
9 0.520748 0.343648 0.008474 0.032625 0.806476
9 0.436827 0.343415 0.008632 0.031659 0.803835
9 0.339047 0.344523 0.009870 0.033012 0.770510
2 0.696806 0.527891 0.058202 0.046679 0.767343
2 0.822110 0.535391 0.037221 0.035923 0.451630
2 0.810454 0.535133 0.060256 0.036185 0.432501
7 0.696835 0.527694 0.058375 0.047186 0.294584
