2 0.501413 0.819992 0.514332 0.355348 0.962971
9 0.933051 0.192735 0.026182 0.068845 0.867466
9 0.785269 0.282248 0.017205 0.046138 0.836539
9 0.851758 0.243269 0.021095 0.054434 0.833643
9 0.520637 0.343564 0.008892 0.032300 0.809130
9 0.436854 0.343681 0.009063 0.031313 0.806050
9 0.339004 0.344147 0.010233 0.032774 0.776264
2 0.695909 0.527703 0.058258 0.047571 0.664548
2 0.810244 0.536041 0.059567 0.034948 0.498298
7 0.695718 0.527400 0.058620 0.048106 0.298293
2 0.821774 0.535791 0.036207 0.032998 0.289497
