2 0.501290 0.819806 0.513599 0.355883 0.961607
9 0.932748 0.192767 0.025476 0.069356 0.867727
9 0.785221 0.282245 0.017709 0.046026 0.836477
9 0.851905 0.243455 0.020896 0.054860 0.831575
9 0.436938 0.343600 0.009001 0.031194 0.807884
9 0.520666 0.343513 0.008500 0.031711 0.805859
2 0.696934 0.527882 0.059293 0.047794 0.799332
9 0.338837 0.344281 0.010378 0.032305 0.753569
2 0.810206 0.536593 0.061033 0.035365 0.338111
0 0.579923 0.826864 0.122955 0.159092 0.309194
2 0.822016 0.535874 0.037114 0.032918 0.302076
7 0.696846 0.527636 0.059609 0.048155 0.258593
