2 0.501281 0.818135 0.497383 0.358482 0.958935
9 0.933034 0.192911 0.025707 0.068649 0.868256
9 0.785346 0.282333 0.017579 0.046120 0.834264
9 0.851448 0.243400 0.021264 0.054361 0.834126
2 0.696783 0.528351 0.057979 0.048166 0.790232
9 0.521072 0.344066 0.009520 0.031172 0.788769
2 0.024680 0.878319 0.049467 0.241141 0.783980
9 0.436745 0.345046 0.009862 0.029772 0.721235
9 0.338536 0.344130 0.010419 0.032805 0.689440
2 0.810092 0.539729 0.061294 0.044379 0.434668
2 0.821935 0.535320 0.035229 0.034220 0.261800
