2 0.500772 0.819604 0.512620 0.355972 0.961736
9 0.932986 0.192735 0.025904 0.069102 0.867423
9 0.785017 0.282161 0.017370 0.046284 0.835962
9 0.851608 0.243219 0.021075 0.054590 0.833018
9 0.520627 0.343533 0.008843 0.032347 0.809488
9 0.436785 0.343634 0.009050 0.031178 0.805062
2 0.697304 0.528052 0.059350 0.047900 0.782178
9 0.339105 0.344522 0.010500 0.033544 0.750049
2 0.022612 0.879284 0.045301 0.240535 0.733996
2 0.810033 0.537385 0.060021 0.038006 0.470819
2 0.821859 0.536500 0.035697 0.035272 0.308791
