2 0.501725 0.813138 0.452902 0.367589 0.958312
9 0.932960 0.192800 0.026343 0.069306 0.865776
2 0.035373 0.869580 0.070769 0.256542 0.863718
9 0.851547 0.243574 0.021330 0.054701 0.830697
9 0.785107 0.282249 0.017782 0.045896 0.827597
9 0.521218 0.343590 0.009466 0.031886 0.797256
2 0.696907 0.527955 0.059021 0.047536 0.776177
9 0.436827 0.344813 0.009450 0.030323 0.756050
9 0.338652 0.344850 0.010225 0.032181 0.648245
2 0.810675 0.539972 0.060323 0.044216 0.453696
2 0.822261 0.538308 0.036347 0.039145 0.268384
