2 0.501234 0.820352 0.514084 0.354731 0.962619
9 0.932729 0.192931 0.025554 0.069005 0.866599
9 0.785188 0.282282 0.017367 0.046475 0.836696
9 0.851875 0.243401 0.021138 0.054607 0.835987
9 0.520667 0.343643 0.008861 0.032457 0.810632
9 0.436727 0.343611 0.008858 0.031294 0.810269
9 0.339110 0.344519 0.009950 0.032973 0.771779
2 0.696130 0.527852 0.059063 0.047611 0.602320
2 0.809984 0.536629 0.060386 0.034073 0.466513
2 0.821797 0.536840 0.036320 0.032351 0.343522
7 0.695872 0.527553 0.059219 0.048065 0.322216
