2 0.501476 0.819634 0.513507 0.356276 0.960491
9 0.933047 0.192941 0.025948 0.068773 0.865882
9 0.785178 0.282398 0.017245 0.045868 0.833543
9 0.851780 0.243263 0.021336 0.054616 0.832956
9 0.520680 0.343704 0.008643 0.032405 0.811709
2 0.697283 0.527987 0.059270 0.047903 0.798704
9 0.436919 0.343329 0.008535 0.030971 0.798635
9 0.339135 0.343992 0.009886 0.033256 0.764480
2 0.022522 0.880990 0.045176 0.236383 0.741321
2 0.822210 0.536268 0.037723 0.036432 0.382351
2 0.810362 0.536541 0.061285 0.038002 0.357688
