2 0.501471 0.819949 0.513598 0.356408 0.963450
9 0.932634 0.193005 0.025926 0.068787 0.860267
9 0.851648 0.243369 0.021237 0.054371 0.832297
9 0.785182 0.282215 0.017275 0.045738 0.831331
2 0.697032 0.527926 0.058183 0.047182 0.794949
9 0.521025 0.344370 0.009644 0.031178 0.783524
9 0.436576 0.344984 0.009016 0.029543 0.743986
2 0.022637 0.879812 0.045407 0.239949 0.712666
9 0.338625 0.344941 0.010272 0.032685 0.547847
2 0.810279 0.534794 0.061101 0.035084 0.453779
2 0.822571 0.534171 0.036298 0.033298 0.285529
