2 0.501427 0.819691 0.514090 0.356141 0.961887
9 0.932957 0.193080 0.025827 0.068965 0.866806
9 0.851688 0.243241 0.021147 0.055011 0.833403
9 0.785176 0.282212 0.017527 0.046567 0.830871
2 0.696792 0.527940 0.059790 0.047749 0.813355
9 0.520755 0.343531 0.008796 0.032513 0.810455
9 0.436705 0.343396 0.009405 0.032294 0.805263
9 0.338839 0.344430 0.010471 0.033434 0.769280
2 0.022677 0.882380 0.045611 0.234631 0.683981
2 0.810500 0.536425 0.059594 0.035456 0.382785
2 0.810661 0.539785 0.060850 0.041868 0.322375
2 0.821940 0.536785 0.036736 0.034634 0.289555
0 0.578644 0.825199 0.120851 0.162185 0.264535
