2 0.501335 0.820104 0.514077 0.355779 0.964891
9 0.933092 0.192767 0.026132 0.069287 0.864771
9 0.785009 0.282317 0.017505 0.045890 0.837715
9 0.851794 0.243240 0.021121 0.054474 0.836112
9 0.436932 0.343257 0.008937 0.030726 0.809715
9 0.520570 0.343074 0.008962 0.032587 0.809687
9 0.339158 0.344553 0.010263 0.031807 0.752521
2 0.696936 0.527785 0.058804 0.048036 0.675102
2 0.810301 0.535970 0.058967 0.035047 0.522359
2 0.821545 0.536394 0.036602 0.034156 0.357718
7 0.697030 0.527518 0.059184 0.048781 0.319093
2 0.793567 0.535794 0.024666 0.028649 0.260827
