2 0.500424 0.819788 0.513422 0.355561 0.962353
9 0.932914 0.192718 0.025836 0.069164 0.861224
9 0.785339 0.282119 0.017632 0.046727 0.839400
9 0.851703 0.243256 0.021150 0.054731 0.831913
9 0.520600 0.343490 0.008584 0.031552 0.804742
9 0.436866 0.343344 0.009179 0.031172 0.801984
2 0.696957 0.527971 0.059303 0.047717 0.792399
9 0.338981 0.344322 0.010281 0.032489 0.756989
2 0.821522 0.535962 0.036937 0.033673 0.331387
2 0.810298 0.536530 0.060059 0.036600 0.308569
7 0.696913 0.527827 0.059520 0.048173 0.260087
