2 0.501487 0.819684 0.513955 0.356332 0.960590
9 0.933155 0.192604 0.025784 0.069599 0.862700
9 0.785060 0.282256 0.017109 0.046062 0.831639
9 0.851802 0.243320 0.021017 0.054437 0.830957
9 0.436922 0.343560 0.008975 0.031614 0.808778
9 0.520762 0.343431 0.008690 0.032184 0.804034
9 0.339011 0.344198 0.010031 0.033477 0.750153
2 0.696446 0.528238 0.058025 0.047280 0.747058
2 0.023235 0.882157 0.046777 0.234470 0.692684
2 0.810161 0.540793 0.062246 0.045252 0.355955
7 0.696523 0.527904 0.058430 0.047854 0.268976
