2 0.501011 0.819820 0.513932 0.355709 0.962544
9 0.933078 0.192720 0.025771 0.069038 0.868354
9 0.785226 0.282360 0.017576 0.046429 0.838737
9 0.851925 0.243382 0.020846 0.054423 0.830415
9 0.520743 0.343407 0.008701 0.032400 0.809473
9 0.436918 0.343593 0.009231 0.031626 0.802209
2 0.697001 0.527990 0.058951 0.049005 0.787732
9 0.339181 0.344167 0.010119 0.032051 0.756237
2 0.810216 0.535481 0.058395 0.035745 0.517765
2 0.821524 0.535882 0.036174 0.034684 0.426424
0 0.578164 0.826181 0.119147 0.160390 0.288407
2 0.793502 0.535563 0.024166 0.028765 0.263524
