2 0.501363 0.813828 0.461048 0.364807 0.958094
2 0.033244 0.870355 0.066481 0.255101 0.883668
9 0.932735 0.192812 0.025663 0.069137 0.864290
9 0.851845 0.243391 0.021058 0.054565 0.828116
9 0.785276 0.282439 0.017654 0.045447 0.827524
2 0.696569 0.527785 0.057934 0.047218 0.805941
9 0.521171 0.343805 0.009566 0.031830 0.795670
9 0.436831 0.344530 0.009351 0.030090 0.766132
9 0.338472 0.344862 0.010022 0.031478 0.561525
2 0.810567 0.541355 0.061760 0.047951 0.463060
2 0.821953 0.540814 0.037572 0.045241 0.259450
