2 0.501270 0.820026 0.513970 0.355872 0.962982
9 0.933093 0.192730 0.025713 0.069169 0.869196
9 0.851810 0.243128 0.021194 0.055014 0.836486
9 0.784986 0.282198 0.016990 0.046183 0.835929
9 0.520619 0.343746 0.009075 0.032916 0.811320
9 0.436805 0.343256 0.008906 0.031763 0.804635
9 0.338942 0.344431 0.010741 0.033182 0.775288
2 0.696524 0.528292 0.058620 0.047392 0.745902
2 0.023002 0.882502 0.046318 0.233537 0.552043
2 0.810474 0.539426 0.061023 0.040743 0.355026
0 0.579509 0.826134 0.121239 0.161496 0.287448
0 0.425069 0.826793 0.117241 0.161442 0.275629
