2 0.501364 0.819646 0.512761 0.355551 0.962031
9 0.932928 0.192866 0.026095 0.069353 0.865443
9 0.785309 0.282052 0.017895 0.046961 0.835706
9 0.851915 0.243254 0.020599 0.055133 0.829170
2 0.696978 0.527868 0.058523 0.047455 0.811876
9 0.436857 0.343528 0.008950 0.030844 0.804924
9 0.520690 0.343731 0.008428 0.031642 0.795430
9 0.339085 0.344506 0.010277 0.032852 0.766627
2 0.810655 0.535302 0.058814 0.035064 0.355619
0 0.575991 0.825716 0.113895 0.161983 0.291728
2 0.821428 0.535601 0.037279 0.033286 0.287623
0 0.425149 0.826298 0.117270 0.161732 0.279202
