2 0.501359 0.819378 0.513754 0.356314 0.961620
9 0.932653 0.192739 0.025518 0.069130 0.863861
9 0.785245 0.282084 0.017857 0.046384 0.835970
9 0.851807 0.243272 0.020843 0.054854 0.829284
2 0.697143 0.527888 0.059257 0.047769 0.820465
9 0.436868 0.343546 0.008944 0.031255 0.802838
9 0.520717 0.343692 0.008477 0.031911 0.800256
9 0.339078 0.344446 0.010330 0.032855 0.768625
2 0.810690 0.535592 0.059426 0.034342 0.330842
0 0.578614 0.826289 0.119935 0.160966 0.288576
2 0.821871 0.535506 0.036683 0.032163 0.250754
