2 0.501328 0.819734 0.514207 0.355999 0.961365
9 0.932876 0.192619 0.025912 0.068928 0.867949
9 0.785394 0.282205 0.017412 0.046530 0.837197
9 0.851725 0.243338 0.021097 0.054656 0.830443
9 0.436948 0.343763 0.009007 0.031394 0.805723
9 0.520792 0.343748 0.008999 0.032383 0.804044
9 0.339075 0.344198 0.009889 0.033258 0.755872
2 0.696503 0.527860 0.059061 0.047143 0.687515
2 0.811288 0.541239 0.058534 0.044149 0.456579
7 0.696604 0.527558 0.059262 0.047759 0.300306
0 0.578738 0.826662 0.121181 0.160359 0.289993
2 0.821327 0.538437 0.037463 0.038520 0.264134
