2 0.501392 0.819815 0.514048 0.355919 0.963304
9 0.932959 0.192728 0.026166 0.068944 0.867549
9 0.851715 0.243325 0.021169 0.054539 0.835867
9 0.785205 0.282115 0.017456 0.046281 0.834981
9 0.520655 0.343825 0.008925 0.032830 0.807950
9 0.436882 0.343604 0.008961 0.031319 0.806983
2 0.696745 0.528310 0.058567 0.047054 0.790700
9 0.339043 0.344221 0.010154 0.032626 0.765957
2 0.022587 0.883659 0.045639 0.231916 0.631131
2 0.810673 0.537817 0.058850 0.039724 0.311478
2 0.821445 0.537251 0.036647 0.036584 0.269046
