2 0.501151 0.820113 0.513858 0.355738 0.962397
9 0.933032 0.192911 0.026097 0.069374 0.865772
9 0.785009 0.282401 0.016897 0.045590 0.838484
9 0.851929 0.243290 0.021149 0.054886 0.836446
9 0.520656 0.343455 0.008697 0.032353 0.814900
9 0.436767 0.343541 0.008962 0.031423 0.797117
9 0.338793 0.344143 0.009771 0.032626 0.747469
2 0.697051 0.528514 0.058615 0.047231 0.715976
2 0.022752 0.876875 0.045755 0.246820 0.682927
2 0.809763 0.536400 0.061143 0.037851 0.399778
2 0.821888 0.536116 0.036650 0.035848 0.357329
7 0.697014 0.528231 0.059017 0.047746 0.275388
0 0.579279 0.826838 0.121939 0.159669 0.270563
