2 0.501457 0.820239 0.514376 0.355499 0.962510
9 0.932706 0.192746 0.025332 0.068796 0.865049
9 0.851816 0.243363 0.021042 0.054957 0.832757
9 0.785212 0.282113 0.017392 0.046598 0.832110
9 0.520696 0.343638 0.008822 0.032760 0.804260
9 0.436830 0.343477 0.008930 0.031174 0.800598
9 0.339121 0.343864 0.010340 0.033297 0.772115
2 0.696922 0.528364 0.059035 0.047690 0.757752
2 0.022480 0.882202 0.045320 0.234849 0.680332
0 0.425583 0.826103 0.116893 0.162873 0.308291
2 0.821899 0.534760 0.035802 0.034546 0.290304
7 0.696993 0.528060 0.059287 0.048320 0.255120
