2 0.501504 0.819721 0.513735 0.355480 0.961444
9 0.933129 0.192828 0.026211 0.069126 0.865036
9 0.851560 0.243402 0.021375 0.054635 0.837823
9 0.785044 0.282295 0.017472 0.046092 0.836589
9 0.520771 0.343275 0.008965 0.033020 0.812137
9 0.436927 0.343547 0.008838 0.030940 0.807358
2 0.697525 0.527603 0.059752 0.048486 0.771162
9 0.339188 0.344512 0.010410 0.031880 0.753142
2 0.810047 0.535737 0.059613 0.037294 0.530754
0 0.579794 0.826210 0.123014 0.160314 0.330046
2 0.821527 0.536044 0.036518 0.036088 0.327015
7 0.697398 0.527441 0.060144 0.049199 0.251011
