2 0.501252 0.819983 0.513816 0.355031 0.962176
9 0.932866 0.192651 0.026137 0.069422 0.865646
9 0.851826 0.243362 0.020939 0.054847 0.831468
9 0.785041 0.282648 0.017355 0.045358 0.827549
2 0.696725 0.527860 0.058950 0.048384 0.820942
9 0.520633 0.343516 0.008861 0.032415 0.808755
9 0.436922 0.343754 0.009091 0.031661 0.807131
9 0.339321 0.344343 0.009860 0.032306 0.769454
2 0.810698 0.535614 0.058676 0.034595 0.519299
2 0.822035 0.535913 0.036212 0.033490 0.357202
0 0.578836 0.825253 0.121027 0.161947 0.283932
