2 0.501251 0.820112 0.514669 0.355308 0.961406
9 0.933090 0.192689 0.026106 0.069749 0.864924
9 0.785207 0.282059 0.017472 0.046322 0.838829
9 0.851575 0.243247 0.021310 0.054934 0.834356
9 0.436908 0.343373 0.008810 0.030907 0.807074
9 0.520660 0.343049 0.008759 0.032339 0.804775
2 0.697117 0.528202 0.059362 0.048144 0.770847
9 0.339088 0.344457 0.010142 0.032012 0.757024
2 0.810576 0.535367 0.058792 0.036191 0.539657
2 0.821672 0.535758 0.036656 0.035270 0.351105
0 0.576955 0.826111 0.116335 0.160964 0.309468
0 0.425372 0.825249 0.116381 0.163150 0.275609
