2 0.501439 0.820092 0.514119 0.355749 0.962538
9 0.932993 0.192737 0.025731 0.069146 0.864844
9 0.785330 0.282165 0.017723 0.046986 0.836276
9 0.851964 0.243203 0.020927 0.055055 0.825746
2 0.697050 0.527839 0.058762 0.047394 0.818867
9 0.436834 0.343441 0.009059 0.031223 0.801238
9 0.520819 0.343231 0.008562 0.031461 0.797562
9 0.339003 0.344683 0.010367 0.032550 0.770335
2 0.821593 0.536112 0.036812 0.033049 0.358277
2 0.810006 0.535936 0.059564 0.034627 0.337640
0 0.425279 0.826287 0.116751 0.161793 0.260716
