2 0.501161 0.819811 0.514394 0.356135 0.962042
9 0.932741 0.192959 0.025955 0.068487 0.862089
9 0.785126 0.282302 0.017488 0.045921 0.833533
9 0.851816 0.243346 0.021327 0.054399 0.832953
9 0.520863 0.344264 0.010232 0.032162 0.780144
2 0.696775 0.527963 0.058190 0.047316 0.772634
2 0.022757 0.880819 0.045626 0.237131 0.750290
9 0.436648 0.344945 0.009148 0.029730 0.735153
9 0.338503 0.344494 0.010378 0.032602 0.571384
2 0.810021 0.535184 0.059871 0.035105 0.494760
2 0.822036 0.535042 0.035858 0.033602 0.366890
0 0.579806 0.825971 0.122746 0.160491 0.307281
