2 0.501308 0.819723 0.513945 0.355381 0.961966
9 0.932956 0.192961 0.025747 0.068914 0.868044
9 0.785268 0.282167 0.017389 0.046495 0.831493
9 0.851906 0.243573 0.020607 0.054423 0.830693
9 0.436900 0.343506 0.008787 0.031066 0.804205
9 0.520674 0.343472 0.009017 0.032490 0.801532
9 0.338928 0.343638 0.010452 0.032388 0.746621
2 0.697506 0.528235 0.059320 0.047377 0.734792
2 0.811164 0.536046 0.057667 0.035869 0.374969
2 0.821246 0.535706 0.036696 0.033692 0.345086
0 0.578906 0.825705 0.121161 0.161701 0.343425
