2 0.501321 0.819840 0.514201 0.354471 0.962425
9 0.933058 0.192807 0.026066 0.069324 0.867465
9 0.785287 0.282186 0.017800 0.046441 0.837471
9 0.851718 0.243327 0.021207 0.054917 0.835201
9 0.520801 0.343458 0.008312 0.032456 0.812930
9 0.436872 0.343528 0.008905 0.031435 0.809603
9 0.338962 0.344466 0.010354 0.032503 0.768053
2 0.697246 0.527614 0.059281 0.047926 0.726681
0 0.577968 0.825679 0.119368 0.161605 0.338282
2 0.810122 0.534434 0.058435 0.034846 0.333923
7 0.697083 0.527375 0.059734 0.048520 0.293625
2 0.821597 0.533825 0.035239 0.034655 0.266065
