2 0.501572 0.820532 0.513680 0.354933 0.963542
9 0.933144 0.192693 0.025839 0.069391 0.865164
9 0.851828 0.243199 0.021186 0.054918 0.831139
9 0.784803 0.282141 0.016829 0.046060 0.830904
9 0.520611 0.343453 0.008837 0.032578 0.807617
9 0.436776 0.343352 0.008899 0.031663 0.804245
2 0.696770 0.528089 0.058363 0.047524 0.793019
9 0.339014 0.344526 0.010621 0.033439 0.777151
2 0.022847 0.884540 0.046089 0.229477 0.674297
2 0.810498 0.541036 0.061068 0.042312 0.357823
2 0.822046 0.538986 0.037797 0.037411 0.280505
0 0.578975 0.826605 0.120268 0.160760 0.256448
