2 0.501310 0.819624 0.513428 0.355612 0.960813
9 0.932960 0.193065 0.026108 0.068598 0.863849
9 0.851521 0.243382 0.021000 0.054380 0.834115
9 0.785175 0.282335 0.017126 0.045784 0.829143
9 0.520621 0.343704 0.008947 0.032513 0.811176
9 0.436753 0.343516 0.008752 0.031506 0.801904
9 0.339007 0.344239 0.010111 0.033289 0.771889
2 0.022612 0.879950 0.045375 0.239076 0.739281
2 0.696661 0.528088 0.058124 0.047943 0.645281
2 0.809802 0.536017 0.059256 0.037465 0.455706
2 0.821427 0.536261 0.035977 0.036569 0.377662
0 0.580087 0.826108 0.121652 0.162237 0.339018
0 0.425583 0.826601 0.116316 0.162629 0.298796
7 0.696941 0.527960 0.058271 0.048093 0.280204
