2 0.501374 0.820264 0.512056 0.355005 0.961260
9 0.932808 0.192925 0.025713 0.068576 0.866983
9 0.851880 0.243329 0.021134 0.054531 0.829074
9 0.785225 0.282189 0.017361 0.046245 0.829020
2 0.697712 0.528343 0.059994 0.047534 0.816118
9 0.436951 0.343704 0.009140 0.031530 0.811413
9 0.520683 0.343395 0.008569 0.031928 0.804279
9 0.338899 0.344328 0.010601 0.032949 0.764962
2 0.022777 0.880390 0.045687 0.238390 0.716169
2 0.809948 0.536824 0.061715 0.037512 0.368388
0 0.578956 0.826483 0.121989 0.160904 0.312973
0 0.425154 0.826528 0.116826 0.162885 0.310486
2 0.822155 0.536176 0.036659 0.034488 0.250611
