2 0.501690 0.819563 0.513759 0.356365 0.961931
9 0.933086 0.192704 0.025796 0.069295 0.864487
9 0.785067 0.282149 0.017286 0.046539 0.832745
9 0.851907 0.243239 0.021076 0.054478 0.830348
9 0.436896 0.343537 0.009315 0.031665 0.801865
9 0.520638 0.343420 0.008674 0.032001 0.797969
9 0.338891 0.343856 0.010149 0.033348 0.768609
2 0.696717 0.528133 0.058590 0.047793 0.704816
2 0.022715 0.882608 0.045784 0.233088 0.663301
2 0.810418 0.538223 0.061501 0.042071 0.371863
2 0.821964 0.535440 0.036968 0.035512 0.327226
7 0.696763 0.527915 0.058901 0.048344 0.298832
