2 0.501489 0.819702 0.513571 0.355797 0.962749
9 0.932911 0.192982 0.026371 0.068738 0.867380
9 0.784976 0.282301 0.017210 0.045965 0.833874
9 0.851856 0.243363 0.021258 0.054772 0.833287
9 0.520911 0.343370 0.009176 0.032773 0.807587
2 0.696967 0.527961 0.058572 0.047273 0.803668
9 0.436874 0.343228 0.008790 0.031146 0.801369
9 0.339226 0.344145 0.010178 0.032732 0.761448
2 0.810139 0.535103 0.059409 0.034082 0.508208
2 0.822022 0.535019 0.035590 0.032331 0.312137
0 0.578963 0.825772 0.121067 0.161628 0.282417
