2 0.501146 0.820198 0.513999 0.354953 0.963031
9 0.932927 0.192867 0.026224 0.069229 0.866703
9 0.851651 0.243372 0.020684 0.054400 0.828729
9 0.784960 0.282469 0.017448 0.045239 0.822497
9 0.436917 0.343751 0.009129 0.031357 0.806249
9 0.520735 0.343600 0.008795 0.032414 0.801863
2 0.696228 0.527787 0.057572 0.048001 0.797120
9 0.339075 0.344422 0.010079 0.031749 0.763925
2 0.810592 0.535959 0.059561 0.033884 0.532234
2 0.821843 0.536392 0.037118 0.033022 0.380289
0 0.578864 0.826134 0.121321 0.159938 0.267986
