2 0.501192 0.820659 0.514371 0.354902 0.962974
9 0.932817 0.192698 0.025475 0.068862 0.866224
9 0.851799 0.243326 0.021179 0.055202 0.833941
9 0.785107 0.282149 0.017288 0.046240 0.833647
9 0.520712 0.343785 0.008928 0.032616 0.809104
9 0.437024 0.343717 0.008996 0.031094 0.805987
2 0.697157 0.528158 0.058869 0.048172 0.778174
9 0.339067 0.343926 0.010586 0.032703 0.766733
2 0.020999 0.885872 0.042496 0.227315 0.586294
0 0.578843 0.826131 0.120998 0.159593 0.326298
2 0.821636 0.534887 0.036749 0.034032 0.295532
7 0.697106 0.527864 0.059155 0.048661 0.259999
