2 0.501515 0.819793 0.513404 0.355465 0.961118
9 0.932951 0.192933 0.025972 0.068886 0.866850
9 0.785032 0.282298 0.017093 0.046079 0.835001
9 0.851878 0.243344 0.020956 0.054460 0.834635
9 0.520749 0.343504 0.008905 0.032200 0.811306
9 0.436865 0.343546 0.009035 0.031438 0.805251
2 0.697247 0.528365 0.059131 0.047666 0.790771
9 0.338988 0.344101 0.010566 0.033184 0.764595
2 0.023014 0.878779 0.046349 0.241449 0.706905
2 0.810242 0.535847 0.058637 0.035731 0.503431
2 0.821561 0.535513 0.035718 0.033659 0.321413
0 0.578971 0.825975 0.120579 0.162180 0.313267
