2 0.501267 0.820097 0.513983 0.355479 0.963389
9 0.933101 0.193006 0.026303 0.068742 0.870364
9 0.785120 0.282191 0.017307 0.046364 0.833275
9 0.851862 0.243434 0.020944 0.054280 0.818791
2 0.697331 0.528435 0.059498 0.046971 0.808630
9 0.520617 0.343630 0.008897 0.032456 0.806220
9 0.436892 0.343515 0.008887 0.031254 0.804072
9 0.338897 0.343963 0.010689 0.032278 0.710963
2 0.810665 0.535874 0.057324 0.033823 0.558155
2 0.821675 0.535880 0.035683 0.032983 0.368154
0 0.578945 0.825158 0.120502 0.162464 0.295510
0 0.425029 0.827152 0.116134 0.160283 0.262346
2 0.794497 0.535794 0.024849 0.028970 0.260648
