2 0.500942 0.819812 0.514279 0.355998 0.960932
9 0.932706 0.192711 0.025774 0.069015 0.861010
9 0.785216 0.282105 0.017176 0.046282 0.835053
9 0.851806 0.243227 0.021189 0.054978 0.829705
9 0.520697 0.343633 0.008899 0.032931 0.806284
2 0.697171 0.528049 0.058812 0.047671 0.804257
9 0.436935 0.343617 0.008920 0.031549 0.802073
9 0.339026 0.344002 0.010609 0.033649 0.769687
2 0.022566 0.883252 0.045397 0.232268 0.698881
2 0.810554 0.536373 0.059159 0.037569 0.423815
2 0.821575 0.535452 0.036257 0.034198 0.334938
