2 0.501182 0.819772 0.513717 0.355837 0.964135
9 0.932932 0.192910 0.025722 0.068614 0.867620
9 0.851890 0.243394 0.021223 0.054736 0.834187
9 0.784985 0.282185 0.017116 0.046389 0.832120
2 0.697054 0.528187 0.058966 0.047234 0.810523
9 0.520859 0.343550 0.008712 0.032574 0.806498
9 0.437030 0.343382 0.009046 0.031262 0.806467
9 0.338977 0.344265 0.009992 0.032336 0.745005
2 0.811020 0.535216 0.058448 0.036131 0.533840
2 0.822224 0.535139 0.036338 0.035415 0.346519
0 0.579047 0.826542 0.121275 0.159716 0.283464
2 0.794482 0.535480 0.025396 0.029352 0.253692
