2 0.501265 0.819882 0.513591 0.356138 0.960300
9 0.933023 0.192571 0.025992 0.069143 0.863067
9 0.785029 0.282355 0.017114 0.045986 0.834942
9 0.851836 0.243248 0.021334 0.055097 0.833105
9 0.520654 0.343433 0.008541 0.032679 0.811683
9 0.436912 0.343638 0.009072 0.031688 0.807599
9 0.338909 0.343795 0.010417 0.032119 0.769543
2 0.696401 0.528190 0.058002 0.047586 0.664988
2 0.022788 0.876839 0.045808 0.246500 0.661528
2 0.810441 0.537690 0.060328 0.037740 0.471748
0 0.426068 0.826025 0.116232 0.162970 0.341912
2 0.822129 0.537358 0.036318 0.035175 0.289211
7 0.696314 0.528099 0.057599 0.047636 0.260557
