2 0.501343 0.819888 0.513247 0.355664 0.962701
9 0.932830 0.192649 0.025702 0.068981 0.866367
9 0.851715 0.243432 0.021269 0.054668 0.833707
9 0.785167 0.282197 0.017497 0.046428 0.831733
9 0.520668 0.343489 0.008662 0.032270 0.808295
9 0.436609 0.343332 0.009115 0.032311 0.804136
2 0.696918 0.528238 0.059689 0.047970 0.772386
9 0.339010 0.344366 0.010413 0.032619 0.768517
2 0.022781 0.879954 0.045879 0.239298 0.657944
2 0.821617 0.536714 0.036654 0.030702 0.326816
0 0.425912 0.826180 0.115987 0.161717 0.297741
2 0.809861 0.536614 0.059593 0.033011 0.293236
7 0.696926 0.528056 0.060018 0.048315 0.272373
