2 0.501503 0.819488 0.512581 0.356997 0.961517
9 0.933102 0.192775 0.026410 0.069365 0.867742
9 0.851743 0.243391 0.021437 0.054626 0.836809
9 0.785165 0.282185 0.017685 0.046380 0.832648
2 0.697095 0.527836 0.057899 0.047304 0.809254
9 0.520963 0.344100 0.010066 0.031689 0.784822
9 0.436698 0.344674 0.009573 0.029584 0.740786
2 0.022995 0.880662 0.046219 0.237663 0.695440
9 0.338518 0.344810 0.010295 0.032892 0.629274
2 0.810919 0.541039 0.060398 0.046796 0.429124
0 0.578274 0.825259 0.119928 0.159258 0.305400
