2 0.143410 0.704470 0.286427 0.316263 0.957071
2 0.863617 0.722319 0.273221 0.284909 0.956364
2 0.769239 0.536669 0.062781 0.059538 0.836203
9 0.409777 0.274643 0.012567 0.046695 0.823421
9 0.530957 0.274293 0.012927 0.046555 0.810205
9 0.268793 0.274111 0.014422 0.047442 0.792326
2 0.900576 0.541238 0.085839 0.056376 0.758276
9 0.991666 0.119927 0.016434 0.083455 0.615886
2 0.288401 0.520728 0.037968 0.032933 0.611854
0 0.860754 0.640156 0.033626 0.060151 0.299162
7 0.900588 0.541170 0.086002 0.056933 0.280228
