2 0.114495 0.788520 0.228725 0.410379 0.958073
2 0.523762 0.738977 0.250004 0.294541 0.946281
9 0.985772 0.168231 0.029034 0.077107 0.846505
9 0.887769 0.229148 0.024342 0.060469 0.834908
9 0.809791 0.277622 0.020168 0.047959 0.825428
2 0.707010 0.543732 0.062409 0.054646 0.786188
9 0.522249 0.347818 0.010614 0.032455 0.738600
9 0.433311 0.347560 0.010029 0.032687 0.594153
9 0.330000 0.347703 0.010501 0.034431 0.504492
2 0.837796 0.548190 0.041161 0.036103 0.465125
2 0.825930 0.547483 0.065502 0.037520 0.388843
