2 0.126931 0.763397 0.253661 0.398133 0.962958
2 0.586363 0.720453 0.242462 0.284827 0.950872
9 0.874558 0.220033 0.023284 0.059550 0.833443
9 0.988099 0.146599 0.024227 0.078617 0.831131
9 0.525529 0.316379 0.011115 0.037683 0.830326
2 0.732781 0.537830 0.063325 0.055331 0.825879
9 0.424394 0.317004 0.011018 0.037408 0.820467
9 0.307587 0.317556 0.013517 0.037465 0.772244
2 0.855769 0.542580 0.072581 0.044777 0.721456
7 0.855562 0.541558 0.073167 0.047004 0.320872
2 0.869673 0.543606 0.044603 0.041200 0.285988
