2 0.500950 0.806445 0.412020 0.382737 0.955548
2 0.050907 0.851316 0.101605 0.273259 0.902106
9 0.932953 0.192895 0.025879 0.068799 0.860205
9 0.785153 0.282348 0.017617 0.046411 0.834935
9 0.851780 0.243297 0.021195 0.054769 0.829605
9 0.521075 0.343526 0.009668 0.031974 0.806530
2 0.697239 0.528248 0.059150 0.047941 0.802208
9 0.436621 0.344486 0.009470 0.030421 0.768978
9 0.338413 0.344746 0.010478 0.032497 0.618083
2 0.811012 0.540750 0.062440 0.046333 0.352256
2 0.821913 0.537987 0.036548 0.038923 0.344578
2 0.452813 0.607217 0.226556 0.168316 0.265023
2 0.453193 0.578895 0.222974 0.111027 0.252067
