2 0.125525 0.768034 0.250444 0.401843 0.961639
2 0.577349 0.721984 0.242820 0.288130 0.946325
2 0.730034 0.537841 0.064481 0.055479 0.844406
9 0.982089 0.154051 0.030449 0.078399 0.842740
9 0.869170 0.225514 0.023074 0.059067 0.838815
9 0.425283 0.319471 0.010980 0.038487 0.813889
9 0.525117 0.319851 0.010859 0.037211 0.807777
9 0.309771 0.319840 0.013475 0.038490 0.752506
2 0.853541 0.541969 0.073419 0.046591 0.703647
2 0.866992 0.543389 0.046285 0.043338 0.296460
7 0.853429 0.541323 0.073491 0.048015 0.277586
