2 0.501027 0.809196 0.433234 0.376740 0.954809
2 0.044725 0.858178 0.089525 0.273275 0.872601
9 0.933233 0.192664 0.025667 0.069242 0.867902
9 0.785136 0.282334 0.017383 0.045899 0.837129
9 0.851835 0.243227 0.021086 0.054935 0.830438
9 0.521046 0.343511 0.009539 0.032065 0.802597
2 0.697230 0.528129 0.059128 0.048463 0.790089
9 0.436679 0.344543 0.009388 0.029987 0.745883
9 0.338388 0.345307 0.009825 0.031276 0.562982
2 0.810039 0.536401 0.059763 0.037119 0.476322
2 0.821913 0.536019 0.035674 0.034837 0.299859
