2 0.502284 0.764365 0.288834 0.341357 0.943616
2 0.093876 0.784269 0.187372 0.358379 0.927952
9 0.941059 0.194189 0.025551 0.069703 0.849061
9 0.789761 0.287327 0.017789 0.044561 0.820879
9 0.858047 0.245791 0.021948 0.055626 0.818167
2 0.699439 0.537087 0.059355 0.051477 0.730672
9 0.521085 0.349651 0.010028 0.031901 0.711454
9 0.436319 0.350813 0.009324 0.031774 0.697106
9 0.337040 0.350921 0.009447 0.032064 0.661521
2 0.814812 0.548070 0.062994 0.049102 0.339934
2 0.825213 0.547385 0.039435 0.044802 0.326214
2 0.796615 0.541885 0.026354 0.030805 0.309420
