2 0.110541 0.789248 0.221181 0.410983 0.959337
2 0.516272 0.741323 0.255912 0.299330 0.951108
9 0.967277 0.179625 0.027277 0.072199 0.854898
9 0.875755 0.235439 0.022389 0.059063 0.834845
9 0.801464 0.281470 0.018100 0.047840 0.820793
2 0.703964 0.539779 0.061579 0.051889 0.809425
9 0.521812 0.348169 0.010333 0.032534 0.765818
9 0.434531 0.348177 0.010362 0.032998 0.748186
9 0.333483 0.349433 0.010141 0.034495 0.559677
0 0.566507 0.667477 0.057463 0.064450 0.398265
2 0.834197 0.545898 0.036930 0.037430 0.298496
0 0.487614 0.663621 0.057540 0.058801 0.287148
2 0.821106 0.546018 0.063377 0.039725 0.275207
