2 0.501351 0.797386 0.368545 0.396773 0.948418
2 0.064522 0.823751 0.128996 0.291490 0.887963
9 0.933167 0.193285 0.025908 0.068521 0.864457
9 0.785302 0.282778 0.017391 0.046190 0.830184
9 0.852182 0.243694 0.021112 0.054434 0.825083
9 0.521374 0.343807 0.009518 0.031963 0.787426
9 0.436942 0.345107 0.009467 0.030003 0.765361
2 0.697157 0.529018 0.059392 0.048252 0.739200
9 0.338983 0.345373 0.009988 0.031713 0.660150
2 0.810550 0.539866 0.060505 0.041633 0.394461
2 0.822158 0.539494 0.036901 0.039172 0.318141
