2 0.832747 0.720783 0.334882 0.284831 0.958596
2 0.140863 0.714342 0.281037 0.326106 0.954730
9 0.412122 0.282607 0.011892 0.045223 0.827510
9 0.529767 0.282226 0.012661 0.045051 0.818283
9 0.274804 0.282917 0.014751 0.045408 0.806625
9 0.976620 0.140525 0.031019 0.078611 0.805602
2 0.763867 0.538033 0.063610 0.060743 0.749245
2 0.910902 0.544584 0.049462 0.048305 0.544099
2 0.893094 0.542902 0.084481 0.052939 0.372781
2 0.293253 0.522383 0.035204 0.031932 0.341058
0 0.793386 0.641254 0.037309 0.058417 0.301835
