2 0.500266 0.800660 0.379091 0.393153 0.952775
2 0.060685 0.834294 0.121248 0.298511 0.878667
9 0.932913 0.193261 0.025503 0.068405 0.859828
9 0.785022 0.282741 0.017514 0.045575 0.831883
9 0.851861 0.243608 0.021313 0.054410 0.821285
2 0.697196 0.529275 0.060221 0.049384 0.794454
9 0.521059 0.344131 0.009219 0.031522 0.774022
9 0.436708 0.345032 0.009562 0.030204 0.755177
9 0.338833 0.345206 0.010076 0.032176 0.655439
2 0.810840 0.540741 0.061365 0.045851 0.301339
2 0.822158 0.539452 0.037814 0.042169 0.259927
