2 0.122390 0.775997 0.244659 0.414256 0.961865
2 0.566449 0.724123 0.243205 0.286496 0.940310
9 0.962482 0.168469 0.027539 0.072553 0.848427
9 0.857780 0.234257 0.022861 0.057362 0.832238
2 0.725344 0.538544 0.065040 0.055948 0.799578
9 0.524515 0.323794 0.010903 0.036331 0.773911
9 0.313506 0.323760 0.013581 0.037943 0.764653
9 0.426751 0.323660 0.011042 0.036607 0.756925
2 0.849779 0.541954 0.069190 0.044141 0.524394
2 0.862707 0.547156 0.043790 0.034714 0.481931
2 0.830218 0.542741 0.030837 0.036516 0.298387
0 0.614545 0.655774 0.049133 0.058584 0.281907
