2 0.116810 0.787980 0.233500 0.414088 0.964795
2 0.541650 0.737907 0.248956 0.290486 0.949907
9 0.916586 0.209041 0.024683 0.065184 0.836283
9 0.828426 0.263098 0.020508 0.053632 0.820038
9 0.522924 0.341418 0.009973 0.034842 0.810625
9 0.431125 0.341186 0.011123 0.034694 0.779400
9 0.323246 0.341589 0.012061 0.035692 0.737264
2 0.714089 0.543962 0.064038 0.053600 0.733249
2 0.836865 0.549137 0.067733 0.039522 0.444166
2 0.848871 0.549033 0.041165 0.039862 0.365119
0 0.592036 0.666282 0.057535 0.063587 0.326530
