2 0.117472 0.785324 0.234914 0.417193 0.963371
2 0.549374 0.733144 0.248291 0.290088 0.952800
9 0.931495 0.195146 0.024684 0.067856 0.837234
9 0.837706 0.253548 0.021218 0.052971 0.831501
9 0.523624 0.334565 0.010084 0.035284 0.804091
9 0.429793 0.334713 0.010241 0.035782 0.766816
9 0.320131 0.334435 0.012976 0.036029 0.764724
2 0.717648 0.541750 0.063549 0.055194 0.720015
2 0.839734 0.545733 0.067501 0.040246 0.516627
2 0.852233 0.547839 0.042213 0.036080 0.418403
0 0.598375 0.662371 0.058866 0.063094 0.340448
0 0.515458 0.658633 0.059991 0.057726 0.277974
