2 0.501570 0.795739 0.357392 0.398193 0.950561
2 0.067724 0.820591 0.135030 0.294880 0.911718
9 0.933183 0.193397 0.025957 0.068933 0.862752
9 0.852104 0.243909 0.021040 0.054304 0.830351
9 0.785280 0.282910 0.017254 0.046483 0.826891
9 0.521404 0.344030 0.009195 0.032038 0.795484
9 0.436965 0.345407 0.009399 0.030192 0.745699
2 0.697201 0.529499 0.059636 0.048508 0.694629
9 0.338926 0.345745 0.009714 0.031316 0.612939
2 0.810513 0.541014 0.060937 0.043337 0.432930
7 0.697059 0.529289 0.060162 0.049054 0.274183
2 0.822139 0.540007 0.036681 0.039542 0.263924
