2 0.501566 0.794734 0.346818 0.400400 0.951671
2 0.071548 0.814065 0.142333 0.301775 0.907532
9 0.933260 0.193782 0.025984 0.068718 0.863230
9 0.851817 0.243928 0.020792 0.054516 0.831245
9 0.785362 0.283178 0.017535 0.046568 0.824940
9 0.521223 0.344268 0.009254 0.032170 0.796574
9 0.436960 0.345567 0.009534 0.030549 0.752385
2 0.697536 0.529433 0.058172 0.046590 0.693828
9 0.338969 0.345616 0.009764 0.031785 0.669764
2 0.810945 0.541262 0.061339 0.043421 0.397338
2 0.822156 0.540234 0.037510 0.039521 0.298743
