2 0.501586 0.793437 0.336289 0.395462 0.948045
2 0.075133 0.810141 0.149868 0.309643 0.908678
9 0.933730 0.194478 0.025901 0.068846 0.861743
9 0.852742 0.244533 0.020443 0.054667 0.827077
9 0.785889 0.284032 0.017724 0.046657 0.820776
9 0.521567 0.345276 0.009505 0.032251 0.796863
2 0.698001 0.530948 0.059132 0.048240 0.760517
9 0.437424 0.346278 0.010056 0.030395 0.758015
9 0.339028 0.346439 0.009744 0.031818 0.639415
2 0.810523 0.540026 0.061243 0.040303 0.391137
2 0.822027 0.538028 0.036659 0.033814 0.273054
