2 0.815179 0.589537 0.160435 0.131176 0.940033
2 0.047130 0.574497 0.094369 0.099754 0.940023
2 0.883701 0.556777 0.057487 0.061379 0.682735
2 0.973132 0.549878 0.053121 0.087694 0.668729
7 0.973273 0.550001 0.053116 0.088100 0.561962
2 0.734597 0.527281 0.069461 0.028499 0.517007
7 0.622371 0.517569 0.046967 0.032974 0.505215
2 0.623389 0.517849 0.049359 0.032754 0.457920
2 0.675004 0.523153 0.059168 0.029583 0.457101
7 0.883863 0.556191 0.057550 0.062196 0.384436
7 0.622875 0.517503 0.047996 0.033539 0.370244
9 0.954464 0.389607 0.010096 0.028872 0.341524
7 0.937522 0.516836 0.124434 0.123394 0.320015
2 0.724484 0.526541 0.046905 0.027926 0.262671
7 0.651666 0.519487 0.101323 0.035273 0.261494
2 0.888010 0.565844 0.046689 0.043002 0.260523
