2 0.684423 0.587350 0.191990 0.178283 0.947809
2 0.898228 0.526237 0.053155 0.065765 0.857221
2 0.818663 0.526101 0.131290 0.116892 0.841038
2 0.482626 0.498043 0.078899 0.033630 0.818816
7 0.747186 0.465417 0.179717 0.116831 0.778440
2 0.889729 0.529890 0.034840 0.065075 0.643277
7 0.818769 0.526325 0.131308 0.118067 0.512409
2 0.357583 0.488525 0.054131 0.038309 0.458538
7 0.413262 0.493005 0.065520 0.036731 0.433474
7 0.357980 0.488540 0.055274 0.038500 0.351047
2 0.413127 0.492548 0.065818 0.037589 0.328952
7 0.482150 0.497727 0.079241 0.034875 0.314524
9 0.270405 0.388649 0.010430 0.023877 0.288889
