2 0.688375 0.609203 0.193142 0.183301 0.938765
2 0.914749 0.545984 0.056886 0.067206 0.838660
2 0.504183 0.513507 0.076708 0.033430 0.791983
2 0.835637 0.543537 0.133833 0.116144 0.735563
7 0.765472 0.491958 0.176986 0.130323 0.726032
2 0.437317 0.508799 0.063367 0.034961 0.646993
2 0.383238 0.503703 0.056996 0.037756 0.552854
7 0.835541 0.543844 0.134838 0.116646 0.541891
7 0.382817 0.503495 0.056116 0.038235 0.502845
7 0.437370 0.508185 0.064101 0.036466 0.386449
7 0.503829 0.513422 0.076866 0.034345 0.306254
2 0.340187 0.497906 0.019718 0.017597 0.305237
2 0.308129 0.497842 0.023461 0.016999 0.291351
9 0.740626 0.360328 0.009038 0.028229 0.276056
