2 0.708186 0.609668 0.186469 0.175801 0.945618
2 0.945908 0.553316 0.058390 0.065426 0.874369
2 0.863621 0.550944 0.131560 0.109806 0.825969
2 0.548371 0.521424 0.074359 0.033218 0.778972
7 0.801996 0.507455 0.176072 0.134975 0.695395
7 0.430056 0.511032 0.053949 0.037173 0.630657
7 0.863468 0.551358 0.131532 0.110152 0.502180
2 0.482254 0.518555 0.061886 0.028330 0.423756
2 0.429692 0.511104 0.053286 0.037068 0.363617
7 0.548057 0.520829 0.074380 0.035144 0.328506
7 0.481962 0.517800 0.061424 0.029420 0.298441
7 0.945806 0.553120 0.058179 0.065300 0.267964
2 0.386523 0.505738 0.022403 0.015652 0.250555
