2 0.819718 0.588652 0.162326 0.128647 0.943681
2 0.067564 0.578977 0.135272 0.110385 0.940090
2 0.889329 0.555559 0.063976 0.062456 0.834308
2 0.978395 0.549103 0.042796 0.087173 0.683904
2 0.738790 0.526433 0.055669 0.027643 0.628575
7 0.633518 0.517464 0.045752 0.032537 0.528326
2 0.686158 0.523762 0.059167 0.028463 0.524877
2 0.633724 0.517626 0.046424 0.032325 0.511810
7 0.978471 0.549236 0.042850 0.087433 0.506721
7 0.942924 0.517339 0.114205 0.125453 0.502215
9 0.129131 0.372717 0.064123 0.047029 0.320527
2 0.652820 0.527575 0.028169 0.015488 0.309910
7 0.889757 0.555432 0.063741 0.062818 0.301102
