2 0.085521 0.575882 0.169699 0.105494 0.949768
2 0.821401 0.587622 0.162169 0.127600 0.946342
2 0.891120 0.554948 0.072936 0.063073 0.841871
2 0.982168 0.548743 0.035354 0.086676 0.675347
7 0.948261 0.515968 0.103771 0.123412 0.657422
2 0.747700 0.526080 0.053142 0.027221 0.610630
7 0.644124 0.517901 0.045459 0.031635 0.488106
7 0.982618 0.548671 0.034986 0.086593 0.458166
2 0.696760 0.524610 0.058975 0.026731 0.439664
7 0.674087 0.520005 0.104346 0.034182 0.305179
2 0.664351 0.527323 0.029050 0.016528 0.299942
7 0.891083 0.554936 0.073017 0.063205 0.292298
2 0.605084 0.513248 0.016269 0.013664 0.277245
