2 0.683939 0.585291 0.193518 0.180777 0.945269
2 0.821004 0.522377 0.130972 0.116477 0.898311
2 0.899800 0.522947 0.055158 0.066664 0.854637
2 0.484794 0.494113 0.077684 0.034581 0.841961
7 0.748816 0.464026 0.176032 0.119990 0.828951
2 0.890812 0.525605 0.036895 0.066270 0.687194
2 0.415177 0.489591 0.064047 0.034391 0.546106
7 0.414830 0.489583 0.064042 0.034610 0.485720
7 0.820915 0.522714 0.131255 0.117109 0.451227
9 0.273669 0.385086 0.010193 0.022423 0.444983
2 0.360787 0.485138 0.056195 0.038959 0.421528
2 0.360429 0.485213 0.055995 0.039119 0.345349
7 0.484253 0.493748 0.078156 0.035490 0.344199
9 0.723736 0.337990 0.009759 0.030045 0.302004
0 0.659697 0.535376 0.046872 0.028942 0.278574
9 0.933054 0.133647 0.043209 0.019329 0.263563
2 0.993005 0.474969 0.013851 0.020690 0.254630
