2 0.822524 0.586667 0.175379 0.124576 0.938924
2 0.420107 0.550960 0.119446 0.067077 0.922657
2 0.951395 0.556049 0.094490 0.061221 0.896855
2 0.771388 0.516380 0.045647 0.027717 0.671024
2 0.375528 0.558699 0.031142 0.043877 0.441656
2 0.885846 0.531215 0.070862 0.027848 0.388999
2 0.885577 0.533600 0.070428 0.033088 0.366986
7 0.771449 0.516412 0.045189 0.028305 0.360228
2 0.819765 0.518226 0.044803 0.017808 0.329882
7 0.951495 0.556314 0.094040 0.061328 0.288404
2 0.885257 0.546672 0.070137 0.054713 0.253501
