2 0.724225 0.608060 0.178250 0.166476 0.944047
2 0.969270 0.557795 0.057779 0.063722 0.850763
2 0.579179 0.526195 0.075284 0.030664 0.805321
2 0.886683 0.555000 0.132874 0.105441 0.741463
7 0.886316 0.555341 0.133230 0.105773 0.570545
7 0.464466 0.515156 0.054510 0.035130 0.491046
7 0.827359 0.511003 0.173233 0.128298 0.437928
2 0.511541 0.521741 0.067902 0.030762 0.390494
9 0.807062 0.381060 0.009906 0.026549 0.358169
7 0.578908 0.525985 0.075280 0.032102 0.322945
7 0.490949 0.516229 0.106589 0.039416 0.315463
2 0.479875 0.524816 0.034227 0.018621 0.275943
2 0.466420 0.521954 0.055886 0.022756 0.253283
7 0.514864 0.521429 0.061848 0.031339 0.251954
2 0.529437 0.526243 0.030976 0.021475 0.250264
