2 0.748238 0.603607 0.173532 0.157363 0.944956
2 0.917362 0.554275 0.131694 0.101057 0.786814
2 0.617136 0.526692 0.074787 0.031565 0.683081
2 0.984996 0.557998 0.030109 0.062191 0.578566
7 0.861867 0.512014 0.176143 0.125399 0.537231
7 0.917554 0.554429 0.132582 0.101095 0.527414
7 0.503214 0.515951 0.050703 0.036075 0.494075
2 0.553173 0.523178 0.061313 0.029028 0.464168
7 0.616862 0.526551 0.075113 0.032144 0.438876
7 0.530668 0.517618 0.105896 0.039589 0.436238
9 0.842409 0.384638 0.009658 0.026402 0.271638
7 0.985071 0.558550 0.030359 0.062555 0.264810
0 0.724781 0.561298 0.039160 0.025457 0.258230
2 0.503357 0.516471 0.050353 0.035998 0.251445
