2 0.686938 0.603770 0.193918 0.186815 0.936952
2 0.498464 0.508197 0.077515 0.033895 0.873813
2 0.911563 0.539059 0.054205 0.065557 0.840191
7 0.830681 0.538161 0.133155 0.116174 0.729699
2 0.902476 0.542336 0.035465 0.064448 0.673693
2 0.430626 0.503997 0.063587 0.032986 0.665881
7 0.761878 0.485293 0.178310 0.130274 0.648641
7 0.376087 0.498487 0.055678 0.039336 0.628339
2 0.831279 0.538322 0.133857 0.116034 0.582615
7 0.430716 0.503485 0.062318 0.034299 0.451937
2 0.376583 0.498530 0.056456 0.038977 0.425868
2 0.983506 0.489814 0.032372 0.021574 0.331287
7 0.429962 0.502097 0.064197 0.036828 0.297443
9 0.736041 0.353859 0.009621 0.029728 0.292570
