2 0.717637 0.608821 0.182186 0.168865 0.942073
2 0.959921 0.556283 0.058212 0.064843 0.836498
2 0.876721 0.553942 0.132062 0.105426 0.817682
2 0.567388 0.524721 0.074000 0.031569 0.720322
7 0.817360 0.509832 0.173298 0.132545 0.605312
7 0.449839 0.513600 0.049732 0.035921 0.582063
7 0.876677 0.554412 0.132676 0.105819 0.508710
7 0.499336 0.519813 0.065636 0.031691 0.434839
7 0.567028 0.524425 0.074235 0.032098 0.377123
7 0.478437 0.515122 0.106891 0.040306 0.331366
2 0.448926 0.513281 0.048159 0.036260 0.306905
2 0.517138 0.524873 0.029488 0.021697 0.306874
9 0.796964 0.378977 0.009243 0.027574 0.288322
7 0.961543 0.555645 0.055086 0.062311 0.262687
