2 0.733690 0.606036 0.177435 0.162974 0.939857
2 0.898390 0.555281 0.132918 0.103792 0.869082
7 0.840270 0.512963 0.174863 0.129313 0.821464
2 0.975871 0.557317 0.047730 0.066038 0.818910
2 0.592693 0.526557 0.075153 0.031693 0.801048
7 0.897994 0.555662 0.133376 0.104104 0.466044
7 0.477966 0.515812 0.052168 0.035875 0.446781
7 0.505652 0.517702 0.107280 0.038940 0.431193
2 0.528959 0.521750 0.061127 0.031616 0.417353
7 0.592447 0.526438 0.075346 0.032732 0.340076
9 0.820136 0.382473 0.010067 0.026180 0.261333
