2 0.786853 0.595224 0.164969 0.142521 0.931303
2 0.951727 0.552808 0.096107 0.096669 0.790704
2 0.679595 0.527673 0.073681 0.029227 0.658437
7 0.951924 0.553085 0.096117 0.097108 0.534661
7 0.567522 0.516627 0.051313 0.034652 0.534496
7 0.914313 0.518165 0.170926 0.131862 0.484919
2 0.857540 0.562321 0.041067 0.053588 0.482780
9 0.023556 0.238475 0.047187 0.285616 0.468796
2 0.616259 0.524836 0.059735 0.026181 0.400156
7 0.679307 0.527433 0.073791 0.030132 0.353992
7 0.594517 0.517910 0.105341 0.038918 0.340147
9 0.902366 0.387172 0.009032 0.026961 0.327055
2 0.858975 0.566237 0.038099 0.045418 0.299053
2 0.631128 0.526671 0.029078 0.022057 0.283484
2 0.566280 0.516365 0.048251 0.034762 0.277260
