2 0.141427 0.568852 0.182517 0.095605 0.946595
2 0.821039 0.587773 0.162857 0.128220 0.943156
2 0.896949 0.555760 0.075474 0.062864 0.817577
7 0.952403 0.517473 0.084140 0.119003 0.634356
7 0.664448 0.517917 0.049982 0.032329 0.500545
2 0.763272 0.526600 0.047373 0.024142 0.454769
2 0.988330 0.562554 0.023266 0.057565 0.398813
2 0.988305 0.551260 0.024448 0.079967 0.382385
2 0.713205 0.524407 0.057649 0.027708 0.381746
7 0.896963 0.555841 0.075387 0.063359 0.341928
7 0.988702 0.550594 0.023962 0.081766 0.277008
2 0.680709 0.528268 0.027041 0.014205 0.275450
2 0.728602 0.527398 0.027386 0.021214 0.253660
