2 0.686126 0.597283 0.195259 0.184517 0.940905
2 0.492643 0.502379 0.077767 0.034690 0.857223
2 0.827262 0.530933 0.130962 0.116715 0.799892
2 0.907807 0.532187 0.052877 0.065630 0.791995
7 0.757944 0.476165 0.180256 0.127503 0.681900
2 0.898228 0.534950 0.036064 0.065702 0.681021
7 0.367367 0.492274 0.050015 0.039632 0.646953
2 0.425808 0.498539 0.064090 0.034058 0.623874
7 0.827166 0.531189 0.131361 0.117628 0.539312
2 0.367612 0.492398 0.050720 0.039473 0.511879
7 0.425842 0.496677 0.065732 0.038015 0.463554
2 0.328412 0.488154 0.018930 0.016836 0.378138
2 0.293812 0.487880 0.023250 0.017282 0.358976
9 0.730682 0.346594 0.009541 0.029949 0.342127
9 0.940282 0.144103 0.043327 0.019164 0.290182
7 0.492313 0.502389 0.078037 0.035844 0.279134
9 0.764030 0.387261 0.028696 0.018106 0.258780
