2 0.773344 0.598253 0.167992 0.147737 0.940646
2 0.942332 0.553082 0.115733 0.098627 0.753682
2 0.655689 0.526515 0.073495 0.030577 0.658399
7 0.942212 0.553431 0.115928 0.098935 0.581135
7 0.898650 0.512784 0.178125 0.124765 0.558471
7 0.542557 0.516510 0.049251 0.034447 0.476990
7 0.655460 0.526163 0.073783 0.031610 0.434657
2 0.592100 0.524109 0.061242 0.026636 0.401073
7 0.570262 0.518200 0.104042 0.036839 0.369062
9 0.879617 0.385752 0.009673 0.026109 0.365551
2 0.841390 0.593132 0.034017 0.106659 0.365033
9 0.954319 0.412073 0.017560 0.017894 0.360821
2 0.607194 0.526465 0.030354 0.021759 0.262937
0 0.749132 0.556209 0.032216 0.023253 0.253004
