2 0.175492 0.565965 0.170869 0.090974 0.946230
2 0.822386 0.587688 0.161984 0.128934 0.939623
2 0.899655 0.556190 0.081344 0.062175 0.826789
7 0.959558 0.518256 0.078860 0.119909 0.657232
7 0.675440 0.518437 0.050773 0.031863 0.454641
2 0.725854 0.524061 0.058902 0.028784 0.448180
2 0.992214 0.558045 0.015648 0.064211 0.427648
2 0.773756 0.525858 0.049770 0.024957 0.415051
7 0.899624 0.556314 0.081859 0.062935 0.365128
7 0.703038 0.520156 0.105534 0.035323 0.303294
2 0.992510 0.567594 0.014613 0.044504 0.288355
