2 0.690622 0.610888 0.191620 0.184060 0.941419
2 0.919101 0.548753 0.055509 0.065211 0.842659
2 0.510880 0.515551 0.075826 0.033791 0.840428
2 0.839405 0.546891 0.130512 0.113671 0.736976
7 0.770680 0.499057 0.176824 0.137414 0.709667
7 0.839271 0.547430 0.130516 0.114094 0.602980
2 0.444184 0.511202 0.068224 0.035621 0.518047
2 0.389866 0.505572 0.054731 0.038387 0.433514
7 0.445506 0.511349 0.065705 0.034954 0.400837
7 0.389814 0.505407 0.054236 0.038952 0.397067
2 0.911934 0.554094 0.031626 0.059555 0.371676
9 0.747024 0.365018 0.009488 0.028475 0.307694
2 0.315416 0.500230 0.022061 0.015665 0.298084
7 0.510659 0.515431 0.075909 0.034701 0.286119
2 0.908892 0.551766 0.036467 0.064197 0.273964
2 0.410077 0.516501 0.034957 0.019917 0.259387
2 0.462315 0.513503 0.033963 0.029062 0.258952
