2 0.663642 0.658536 0.229639 0.237688 0.951218
2 0.521445 0.597785 0.130071 0.124935 0.901626
2 0.312556 0.530111 0.090906 0.038864 0.878688
7 0.626919 0.490056 0.210195 0.157132 0.840455
2 0.740216 0.577240 0.134020 0.168220 0.829962
2 0.977987 0.541306 0.043128 0.038289 0.735289
2 0.828182 0.571285 0.037909 0.086115 0.702308
7 0.163640 0.520164 0.067686 0.046909 0.691328
7 0.231577 0.524452 0.076056 0.043260 0.586914
2 0.928030 0.507200 0.014902 0.014787 0.579835
2 0.800093 0.568170 0.052830 0.132009 0.507730
7 0.739979 0.577901 0.134781 0.169649 0.506807
2 0.163430 0.520354 0.067448 0.047090 0.504306
2 0.231818 0.524430 0.075755 0.042900 0.473036
9 0.591429 0.341494 0.008956 0.033533 0.462110
2 0.101578 0.514772 0.038897 0.021353 0.407385
7 0.827758 0.571082 0.038293 0.086290 0.380324
9 0.772186 0.404514 0.013271 0.060760 0.372919
7 0.521062 0.597745 0.128959 0.125524 0.303505
2 0.093784 0.514764 0.023821 0.020841 0.298164
7 0.798277 0.566914 0.056510 0.136311 0.296860
7 0.799075 0.567327 0.053592 0.134813 0.261972
2 0.966802 0.507621 0.031996 0.013276 0.255792
9 0.022055 0.412478 0.016591 0.013384 0.251543
7 0.799898 0.567982 0.050434 0.134368 0.251179
