2 0.664454 0.656765 0.227870 0.233090 0.949952
2 0.317796 0.530309 0.089595 0.039055 0.886250
2 0.741341 0.576955 0.134306 0.166611 0.846829
7 0.629287 0.491499 0.208987 0.155976 0.707242
2 0.524737 0.597414 0.128831 0.123493 0.703233
2 0.829144 0.571650 0.038773 0.085712 0.690490
2 0.930186 0.507481 0.015139 0.015134 0.686515
2 0.982273 0.547359 0.034791 0.038004 0.649970
7 0.234983 0.524382 0.079084 0.044249 0.577316
7 0.167061 0.520211 0.064954 0.046377 0.530763
2 0.235001 0.524553 0.078775 0.043896 0.516516
2 0.799793 0.568684 0.052980 0.130479 0.492022
7 0.524858 0.597418 0.128472 0.123492 0.479690
2 0.166844 0.520315 0.064994 0.046736 0.468635
7 0.740930 0.577569 0.134687 0.167785 0.444073
9 0.594119 0.342809 0.010349 0.034774 0.402787
7 0.828611 0.571523 0.039481 0.086149 0.402655
2 0.104975 0.514645 0.036249 0.019993 0.351015
9 0.092780 0.404747 0.013347 0.022993 0.315976
9 0.841652 0.098086 0.049735 0.022456 0.305583
7 0.797876 0.567420 0.056808 0.134815 0.298787
