2 0.666433 0.650192 0.225670 0.226471 0.937753
2 0.323746 0.529650 0.089655 0.038787 0.899316
7 0.634372 0.491986 0.207002 0.154023 0.750896
7 0.750953 0.575065 0.145112 0.164968 0.694967
2 0.831810 0.569365 0.040312 0.083596 0.693004
2 0.521031 0.594942 0.103897 0.121940 0.670520
2 0.937442 0.508105 0.014258 0.014763 0.655623
2 0.243728 0.524178 0.074624 0.042577 0.634631
2 0.751505 0.574866 0.144372 0.163458 0.574159
7 0.243548 0.523798 0.074560 0.043422 0.540001
7 0.177422 0.519485 0.064540 0.046171 0.525457
2 0.992810 0.541028 0.014091 0.033013 0.497824
2 0.177122 0.519521 0.064149 0.046554 0.455875
7 0.518812 0.595010 0.097929 0.122023 0.439009
9 0.600831 0.343524 0.009883 0.035790 0.424601
7 0.531491 0.594813 0.123125 0.121929 0.397514
7 0.830924 0.569093 0.041500 0.084007 0.386455
2 0.813148 0.583685 0.030696 0.097163 0.365907
7 0.831630 0.569562 0.040933 0.084138 0.359945
9 0.845821 0.101457 0.049920 0.023250 0.356202
2 0.114538 0.514357 0.034399 0.020891 0.328724
9 0.781735 0.407829 0.014577 0.063672 0.303102
2 0.802026 0.566722 0.054503 0.131109 0.273838
