2 0.699205 0.619010 0.186460 0.179469 0.936959
2 0.399496 0.527916 0.083702 0.034522 0.873381
2 0.862796 0.562373 0.047262 0.076028 0.743372
7 0.788076 0.563813 0.138078 0.140298 0.670290
7 0.264716 0.517788 0.062218 0.043023 0.638808
7 0.688095 0.487820 0.193974 0.128185 0.554691
7 0.580730 0.579792 0.083787 0.096272 0.520727
2 0.788225 0.563755 0.136888 0.139952 0.507832
2 0.579666 0.579941 0.080181 0.096259 0.500050
7 0.326044 0.524240 0.067326 0.035017 0.450277
2 0.264085 0.517675 0.061269 0.042924 0.428720
9 0.656603 0.355559 0.009808 0.031566 0.384462
7 0.863938 0.562055 0.044757 0.074916 0.382233
2 0.854409 0.564503 0.030464 0.075100 0.381131
7 0.661976 0.524817 0.244927 0.203648 0.366895
7 0.686786 0.525106 0.197191 0.203081 0.294837
9 0.778503 0.408665 0.016528 0.048375 0.281089
9 0.846046 0.416378 0.008981 0.027397 0.269659
7 0.296354 0.518718 0.125085 0.045768 0.266453
7 0.326122 0.522723 0.067637 0.038810 0.257986
