2 0.691698 0.620045 0.188902 0.180044 0.939016
2 0.450706 0.527496 0.080736 0.034395 0.867442
2 0.611125 0.570615 0.055136 0.082952 0.843973
7 0.721865 0.484539 0.180541 0.104077 0.775621
2 0.883476 0.558343 0.051358 0.072107 0.760544
2 0.381518 0.524600 0.069243 0.033523 0.694470
2 0.806479 0.558665 0.131111 0.126711 0.649335
7 0.806591 0.558651 0.131567 0.127079 0.640178
7 0.322195 0.517645 0.057932 0.041438 0.639860
2 0.322578 0.517819 0.058651 0.041232 0.546162
7 0.381774 0.522828 0.069337 0.037389 0.360642
9 0.694889 0.365726 0.009814 0.030372 0.333576
2 0.877620 0.562364 0.030603 0.066217 0.296273
2 0.612126 0.527481 0.044661 0.022186 0.280678
7 0.884456 0.557475 0.049187 0.069239 0.257771
2 0.874827 0.561702 0.033888 0.068019 0.257627
