2 0.659626 0.669529 0.243456 0.256205 0.954445
2 0.297231 0.529089 0.094135 0.039534 0.902166
2 0.959291 0.535815 0.080778 0.046068 0.897901
2 0.509370 0.601110 0.136345 0.130397 0.896909
7 0.616777 0.491469 0.214694 0.166295 0.893727
7 0.145491 0.519311 0.066593 0.046677 0.697338
2 0.737193 0.579834 0.141193 0.175760 0.554683
7 0.215928 0.523660 0.077979 0.042963 0.548255
7 0.737332 0.579997 0.141415 0.176200 0.542405
2 0.825028 0.572497 0.037179 0.088212 0.540374
2 0.145275 0.519423 0.066683 0.046970 0.522400
9 0.581556 0.336989 0.010493 0.035182 0.514258
9 0.835359 0.085476 0.050986 0.023676 0.442375
7 0.215985 0.523630 0.077696 0.043318 0.425508
9 0.760648 0.405728 0.013580 0.061561 0.388275
9 0.071769 0.404615 0.017296 0.027921 0.376888
2 0.799355 0.569079 0.053226 0.136158 0.338379
7 0.509362 0.601062 0.136118 0.131263 0.317101
2 0.818594 0.576520 0.024366 0.086953 0.284414
2 0.824701 0.572000 0.037155 0.088104 0.276943
9 0.413141 0.359280 0.014603 0.025700 0.259591
2 0.810814 0.587769 0.025764 0.099491 0.256880
