2 0.662392 0.660891 0.232777 0.241367 0.950448
2 0.308779 0.529370 0.092960 0.039026 0.905626
2 0.516817 0.598526 0.129223 0.126313 0.881663
2 0.739280 0.577028 0.135197 0.169644 0.789142
2 0.972698 0.536529 0.053859 0.046229 0.731278
7 0.624045 0.495215 0.210786 0.169121 0.728507
2 0.827480 0.571577 0.037254 0.086371 0.717904
9 0.589131 0.339339 0.009627 0.035788 0.559598
7 0.739187 0.577711 0.136437 0.171234 0.557873
2 0.924519 0.506465 0.013835 0.015896 0.552496
7 0.228442 0.523443 0.076497 0.044073 0.530110
2 0.228449 0.523814 0.076358 0.043335 0.525977
7 0.159781 0.520003 0.067084 0.046773 0.515014
2 0.799508 0.568194 0.052533 0.133144 0.503737
2 0.968679 0.530979 0.057413 0.042187 0.399755
7 0.827149 0.571451 0.037426 0.086756 0.376156
2 0.159850 0.519878 0.067186 0.046473 0.371363
2 0.095453 0.513973 0.037565 0.021004 0.337241
9 0.839105 0.092155 0.050333 0.023430 0.319564
7 0.798142 0.567705 0.055850 0.135975 0.310063
7 0.799127 0.567879 0.053472 0.134737 0.293016
7 0.517001 0.598712 0.128890 0.126291 0.292016
9 0.500874 0.346890 0.008179 0.030096 0.252494
