2 0.683936 0.636062 0.205160 0.201706 0.937363
2 0.355741 0.529259 0.088124 0.037965 0.865285
2 0.846296 0.566440 0.043310 0.079650 0.841727
2 0.768628 0.570688 0.142452 0.152750 0.694152
2 0.967036 0.508669 0.015814 0.013464 0.689842
7 0.214775 0.520201 0.065469 0.045908 0.665546
2 0.556455 0.589659 0.112947 0.110392 0.657077
7 0.768342 0.570750 0.142484 0.153572 0.614616
2 0.280096 0.524559 0.071990 0.040779 0.566724
9 0.625219 0.348949 0.009662 0.034796 0.559707
7 0.279916 0.524084 0.071959 0.041846 0.544139
7 0.658717 0.493067 0.201380 0.146402 0.521619
2 0.215031 0.520248 0.065521 0.045316 0.517178
7 0.557318 0.589715 0.113321 0.110311 0.422556
2 0.152485 0.515215 0.030013 0.020680 0.368082
7 0.546427 0.589692 0.091433 0.108313 0.292069
7 0.355750 0.529155 0.087471 0.038813 0.262089
9 0.809372 0.406722 0.013015 0.058286 0.260223
9 0.741812 0.406488 0.014327 0.047408 0.253701
