2 0.699725 0.616794 0.186285 0.178030 0.936988
2 0.403526 0.527307 0.081643 0.034679 0.867784
2 0.864643 0.560791 0.048624 0.075803 0.765671
2 0.789156 0.562766 0.134791 0.138288 0.707094
7 0.789167 0.563005 0.135722 0.139298 0.646339
7 0.585855 0.577811 0.084791 0.095057 0.636890
9 0.660317 0.355349 0.009590 0.031412 0.569345
7 0.268648 0.517367 0.060656 0.042647 0.550713
2 0.329604 0.523470 0.071281 0.035899 0.547003
7 0.691111 0.489049 0.190752 0.131516 0.462095
7 0.330178 0.522738 0.070061 0.038078 0.433070
2 0.584979 0.577992 0.082253 0.094843 0.426319
7 0.301391 0.518716 0.126486 0.044982 0.411161
7 0.865040 0.560521 0.047875 0.075557 0.397581
9 0.781707 0.408419 0.015554 0.047455 0.373197
2 0.855727 0.563133 0.030613 0.074645 0.348107
2 0.267389 0.517274 0.057741 0.042224 0.337508
9 0.409521 0.470983 0.008979 0.028238 0.293172
9 0.185074 0.411095 0.011552 0.024031 0.261389
