2 0.690201 0.622227 0.192204 0.188349 0.937662
2 0.376323 0.527704 0.084290 0.036008 0.880018
7 0.569968 0.582083 0.103967 0.104716 0.757731
2 0.851598 0.563098 0.042512 0.075718 0.738986
7 0.774528 0.565872 0.138923 0.145700 0.703298
2 0.774660 0.565810 0.138399 0.145097 0.629989
7 0.237518 0.517401 0.062361 0.044164 0.614402
9 0.638375 0.352119 0.009203 0.033410 0.613797
7 0.301909 0.522546 0.070673 0.038858 0.524088
2 0.983228 0.507611 0.015174 0.014150 0.496443
2 0.237008 0.517416 0.062092 0.044221 0.467965
2 0.570206 0.582218 0.103662 0.104554 0.464984
2 0.843195 0.565051 0.028988 0.076695 0.411808
7 0.671723 0.489750 0.199308 0.137453 0.409262
9 0.094530 0.018847 0.052858 0.030471 0.351424
7 0.981826 0.496205 0.020921 0.035465 0.331389
2 0.301699 0.522556 0.070593 0.039874 0.323596
7 0.853250 0.562822 0.038974 0.074636 0.262469
9 0.383313 0.472107 0.009204 0.031057 0.258256
