2 0.685453 0.627693 0.197438 0.192286 0.936527
2 0.366459 0.527202 0.083357 0.037643 0.862220
2 0.848196 0.564152 0.041872 0.076871 0.761920
7 0.770988 0.567748 0.140097 0.148924 0.705834
2 0.770938 0.567561 0.139963 0.148443 0.623808
7 0.224730 0.517884 0.061865 0.043852 0.619349
2 0.563472 0.584427 0.109662 0.109081 0.609317
7 0.564083 0.584516 0.109793 0.108482 0.568517
9 0.630766 0.349541 0.009881 0.033628 0.556242
7 0.290230 0.522510 0.071677 0.040029 0.542239
9 0.072953 0.010300 0.053146 0.021662 0.533523
2 0.224445 0.517904 0.061486 0.043899 0.449655
2 0.290178 0.522607 0.071773 0.040434 0.427714
7 0.664811 0.491429 0.201887 0.143265 0.406653
7 0.664816 0.527531 0.201995 0.217915 0.405433
7 0.637536 0.528058 0.255848 0.219387 0.380676
7 0.664685 0.488869 0.200204 0.138237 0.280322
7 0.847650 0.564560 0.043289 0.078693 0.275874
2 0.163905 0.513146 0.026741 0.019792 0.272272
