2 0.683814 0.637118 0.208353 0.204689 0.936316
2 0.355416 0.529143 0.084162 0.037460 0.887452
2 0.846261 0.566404 0.043443 0.080322 0.820535
2 0.964780 0.507889 0.015499 0.014736 0.693167
2 0.768177 0.571243 0.143436 0.154603 0.684194
2 0.553185 0.589368 0.112629 0.112780 0.677171
7 0.211094 0.519880 0.063806 0.045284 0.658802
7 0.767895 0.571320 0.143344 0.155312 0.657962
7 0.657807 0.492497 0.204288 0.148324 0.618812
7 0.277135 0.523291 0.074362 0.042712 0.508571
7 0.555586 0.589557 0.115794 0.112820 0.484419
2 0.210534 0.520097 0.062239 0.045328 0.479549
9 0.623106 0.348286 0.010518 0.033897 0.471688
7 0.276786 0.523347 0.073496 0.043112 0.337474
9 0.739928 0.406526 0.015252 0.047267 0.280336
7 0.846125 0.566685 0.044077 0.081300 0.267993
9 0.862270 0.111544 0.048276 0.022678 0.265330
7 0.657044 0.529833 0.206571 0.225901 0.257203
