2 0.684698 0.608135 0.188142 0.179199 0.942631
2 0.470174 0.517378 0.080003 0.033422 0.846433
2 0.890139 0.545536 0.055020 0.068846 0.815093
2 0.812405 0.546165 0.132680 0.119564 0.699031
2 0.881514 0.548844 0.037166 0.068691 0.635124
7 0.812305 0.546557 0.132832 0.119869 0.616355
7 0.346270 0.508197 0.058073 0.039165 0.601346
9 0.710243 0.358782 0.009914 0.030176 0.535262
2 0.401729 0.511890 0.063601 0.037011 0.512834
9 0.258567 0.407178 0.009983 0.023572 0.496422
7 0.402059 0.511683 0.063642 0.037724 0.452082
7 0.738717 0.475680 0.182141 0.100751 0.426721
2 0.345359 0.508135 0.056005 0.039147 0.355025
7 0.374652 0.509310 0.114600 0.042018 0.325064
7 0.889558 0.545160 0.056489 0.069221 0.280685
