2 0.620044 0.790801 0.560194 0.412209 0.960308
2 0.360306 0.653699 0.227238 0.198855 0.943502
2 0.682885 0.566656 0.210392 0.145852 0.920417
2 0.149528 0.534387 0.109830 0.043363 0.907770
2 0.806411 0.532518 0.036639 0.039712 0.869939
7 0.512768 0.494304 0.286446 0.237247 0.847071
2 0.049351 0.526743 0.097348 0.051337 0.782056
0 0.966864 0.525698 0.014257 0.049018 0.721623
9 0.472313 0.308143 0.012536 0.041355 0.488963
9 0.770180 0.013037 0.059081 0.024186 0.413960
7 0.049817 0.526670 0.097731 0.051898 0.409909
9 0.366031 0.317203 0.011240 0.037602 0.383894
9 0.654723 0.406834 0.012721 0.048662 0.318387
0 0.643808 0.535849 0.028370 0.035145 0.303338
9 0.283072 0.325533 0.013241 0.034770 0.260427
7 0.682775 0.566555 0.209807 0.144749 0.251471
