2 0.694979 0.621153 0.190142 0.181071 0.934732
2 0.388490 0.528349 0.083772 0.036756 0.883080
2 0.780620 0.566161 0.135766 0.141853 0.743690
2 0.856974 0.564201 0.045190 0.075648 0.735595
2 0.569230 0.582296 0.081416 0.098764 0.691783
9 0.648295 0.356221 0.009436 0.031943 0.670090
7 0.781085 0.566153 0.137350 0.142934 0.624161
7 0.251621 0.518810 0.060875 0.043180 0.610044
7 0.679617 0.495556 0.192880 0.140829 0.495110
2 0.315740 0.522978 0.071532 0.040762 0.490869
7 0.569289 0.582420 0.080073 0.098961 0.485149
7 0.653048 0.527405 0.247678 0.205990 0.462489
7 0.315212 0.522817 0.070608 0.041847 0.461456
2 0.250969 0.518769 0.059453 0.043027 0.423226
7 0.856887 0.564457 0.046474 0.076233 0.402246
9 0.167339 0.411104 0.010571 0.023554 0.394554
7 0.678927 0.527697 0.193900 0.205863 0.363464
9 0.767491 0.410083 0.014649 0.049742 0.363163
2 0.849424 0.566450 0.031724 0.076042 0.349564
9 0.876811 0.130817 0.046104 0.021118 0.276031
9 0.118847 0.035061 0.050661 0.028344 0.264077
