2 0.638276 0.734422 0.336916 0.358051 0.957588
2 0.861327 0.536440 0.062376 0.044940 0.915917
2 0.230017 0.531873 0.101925 0.042100 0.910609
7 0.569864 0.493734 0.241732 0.193730 0.895429
2 0.447045 0.621451 0.170338 0.155334 0.840493
2 0.715774 0.589561 0.173619 0.192606 0.834994
7 0.066495 0.521497 0.074604 0.049833 0.765440
7 0.139449 0.525044 0.095344 0.048325 0.582101
2 0.801006 0.578652 0.030507 0.090891 0.571577
9 0.435115 0.334021 0.009299 0.033510 0.521901
2 0.139678 0.525028 0.095605 0.048348 0.493779
7 0.715891 0.589819 0.174104 0.192046 0.452061
2 0.066103 0.521245 0.073745 0.049856 0.445498
7 0.447402 0.621620 0.170968 0.156529 0.400437
2 0.014126 0.514724 0.028195 0.023261 0.369961
9 0.531027 0.325392 0.010098 0.036823 0.354349
9 0.358784 0.341934 0.011015 0.031365 0.312355
9 0.965673 0.466194 0.012288 0.035491 0.294701
2 0.785340 0.568299 0.059179 0.128118 0.292221
7 0.716418 0.592034 0.173440 0.197029 0.281009
9 0.709925 0.404377 0.012752 0.054817 0.251567
