2 0.628097 0.771056 0.390132 0.417992 0.959427
2 0.418348 0.631838 0.184457 0.165379 0.932270
7 0.546201 0.494812 0.247671 0.205701 0.918613
2 0.202682 0.533150 0.104635 0.042068 0.911606
2 0.836681 0.535685 0.046831 0.040209 0.894006
2 0.702356 0.586448 0.188417 0.186861 0.865975
2 0.110444 0.526265 0.090175 0.049190 0.758468
9 0.410922 0.329193 0.010653 0.036252 0.612590
2 0.035319 0.522369 0.070683 0.052432 0.609158
7 0.035159 0.522116 0.070419 0.052844 0.584720
2 0.789985 0.579635 0.027672 0.087625 0.559151
9 0.509715 0.320568 0.011589 0.039446 0.537937
9 0.332855 0.337483 0.010542 0.034040 0.423055
0 0.993710 0.521761 0.012664 0.059100 0.412661
7 0.111081 0.526290 0.091601 0.049666 0.407349
7 0.702870 0.586940 0.189218 0.186025 0.357750
0 0.668557 0.530332 0.022272 0.027689 0.266222
2 0.775819 0.563191 0.056248 0.123020 0.260857
2 0.839502 0.499119 0.013050 0.028266 0.250952
