2 0.655758 0.673267 0.248324 0.261495 0.952831
2 0.953789 0.538073 0.091863 0.049732 0.905608
2 0.292000 0.529933 0.094974 0.039366 0.903248
2 0.503060 0.603010 0.137409 0.131683 0.891857
7 0.612398 0.492497 0.217373 0.168835 0.871791
7 0.738650 0.580933 0.154753 0.178931 0.710553
7 0.138900 0.519742 0.068084 0.047364 0.681614
2 0.738612 0.580648 0.154427 0.178366 0.606304
7 0.209057 0.524312 0.080928 0.041980 0.566057
2 0.820986 0.573326 0.036923 0.088016 0.540176
2 0.139329 0.519832 0.068920 0.047563 0.500951
9 0.831493 0.084674 0.050560 0.023164 0.464172
9 0.756134 0.407486 0.014881 0.061693 0.435088
2 0.208645 0.524110 0.080454 0.042897 0.430217
7 0.504244 0.603428 0.138894 0.132606 0.355912
2 0.818192 0.503614 0.025442 0.020557 0.293489
2 0.797571 0.571667 0.048244 0.136881 0.286985
9 0.486722 0.344894 0.008445 0.029426 0.276414
9 0.064752 0.402484 0.017251 0.026197 0.267843
9 0.576325 0.337282 0.009962 0.035566 0.255311
2 0.820792 0.573632 0.036604 0.088377 0.254633
