2 0.629819 0.784717 0.503252 0.420834 0.957951
2 0.385483 0.645275 0.213015 0.188045 0.937689
2 0.695359 0.572877 0.204360 0.161930 0.900986
2 0.171343 0.532898 0.108170 0.043404 0.899480
2 0.819457 0.531929 0.038296 0.039957 0.886136
2 0.074009 0.526087 0.094219 0.050746 0.866846
7 0.529289 0.491687 0.274642 0.222040 0.813635
2 0.017475 0.522394 0.034543 0.050171 0.702203
0 0.980771 0.524625 0.013964 0.049261 0.641910
9 0.384383 0.320670 0.010975 0.036837 0.438358
9 0.781187 0.017458 0.059861 0.030866 0.383499
9 0.303002 0.328517 0.010663 0.033526 0.353415
7 0.017497 0.522273 0.034320 0.050716 0.351880
0 0.376746 0.585765 0.033868 0.032192 0.346284
0 0.657814 0.531972 0.023382 0.030847 0.301711
7 0.074281 0.526146 0.093961 0.051396 0.283790
9 0.488105 0.311259 0.011119 0.039395 0.251311
