2 0.647637 0.685013 0.264780 0.281251 0.954802
2 0.928723 0.538004 0.100508 0.049268 0.916652
2 0.488044 0.608786 0.143994 0.136606 0.915250
2 0.275663 0.531534 0.094964 0.040176 0.900132
7 0.602389 0.493289 0.227320 0.174523 0.874132
2 0.728831 0.584952 0.152930 0.184262 0.757685
2 0.812205 0.575487 0.037031 0.087762 0.704709
7 0.119821 0.521041 0.071455 0.048535 0.703606
2 0.895421 0.508437 0.014519 0.016049 0.609211
7 0.730407 0.585248 0.156301 0.185560 0.596605
7 0.189580 0.526535 0.085220 0.042627 0.587116
9 0.562990 0.335782 0.009932 0.035609 0.555159
2 0.119620 0.520996 0.071408 0.048947 0.510159
9 0.821439 0.079360 0.052220 0.024576 0.500176
2 0.189715 0.525995 0.084893 0.043529 0.432415
2 0.788504 0.573559 0.054957 0.141650 0.390780
2 0.800733 0.588845 0.027157 0.111534 0.369417
7 0.811583 0.574886 0.037871 0.087724 0.342123
2 0.803709 0.504329 0.027089 0.020333 0.315432
2 0.062361 0.514763 0.038863 0.021716 0.308998
9 0.471915 0.343904 0.008969 0.030997 0.262304
