2 0.649960 0.682071 0.258934 0.274274 0.957163
2 0.492275 0.607186 0.141545 0.134258 0.922110
2 0.939422 0.538912 0.103336 0.047938 0.918087
2 0.280975 0.531696 0.094465 0.039555 0.899960
7 0.603673 0.493261 0.219334 0.170005 0.897872
7 0.125909 0.521206 0.069501 0.048114 0.721649
2 0.731522 0.584257 0.152545 0.182087 0.705559
7 0.731660 0.584421 0.153044 0.182897 0.658319
9 0.824204 0.082479 0.051062 0.024170 0.652367
7 0.197408 0.525840 0.082889 0.043579 0.622603
9 0.566571 0.337290 0.009210 0.034006 0.609734
2 0.125547 0.521353 0.068994 0.048328 0.496956
2 0.197258 0.525695 0.083143 0.044487 0.486591
2 0.813871 0.575892 0.037352 0.090601 0.483514
2 0.790837 0.574784 0.050743 0.138454 0.367147
2 0.808052 0.504732 0.026840 0.020371 0.286829
9 0.746087 0.407517 0.012939 0.056474 0.284945
2 0.067696 0.514648 0.038793 0.021817 0.282608
9 0.051706 0.403902 0.018705 0.027259 0.272445
7 0.492197 0.607640 0.141688 0.134995 0.250001
