2 0.643510 0.694661 0.282392 0.298894 0.956212
2 0.260829 0.530037 0.097690 0.040459 0.903257
2 0.903509 0.536147 0.090100 0.045342 0.899906
7 0.589832 0.490509 0.225964 0.176877 0.896373
2 0.474684 0.609762 0.150916 0.143113 0.887604
2 0.726754 0.585704 0.163017 0.190874 0.817576
2 0.173937 0.524752 0.084812 0.043618 0.622500
9 0.553397 0.330719 0.009844 0.036172 0.603637
2 0.808050 0.574951 0.034872 0.090862 0.593826
7 0.726571 0.586179 0.163948 0.191792 0.527609
7 0.103884 0.520180 0.071274 0.048316 0.511759
2 0.884170 0.505281 0.012703 0.017089 0.503667
9 0.731158 0.404828 0.014016 0.057876 0.499883
7 0.103717 0.520017 0.071103 0.048724 0.472249
9 0.460147 0.339810 0.009574 0.033654 0.423861
7 0.807558 0.574802 0.035496 0.091624 0.418798
7 0.474711 0.610038 0.150893 0.143451 0.373432
7 0.171586 0.524288 0.080786 0.044105 0.361726
9 0.030959 0.400527 0.018529 0.029141 0.359639
2 0.801059 0.578924 0.027028 0.094671 0.309220
7 0.172768 0.524265 0.082825 0.044226 0.306885
2 0.046788 0.513160 0.038880 0.021600 0.283212
9 0.442588 0.410981 0.009720 0.025731 0.265921
9 0.815144 0.070534 0.053006 0.023612 0.253507
