2 0.652679 0.677701 0.253613 0.267202 0.955944
2 0.285362 0.530680 0.095184 0.040078 0.895748
2 0.948866 0.539215 0.101510 0.047754 0.866758
2 0.498250 0.604643 0.141055 0.132970 0.845814
7 0.736533 0.582883 0.157216 0.180957 0.802377
7 0.610313 0.492262 0.221917 0.168141 0.796248
7 0.133018 0.520357 0.071316 0.047563 0.733531
9 0.827640 0.084006 0.050993 0.022811 0.596293
7 0.200648 0.525864 0.082326 0.041091 0.592075
9 0.572218 0.337208 0.009747 0.034737 0.572895
2 0.817725 0.574520 0.037334 0.087756 0.511205
2 0.736477 0.583216 0.156616 0.180886 0.481255
2 0.132594 0.520540 0.070884 0.047923 0.473028
7 0.498180 0.604776 0.140244 0.133975 0.435788
9 0.058038 0.405282 0.018658 0.028615 0.402973
7 0.793120 0.573310 0.050873 0.138414 0.389236
2 0.199594 0.525087 0.083844 0.042904 0.359478
9 0.750776 0.408770 0.014316 0.061567 0.333742
9 0.481540 0.345072 0.009018 0.030898 0.257832
