2 0.685625 0.615775 0.187908 0.178270 0.945433
2 0.809031 0.554224 0.133350 0.120711 0.880220
2 0.886962 0.552994 0.053810 0.065003 0.871081
2 0.464996 0.524946 0.079767 0.033275 0.869479
2 0.396351 0.522155 0.067146 0.032184 0.678996
7 0.731935 0.481981 0.180086 0.100028 0.592073
2 0.339450 0.515087 0.058587 0.040049 0.575771
2 0.878430 0.557517 0.034393 0.064688 0.573994
7 0.339478 0.515104 0.058925 0.040112 0.569695
7 0.809360 0.554417 0.133687 0.121873 0.421607
9 0.704846 0.365647 0.009212 0.030260 0.413272
7 0.396319 0.520917 0.067037 0.035159 0.412946
9 0.251504 0.413105 0.010416 0.021436 0.351772
2 0.977430 0.504974 0.018425 0.015579 0.276187
2 0.943059 0.502620 0.033458 0.020279 0.250078
