2 0.692728 0.617490 0.188266 0.178507 0.943216
2 0.440270 0.526155 0.080393 0.033268 0.854145
2 0.605905 0.569124 0.063469 0.085354 0.814930
2 0.877201 0.557034 0.052452 0.072595 0.809904
2 0.801276 0.557687 0.131443 0.128705 0.794852
7 0.715671 0.481090 0.184349 0.103829 0.741688
2 0.369585 0.523168 0.068157 0.032127 0.682629
2 0.311741 0.515954 0.060701 0.040871 0.601022
7 0.311330 0.515789 0.059966 0.041386 0.557392
7 0.800987 0.557849 0.131636 0.129429 0.524385
9 0.687216 0.360748 0.009081 0.031181 0.509118
2 0.869599 0.558775 0.037521 0.072576 0.501523
7 0.369629 0.522407 0.068226 0.034047 0.374606
7 0.877505 0.556546 0.052597 0.071294 0.317013
9 0.222895 0.412247 0.010299 0.024122 0.302905
