2 0.686872 0.625137 0.195724 0.191680 0.935560
2 0.369404 0.526893 0.085779 0.036767 0.879219
7 0.771804 0.566706 0.139060 0.147640 0.684525
2 0.848159 0.563464 0.043951 0.077434 0.674849
7 0.228437 0.517245 0.062106 0.044256 0.582164
2 0.771654 0.566549 0.138572 0.146907 0.571713
7 0.565865 0.583909 0.108470 0.105558 0.565676
7 0.664384 0.489720 0.196772 0.139332 0.532920
2 0.566233 0.583807 0.108481 0.105072 0.495359
7 0.291403 0.521958 0.074309 0.040506 0.495282
9 0.633225 0.349945 0.010031 0.034274 0.487028
9 0.080329 0.012373 0.054366 0.024519 0.423105
7 0.262708 0.518926 0.130345 0.046189 0.400573
2 0.292174 0.522362 0.072471 0.040270 0.391709
2 0.976840 0.506450 0.015029 0.015299 0.390435
2 0.227708 0.517314 0.060876 0.044101 0.358964
7 0.637618 0.527270 0.250425 0.216597 0.319062
7 0.977549 0.495900 0.019541 0.036115 0.295446
7 0.663707 0.526031 0.198927 0.212671 0.294491
2 0.160039 0.513214 0.038897 0.021704 0.277945
9 0.752629 0.406604 0.015072 0.046324 0.272237
7 0.849813 0.563170 0.040597 0.076122 0.257087
