2 0.627859 0.779288 0.419658 0.425731 0.957841
2 0.407450 0.635653 0.190583 0.173170 0.930307
2 0.192893 0.534054 0.104919 0.041764 0.912020
7 0.541148 0.492984 0.257208 0.206970 0.892739
2 0.830825 0.534842 0.043821 0.040941 0.892098
2 0.701910 0.583602 0.194286 0.181027 0.881899
2 0.099966 0.527747 0.090894 0.048701 0.721164
2 0.030266 0.523052 0.060169 0.051993 0.600591
7 0.030243 0.523010 0.060268 0.052429 0.582381
9 0.402503 0.326739 0.010159 0.036462 0.509270
9 0.323391 0.336056 0.010802 0.032196 0.494666
2 0.788218 0.580320 0.025969 0.086054 0.474361
9 0.683158 0.405387 0.013591 0.052908 0.469329
9 0.503329 0.318537 0.010611 0.039569 0.462165
7 0.100262 0.527678 0.092242 0.049115 0.428276
7 0.701807 0.584100 0.194538 0.181018 0.330179
9 0.786679 0.035773 0.057463 0.026090 0.279259
