2 0.684405 0.598017 0.189080 0.179433 0.947108
2 0.476696 0.507891 0.079997 0.033713 0.884120
2 0.894677 0.535406 0.052129 0.065493 0.847267
2 0.884302 0.539634 0.036008 0.066570 0.713159
7 0.814567 0.536682 0.132186 0.118052 0.654754
2 0.814447 0.536481 0.132143 0.118117 0.641872
2 0.409082 0.503205 0.064663 0.035724 0.633010
7 0.353462 0.498661 0.056825 0.039656 0.567365
2 0.353650 0.498678 0.056986 0.039599 0.486078
7 0.409398 0.502502 0.064098 0.037310 0.455104
9 0.715691 0.350741 0.008906 0.030110 0.390095
2 0.957202 0.486686 0.030395 0.020996 0.381755
7 0.740725 0.471705 0.177586 0.109617 0.354537
2 0.990423 0.488444 0.017072 0.017816 0.306814
9 0.264670 0.397583 0.010914 0.022355 0.305160
