2 0.672633 0.644417 0.216241 0.218461 0.946015
2 0.334180 0.527558 0.089854 0.036953 0.888732
2 0.538990 0.591900 0.122094 0.117074 0.880578
2 0.835450 0.567621 0.041327 0.081401 0.805737
2 0.757577 0.572274 0.146155 0.160327 0.750433
7 0.642182 0.490660 0.206957 0.152573 0.748558
2 0.256149 0.522155 0.076400 0.042097 0.705388
2 0.188419 0.518028 0.066152 0.045343 0.638870
7 0.188535 0.517839 0.066560 0.045678 0.561038
7 0.756569 0.572474 0.146754 0.161184 0.560059
9 0.607459 0.343907 0.010457 0.034975 0.442723
7 0.256086 0.521874 0.076098 0.042888 0.409205
7 0.946129 0.495747 0.021891 0.032911 0.364155
2 0.126068 0.512763 0.032745 0.020448 0.289219
7 0.539142 0.592163 0.121838 0.117968 0.287903
9 0.521391 0.353642 0.008477 0.031888 0.281343
9 0.850352 0.103964 0.048611 0.022740 0.270474
7 0.836069 0.567494 0.040939 0.081322 0.254253
