2 0.612816 0.792179 0.696365 0.406466 0.958960
2 0.329082 0.657336 0.250295 0.208974 0.941172
2 0.124059 0.531692 0.113977 0.044894 0.910962
2 0.668605 0.554665 0.217541 0.138223 0.906519
2 0.793139 0.522873 0.032735 0.031576 0.845888
7 0.485590 0.489233 0.286946 0.252398 0.834552
2 0.034748 0.523475 0.069501 0.054596 0.757115
0 0.957567 0.517606 0.014904 0.047827 0.668294
0 0.970599 0.527688 0.025365 0.053454 0.628402
1 0.971614 0.547333 0.043288 0.042374 0.545857
2 0.772672 0.547157 0.021369 0.024530 0.431367
7 0.035080 0.523287 0.069619 0.055168 0.421362
9 0.342712 0.307815 0.012404 0.038886 0.379051
0 0.556269 0.579854 0.020208 0.030037 0.328171
7 0.668917 0.554728 0.217028 0.137661 0.258916
9 0.452482 0.297857 0.011689 0.041948 0.256752
