2 0.629326 0.761047 0.377590 0.400914 0.958719
2 0.424156 0.628725 0.181183 0.163628 0.937251
7 0.549763 0.492671 0.245164 0.201715 0.933108
2 0.207895 0.532219 0.103876 0.042269 0.909264
2 0.840272 0.534315 0.048837 0.041822 0.897977
2 0.704041 0.589090 0.182663 0.193670 0.874265
2 0.115726 0.524916 0.091597 0.049825 0.782178
2 0.039832 0.521787 0.076733 0.051378 0.647813
7 0.039903 0.521578 0.077216 0.051523 0.601258
2 0.792061 0.578638 0.028561 0.088368 0.587787
9 0.337004 0.337312 0.009742 0.032733 0.569787
9 0.415192 0.328634 0.009236 0.035446 0.422313
0 0.994941 0.524449 0.011300 0.050259 0.376806
7 0.703676 0.589389 0.182119 0.192908 0.368777
9 0.947778 0.461918 0.013587 0.040941 0.347929
7 0.116231 0.524898 0.092463 0.050441 0.327633
9 0.792470 0.043487 0.055777 0.026030 0.294860
9 0.693343 0.405693 0.014653 0.058353 0.273531
0 0.670185 0.529229 0.024125 0.031402 0.267175
2 0.777613 0.562021 0.059348 0.125923 0.262137
