2 0.642522 0.709255 0.301688 0.319377 0.956985
2 0.464686 0.615181 0.157647 0.148536 0.930288
2 0.249962 0.532269 0.098407 0.040489 0.916990
2 0.883524 0.537122 0.079719 0.045314 0.914532
7 0.582353 0.490315 0.230607 0.178807 0.909115
7 0.089224 0.521662 0.069852 0.049288 0.808097
2 0.723565 0.590026 0.169160 0.194885 0.772724
7 0.162422 0.525750 0.084400 0.046614 0.722865
7 0.724264 0.590646 0.169783 0.196196 0.583187
9 0.545327 0.328550 0.011019 0.038564 0.566846
2 0.162674 0.525701 0.084418 0.046973 0.466728
2 0.089194 0.521539 0.070069 0.049264 0.444466
2 0.804476 0.576199 0.037948 0.096876 0.359512
2 0.806858 0.577430 0.032950 0.090783 0.352416
2 0.813313 0.584243 0.020248 0.072090 0.342093
9 0.450879 0.337825 0.008956 0.034531 0.297945
2 0.784713 0.503069 0.034617 0.020103 0.295723
2 0.791341 0.562671 0.063789 0.128074 0.287357
9 0.723120 0.407156 0.012226 0.058530 0.263850
