2 0.613081 0.791497 0.698094 0.407994 0.959020
2 0.331159 0.655816 0.254524 0.208965 0.941553
2 0.669314 0.553406 0.217213 0.137877 0.912678
2 0.124068 0.530610 0.113595 0.045237 0.910012
2 0.793399 0.521494 0.032811 0.033175 0.855397
2 0.034729 0.522547 0.069577 0.054082 0.827752
7 0.485302 0.486825 0.287519 0.252009 0.767752
0 0.976581 0.527808 0.026873 0.059999 0.727869
0 0.957828 0.516010 0.016010 0.047038 0.636614
1 0.975009 0.546701 0.046353 0.042290 0.596400
9 0.342445 0.305964 0.012880 0.039829 0.586948
9 0.452597 0.296622 0.011706 0.042722 0.433208
9 0.257749 0.314599 0.012168 0.036883 0.360878
7 0.034996 0.522298 0.069550 0.054950 0.338434
0 0.556343 0.578537 0.020736 0.030104 0.337300
2 0.772913 0.546364 0.021532 0.023716 0.334185
9 0.637562 0.399516 0.011643 0.049339 0.317247
0 0.957706 0.507450 0.015141 0.027939 0.255388
7 0.669523 0.553407 0.216703 0.137447 0.254621
1 0.959718 0.545956 0.022624 0.035500 0.251681
