2 0.692579 0.622272 0.189180 0.183042 0.932481
2 0.383027 0.527904 0.085650 0.036568 0.841654
2 0.854842 0.564097 0.045036 0.076561 0.680990
7 0.249216 0.518507 0.066634 0.044181 0.676812
7 0.778318 0.566060 0.138619 0.143323 0.670624
2 0.778253 0.566052 0.137555 0.142953 0.624530
7 0.576204 0.582130 0.101791 0.102161 0.612501
7 0.307515 0.523283 0.071441 0.040666 0.516461
7 0.854684 0.564097 0.045583 0.076890 0.492232
7 0.676835 0.491164 0.197841 0.134450 0.486908
2 0.576153 0.582059 0.100654 0.102471 0.481700
9 0.644347 0.354854 0.009427 0.031542 0.465379
7 0.650580 0.527524 0.250230 0.208074 0.435221
7 0.990866 0.498815 0.018237 0.036552 0.432944
2 0.246962 0.518521 0.062180 0.043632 0.391967
2 0.752729 0.601145 0.079540 0.134947 0.346436
9 0.764737 0.409754 0.016446 0.049263 0.335799
7 0.675859 0.527720 0.200412 0.207697 0.331386
2 0.847157 0.566195 0.031347 0.077538 0.325834
7 0.382787 0.527581 0.085460 0.037737 0.317224
2 0.991159 0.508523 0.013574 0.016288 0.272166
9 0.162599 0.410635 0.009122 0.023422 0.264831
2 0.308327 0.523157 0.068924 0.041214 0.264388
