2 0.613050 0.788564 0.699861 0.415324 0.958557
2 0.330875 0.651032 0.253925 0.206050 0.939451
2 0.124399 0.525713 0.113882 0.045254 0.915802
2 0.669089 0.548089 0.216400 0.136478 0.905789
2 0.792883 0.517373 0.033488 0.034931 0.869704
0 0.956607 0.512664 0.015164 0.048527 0.731383
7 0.484817 0.481696 0.287212 0.248396 0.692260
2 0.034454 0.518477 0.068861 0.053690 0.600066
2 0.041168 0.528003 0.056431 0.034541 0.467913
0 0.993492 0.525610 0.013107 0.068580 0.411701
2 0.773057 0.541204 0.021762 0.024511 0.303378
9 0.342747 0.301294 0.012295 0.038566 0.293289
9 0.637795 0.392295 0.011871 0.053999 0.290661
7 0.669193 0.548073 0.216447 0.136352 0.288716
