2 0.634927 0.739740 0.346061 0.368207 0.956259
2 0.855897 0.534647 0.058022 0.045031 0.905680
2 0.224711 0.531765 0.100459 0.041483 0.902174
2 0.440318 0.622449 0.171931 0.157590 0.899085
7 0.565126 0.493487 0.241640 0.196608 0.889812
2 0.713341 0.589831 0.180011 0.195861 0.858353
2 0.134519 0.524478 0.088532 0.048345 0.665599
7 0.058500 0.520739 0.073975 0.050218 0.634088
2 0.058815 0.520947 0.074601 0.049875 0.489821
7 0.134609 0.524567 0.089126 0.048682 0.462748
9 0.352617 0.340071 0.011392 0.032431 0.450073
2 0.798434 0.577205 0.028682 0.087573 0.446392
2 0.782745 0.565195 0.060347 0.125942 0.405081
7 0.714780 0.591417 0.180689 0.197984 0.361990
7 0.714072 0.589995 0.180731 0.195354 0.356206
9 0.705238 0.407159 0.014445 0.060111 0.339467
9 0.429217 0.331946 0.009659 0.033380 0.318914
2 0.010251 0.514483 0.019901 0.022420 0.306857
9 0.526602 0.323676 0.010299 0.038630 0.285661
7 0.440643 0.622622 0.172702 0.158545 0.277991
