2 0.693980 0.617647 0.188018 0.178674 0.939580
2 0.445110 0.524617 0.079995 0.037009 0.868943
2 0.608174 0.568986 0.061058 0.085310 0.857820
7 0.718936 0.480598 0.184306 0.105038 0.767139
2 0.881304 0.556902 0.050566 0.070883 0.765441
2 0.805258 0.557952 0.130605 0.127956 0.693128
2 0.374685 0.522739 0.065532 0.033582 0.678880
7 0.805276 0.557952 0.131284 0.128350 0.612541
2 0.315429 0.516363 0.057852 0.040635 0.600737
7 0.315415 0.516122 0.057956 0.041070 0.568260
9 0.690904 0.361825 0.008574 0.030720 0.515449
7 0.374705 0.521406 0.066169 0.036540 0.403284
2 0.872807 0.559475 0.035170 0.070019 0.361645
