2 0.619202 0.792243 0.617523 0.410329 0.961948
2 0.347433 0.655281 0.237336 0.204550 0.941510
2 0.678134 0.560095 0.214098 0.139958 0.921284
2 0.138579 0.532665 0.112463 0.044166 0.907137
7 0.501411 0.490823 0.289263 0.239261 0.880006
2 0.800321 0.530004 0.035785 0.037697 0.870198
0 0.960412 0.523073 0.013843 0.052305 0.807270
2 0.043466 0.524577 0.087089 0.053685 0.747353
9 0.356937 0.313177 0.010843 0.037288 0.410406
7 0.043928 0.524437 0.088002 0.054267 0.407800
9 0.765382 0.008579 0.059731 0.016838 0.337639
