2 0.690252 0.620853 0.189193 0.180100 0.941127
2 0.451902 0.528626 0.080873 0.034291 0.873967
2 0.612692 0.569122 0.056468 0.087016 0.822512
2 0.882824 0.559129 0.053386 0.072911 0.745710
7 0.722841 0.485070 0.180470 0.101878 0.714254
7 0.807229 0.559146 0.130733 0.125816 0.684882
7 0.326913 0.519248 0.060899 0.040915 0.634391
2 0.384651 0.525135 0.066783 0.035875 0.633625
2 0.806925 0.559041 0.130368 0.126011 0.601383
2 0.327139 0.519432 0.061546 0.040671 0.529235
9 0.696934 0.366895 0.008996 0.030782 0.463927
7 0.384295 0.524506 0.066035 0.037370 0.356122
2 0.932799 0.504614 0.035839 0.021178 0.296933
2 0.874581 0.562273 0.033879 0.068626 0.290808
2 0.968666 0.506119 0.029594 0.020197 0.252469
