2 0.612731 0.794210 0.695509 0.404549 0.957894
2 0.329275 0.661234 0.250604 0.207599 0.941557
2 0.669193 0.559514 0.218856 0.138998 0.914906
2 0.123855 0.534519 0.113102 0.044283 0.904730
7 0.486276 0.493465 0.287708 0.251191 0.867846
2 0.793854 0.523414 0.031814 0.033187 0.840918
2 0.034805 0.526630 0.069723 0.052641 0.820247
0 0.935737 0.532901 0.025677 0.058988 0.744327
0 0.954200 0.519700 0.016088 0.043510 0.591074
1 0.938902 0.549267 0.036986 0.041505 0.584098
9 0.343018 0.310849 0.012255 0.038797 0.388177
7 0.034994 0.525890 0.070007 0.053841 0.349183
9 0.452740 0.300373 0.011422 0.041784 0.328752
0 0.916189 0.511080 0.011038 0.036645 0.266712
