2 0.694415 0.617602 0.186018 0.177357 0.940557
2 0.410571 0.526611 0.083174 0.035949 0.849853
2 0.591986 0.576384 0.085717 0.090716 0.843979
2 0.865285 0.560147 0.048899 0.074214 0.769806
7 0.276534 0.517074 0.059260 0.042564 0.654768
7 0.788865 0.561681 0.133945 0.136886 0.653234
2 0.788743 0.561505 0.133122 0.136362 0.638778
2 0.338358 0.524046 0.067295 0.034400 0.587381
7 0.695214 0.486539 0.188389 0.121692 0.569883
7 0.338771 0.522389 0.068697 0.037903 0.504062
9 0.664673 0.357532 0.008126 0.030808 0.494657
2 0.276161 0.516840 0.058543 0.043072 0.490020
2 0.856820 0.562508 0.033708 0.074416 0.460597
7 0.591855 0.576417 0.085594 0.091480 0.366275
7 0.410313 0.526343 0.083186 0.037224 0.263146
2 0.872498 0.558008 0.036305 0.065872 0.250946
