2 0.615393 0.789763 0.691779 0.411768 0.957719
2 0.330582 0.655376 0.247916 0.209063 0.940668
2 0.672558 0.550640 0.218010 0.135296 0.912512
2 0.126669 0.528320 0.111742 0.045792 0.897477
7 0.488582 0.485855 0.288400 0.250434 0.858343
2 0.793947 0.523082 0.035366 0.034828 0.841331
2 0.036861 0.521316 0.073669 0.051623 0.736672
0 0.954236 0.515883 0.015004 0.048968 0.736158
9 0.346138 0.304126 0.011471 0.039748 0.566294
0 0.918940 0.500441 0.007847 0.028409 0.499203
7 0.037142 0.521105 0.073646 0.052317 0.407658
0 0.558801 0.575634 0.022695 0.029404 0.373276
9 0.454827 0.294350 0.011878 0.042480 0.359245
9 0.259601 0.312850 0.012063 0.035492 0.293925
2 0.815993 0.497995 0.020663 0.011681 0.283137
0 0.560670 0.579076 0.027510 0.036620 0.279036
0 0.629445 0.530176 0.031400 0.036748 0.269189
7 0.672786 0.550580 0.218193 0.134476 0.265937
9 0.637961 0.402915 0.008852 0.034225 0.262072
