2 0.624132 0.787538 0.520118 0.415010 0.955909
2 0.376564 0.647553 0.217916 0.192354 0.933856
2 0.690628 0.571268 0.208423 0.157161 0.904204
2 0.164118 0.533858 0.108414 0.042539 0.901255
7 0.517654 0.493071 0.268335 0.226080 0.862138
2 0.814334 0.532975 0.037794 0.040028 0.860412
2 0.065176 0.526589 0.095565 0.050680 0.837087
2 0.012598 0.517888 0.025282 0.042899 0.575664
0 0.974808 0.524953 0.016045 0.049673 0.487357
9 0.776959 0.016048 0.059096 0.031087 0.370894
9 0.378457 0.320122 0.010360 0.036216 0.319256
7 0.064697 0.526563 0.096599 0.051049 0.308388
0 0.649884 0.533433 0.027973 0.033098 0.296333
0 0.368793 0.588154 0.033514 0.031214 0.292997
7 0.690419 0.571101 0.208595 0.156624 0.267894
9 0.663621 0.404547 0.011701 0.052042 0.263040
