2 0.613084 0.787319 0.700125 0.418278 0.959970
2 0.330031 0.648142 0.252112 0.205891 0.941067
2 0.124160 0.524037 0.113336 0.044478 0.912150
2 0.668680 0.544714 0.217749 0.134660 0.904367
2 0.792862 0.516403 0.033122 0.032911 0.869570
0 0.955534 0.509987 0.014112 0.049848 0.713412
7 0.484934 0.479395 0.287041 0.246588 0.641134
2 0.034400 0.516498 0.069470 0.052766 0.467022
2 0.041003 0.525866 0.056742 0.033330 0.420946
9 0.452680 0.289086 0.011280 0.041426 0.307063
7 0.668807 0.544939 0.218074 0.135184 0.290399
2 0.772993 0.538299 0.020350 0.023612 0.290155
9 0.637392 0.392012 0.011195 0.047732 0.283873
9 0.342920 0.298972 0.012350 0.038985 0.283666
