2 0.642506 0.715724 0.310987 0.329213 0.957208
2 0.878070 0.537606 0.077029 0.046935 0.923604
2 0.460756 0.617655 0.159462 0.150336 0.916147
2 0.246679 0.532615 0.097423 0.041106 0.913065
7 0.579293 0.495412 0.233777 0.189088 0.901102
2 0.721178 0.590852 0.168265 0.195869 0.841657
7 0.085244 0.522503 0.073429 0.050064 0.744088
7 0.160012 0.526041 0.086013 0.047660 0.668607
9 0.542329 0.329406 0.010622 0.036615 0.548458
2 0.085457 0.522438 0.073495 0.050210 0.538899
2 0.805777 0.579031 0.033819 0.091635 0.488532
7 0.721706 0.591597 0.168777 0.197303 0.486080
9 0.429783 0.410563 0.008899 0.024748 0.471720
9 0.447898 0.337890 0.009830 0.034202 0.433307
7 0.720870 0.591270 0.167549 0.197554 0.361700
2 0.813088 0.584554 0.019472 0.071265 0.338090
9 0.721187 0.406758 0.012772 0.052020 0.320636
2 0.790942 0.565239 0.062875 0.130519 0.284483
9 0.105141 0.287580 0.023895 0.011067 0.280223
9 0.810466 0.062338 0.053432 0.025555 0.272166
9 0.372353 0.346127 0.012420 0.030761 0.267645
2 0.159993 0.525959 0.086345 0.048325 0.265890
7 0.460733 0.617831 0.159252 0.150893 0.258395
2 0.782308 0.503219 0.034355 0.020054 0.252736
