2 0.643579 0.722834 0.319151 0.339609 0.958559
2 0.458637 0.619842 0.164031 0.150972 0.919747
7 0.577015 0.492880 0.235081 0.186347 0.914730
2 0.242459 0.533453 0.100721 0.041000 0.911259
2 0.874244 0.536694 0.072072 0.045789 0.911041
2 0.719054 0.592073 0.166401 0.197042 0.873060
7 0.081181 0.522705 0.074869 0.050340 0.739930
2 0.081322 0.522667 0.074973 0.050688 0.526236
2 0.805221 0.579358 0.034822 0.092412 0.509409
7 0.156306 0.526350 0.089623 0.047573 0.483828
2 0.870988 0.505192 0.013142 0.018030 0.457740
2 0.155988 0.526327 0.089512 0.047310 0.456172
7 0.719186 0.592963 0.166043 0.198912 0.429074
2 0.807158 0.577727 0.031043 0.088811 0.407978
9 0.810202 0.059194 0.053667 0.025504 0.351751
9 0.540344 0.328018 0.010084 0.037664 0.324567
2 0.813289 0.584951 0.019487 0.070754 0.310460
2 0.790093 0.567335 0.063231 0.130089 0.300768
9 0.444893 0.336951 0.010305 0.034718 0.298539
9 0.011242 0.400064 0.020060 0.027415 0.298308
2 0.778151 0.503690 0.036229 0.019979 0.293058
2 0.023017 0.516239 0.041973 0.023510 0.282593
2 0.795505 0.600573 0.028488 0.104525 0.280855
9 0.101042 0.286720 0.024380 0.011402 0.278229
9 0.718307 0.406498 0.013036 0.054509 0.259962
7 0.458483 0.620148 0.164069 0.151692 0.259316
2 0.795719 0.603519 0.024490 0.103352 0.258707
9 0.369126 0.344974 0.012089 0.030198 0.257899
