2 0.612855 0.789520 0.698332 0.412229 0.960227
2 0.329155 0.653666 0.250812 0.207289 0.941581
2 0.124013 0.527466 0.113628 0.045565 0.913657
2 0.668744 0.550253 0.217066 0.136475 0.903064
2 0.793004 0.519156 0.033854 0.033531 0.838755
7 0.485268 0.484600 0.287527 0.249432 0.812421
0 0.957033 0.514455 0.016208 0.049687 0.786746
2 0.034567 0.520449 0.069677 0.053338 0.744612
0 0.990257 0.525582 0.018948 0.064482 0.646178
1 0.981356 0.539882 0.036982 0.045426 0.351221
7 0.668829 0.550432 0.216909 0.135939 0.311390
9 0.342712 0.302815 0.013040 0.039073 0.285574
