2 0.692055 0.617692 0.187465 0.177811 0.936606
2 0.599887 0.572241 0.067070 0.085909 0.845634
2 0.873802 0.558307 0.049116 0.071974 0.824440
2 0.431950 0.525444 0.081203 0.035704 0.805153
2 0.797084 0.559112 0.129166 0.130167 0.773051
7 0.708678 0.482515 0.184734 0.107689 0.640225
7 0.797532 0.559149 0.130294 0.131009 0.589527
7 0.332539 0.517696 0.120600 0.044021 0.579361
9 0.679861 0.360560 0.009184 0.031075 0.458656
2 0.360360 0.522627 0.065638 0.034794 0.418604
7 0.300567 0.516796 0.057175 0.040798 0.397263
2 0.865772 0.560539 0.032178 0.070574 0.375946
7 0.431664 0.525099 0.080756 0.037065 0.313154
2 0.332706 0.518315 0.121109 0.042623 0.288469
7 0.874088 0.557775 0.047896 0.070753 0.265284
