2 0.684956 0.630741 0.199725 0.195546 0.938267
2 0.362508 0.528234 0.086098 0.037677 0.862365
2 0.847323 0.565062 0.042303 0.077590 0.804820
2 0.558175 0.586653 0.105234 0.108085 0.756770
7 0.222167 0.518963 0.063282 0.044840 0.711396
7 0.769397 0.568883 0.140064 0.150548 0.667853
2 0.769431 0.568614 0.139859 0.149721 0.649913
7 0.285567 0.523224 0.071745 0.041216 0.578971
9 0.628835 0.349913 0.009024 0.034039 0.562686
2 0.971583 0.507777 0.015150 0.014330 0.539167
7 0.662864 0.529068 0.203295 0.219543 0.479847
7 0.662883 0.494313 0.202215 0.148604 0.469065
2 0.221882 0.519064 0.062556 0.044908 0.431010
2 0.286591 0.523477 0.072416 0.041408 0.427407
9 0.067102 0.009475 0.054003 0.019069 0.380983
7 0.560111 0.586566 0.107659 0.109023 0.368724
7 0.635067 0.529048 0.256950 0.220724 0.347277
7 0.970992 0.496178 0.019774 0.035896 0.303925
2 0.840931 0.502988 0.017694 0.019511 0.299151
7 0.548360 0.586874 0.084407 0.106159 0.292058
2 0.158431 0.514241 0.033362 0.020582 0.276217
2 0.818064 0.563871 0.049232 0.118465 0.274299
