2 0.684688 0.603999 0.188447 0.179011 0.947792
2 0.891146 0.541184 0.056165 0.067892 0.843992
2 0.475026 0.512755 0.077164 0.033326 0.830752
7 0.350767 0.503888 0.059977 0.039287 0.662840
7 0.813627 0.541385 0.130962 0.119131 0.640707
2 0.813827 0.541006 0.131074 0.118873 0.625841
7 0.739370 0.474990 0.178597 0.106705 0.624935
2 0.882722 0.544185 0.038153 0.067553 0.584365
7 0.407111 0.508430 0.066383 0.036208 0.474230
2 0.350333 0.503817 0.059417 0.039293 0.453724
9 0.713362 0.354675 0.009265 0.030754 0.384649
7 0.890820 0.541282 0.056911 0.068332 0.299806
2 0.955537 0.490684 0.032554 0.021134 0.293398
2 0.989575 0.491950 0.022852 0.020906 0.270443
2 0.407331 0.507835 0.066129 0.037746 0.266671
7 0.474868 0.512528 0.077062 0.034482 0.263075
