2 0.666377 0.654288 0.225812 0.229196 0.947598
2 0.320501 0.530487 0.091461 0.038123 0.897337
2 0.527160 0.596706 0.125637 0.121874 0.873019
7 0.632640 0.491028 0.208936 0.152515 0.789352
2 0.743988 0.576497 0.131401 0.164719 0.781363
2 0.830070 0.570637 0.040520 0.085225 0.692921
2 0.933760 0.508876 0.014993 0.014397 0.666897
7 0.172244 0.520296 0.063421 0.046242 0.653084
2 0.987307 0.542033 0.025583 0.043035 0.624980
7 0.743878 0.576844 0.132959 0.165860 0.588519
7 0.240645 0.524718 0.074127 0.042874 0.572548
2 0.240721 0.524877 0.074225 0.042622 0.528438
9 0.597526 0.344051 0.010065 0.034353 0.527222
2 0.171682 0.520390 0.062182 0.046446 0.487630
2 0.800452 0.567946 0.054117 0.130032 0.431877
7 0.829603 0.570626 0.041170 0.085441 0.416328
9 0.510163 0.352936 0.008692 0.032414 0.359192
9 0.843861 0.099889 0.049586 0.022825 0.303833
2 0.843149 0.504300 0.026682 0.020035 0.279240
