2 0.613072 0.786033 0.700590 0.420727 0.959983
2 0.327612 0.645579 0.247257 0.205824 0.940758
2 0.668244 0.541837 0.218940 0.133818 0.899841
2 0.123988 0.521944 0.113796 0.044182 0.899183
2 0.792441 0.514942 0.033789 0.035487 0.853530
0 0.954545 0.507352 0.015747 0.049864 0.773854
7 0.485472 0.477694 0.288721 0.248977 0.759835
2 0.034492 0.514530 0.069415 0.051414 0.543163
2 0.041641 0.523454 0.056984 0.032846 0.289734
7 0.668529 0.542105 0.219473 0.133769 0.268917
9 0.637644 0.388810 0.011530 0.052673 0.255070
