2 0.675384 0.642578 0.213595 0.214915 0.945027
2 0.338891 0.527210 0.088545 0.038170 0.890984
2 0.838025 0.567592 0.040620 0.082817 0.736987
2 0.543199 0.590636 0.120786 0.115833 0.702782
7 0.760127 0.571800 0.145426 0.159050 0.652438
9 0.611388 0.345034 0.009630 0.033548 0.640677
2 0.259066 0.522260 0.075252 0.041682 0.604604
7 0.645340 0.490880 0.206208 0.151916 0.568526
7 0.259275 0.522050 0.075012 0.042559 0.540806
2 0.760185 0.571787 0.146491 0.158779 0.534943
2 0.194139 0.517692 0.067395 0.045506 0.465275
7 0.543452 0.590748 0.120652 0.116258 0.457326
7 0.838265 0.567427 0.039766 0.082369 0.428703
7 0.194246 0.517829 0.066831 0.045060 0.422029
7 0.615262 0.529860 0.265163 0.233456 0.397048
2 0.132327 0.512770 0.032466 0.020275 0.363246
2 0.818028 0.502427 0.014027 0.018237 0.299430
9 0.853912 0.105525 0.049389 0.021867 0.298270
