2 0.627779 0.779932 0.433390 0.426258 0.961204
2 0.403834 0.636822 0.195571 0.176822 0.935664
2 0.189487 0.533634 0.105535 0.042015 0.911865
2 0.700776 0.572919 0.197107 0.159437 0.906424
2 0.827978 0.534124 0.041143 0.038630 0.888087
7 0.543121 0.494224 0.268882 0.214393 0.879855
2 0.094164 0.527382 0.092147 0.048994 0.730527
9 0.398941 0.325932 0.011288 0.036543 0.610771
2 0.027171 0.522722 0.054077 0.052225 0.585314
7 0.027073 0.522671 0.054235 0.052807 0.560669
7 0.094241 0.527354 0.092279 0.049492 0.449933
2 0.788041 0.580282 0.025048 0.085400 0.437445
2 0.829104 0.499112 0.012706 0.023718 0.410483
9 0.500198 0.316677 0.010601 0.040657 0.369903
9 0.680500 0.405605 0.014101 0.054975 0.294757
9 0.785438 0.032662 0.057073 0.026161 0.284505
7 0.700672 0.573073 0.197315 0.159514 0.275188
0 0.659354 0.531317 0.027912 0.032240 0.255495
