2 0.678470 0.640367 0.211678 0.211065 0.940211
2 0.343841 0.527632 0.088091 0.037257 0.888950
2 0.841269 0.567456 0.041003 0.082011 0.811913
2 0.548078 0.589635 0.119334 0.114735 0.722655
7 0.763152 0.571650 0.146369 0.157738 0.654018
2 0.763485 0.571557 0.145185 0.156900 0.645985
7 0.265432 0.521742 0.072871 0.042877 0.562217
2 0.265361 0.521905 0.072976 0.042166 0.543196
7 0.649921 0.490348 0.204165 0.149587 0.505976
7 0.548445 0.589921 0.119197 0.115095 0.495894
7 0.199197 0.518135 0.063330 0.044983 0.481333
2 0.198710 0.518062 0.062354 0.045179 0.473839
9 0.615297 0.345855 0.008899 0.033576 0.451040
7 0.841467 0.567463 0.040381 0.082230 0.330463
2 0.823182 0.578709 0.029585 0.097343 0.321523
7 0.127800 0.499592 0.063982 0.048924 0.266816
