2 0.697867 0.616622 0.185764 0.177995 0.936472
2 0.405895 0.525846 0.082102 0.036745 0.852915
2 0.864314 0.559936 0.049339 0.075488 0.790411
7 0.588143 0.576328 0.086069 0.095371 0.727918
2 0.788607 0.561512 0.133819 0.137383 0.702720
7 0.271275 0.516887 0.061316 0.042923 0.687758
7 0.788675 0.561873 0.134667 0.138192 0.643044
7 0.693602 0.489123 0.193353 0.131181 0.527151
9 0.661633 0.355450 0.009378 0.031164 0.492913
2 0.331949 0.523498 0.071705 0.035408 0.436356
2 0.270248 0.516864 0.058988 0.042315 0.412147
2 0.587758 0.576728 0.084335 0.095013 0.411683
2 0.855589 0.561899 0.032018 0.074739 0.374597
9 0.783901 0.407350 0.016381 0.048069 0.331009
2 0.201304 0.512200 0.037692 0.020892 0.330652
7 0.865030 0.559449 0.048207 0.074415 0.291952
7 0.332275 0.521902 0.071390 0.039063 0.271534
9 0.186892 0.410796 0.010536 0.024631 0.263414
7 0.405769 0.525747 0.081188 0.037940 0.253058
