2 0.686148 0.618637 0.187409 0.178512 0.941542
2 0.885246 0.555883 0.053425 0.069374 0.803508
2 0.808250 0.557080 0.132023 0.121681 0.779654
2 0.460954 0.527158 0.079579 0.034077 0.702776
7 0.335973 0.517512 0.058998 0.040748 0.594458
7 0.809148 0.557427 0.133454 0.122464 0.552296
7 0.728401 0.484802 0.176764 0.101179 0.494375
2 0.392542 0.525349 0.068559 0.030371 0.472994
9 0.702919 0.367147 0.008875 0.030366 0.472323
7 0.460538 0.526927 0.079987 0.035144 0.463438
2 0.877541 0.559598 0.034902 0.067814 0.448698
2 0.336480 0.517684 0.059835 0.040520 0.417958
2 0.613275 0.568580 0.045347 0.076822 0.368819
7 0.392948 0.525333 0.068963 0.030667 0.331101
2 0.409617 0.526698 0.037192 0.026538 0.315924
2 0.942762 0.504535 0.036222 0.020428 0.252528
