2 0.633188 0.746020 0.355612 0.377523 0.957137
2 0.434472 0.623540 0.174887 0.160284 0.916282
7 0.559528 0.493879 0.243011 0.199853 0.913469
2 0.218433 0.531249 0.102746 0.042464 0.908784
2 0.850022 0.533678 0.054864 0.045190 0.907699
2 0.710924 0.589510 0.180511 0.196106 0.862544
2 0.127086 0.524218 0.090386 0.048918 0.762604
9 0.347591 0.338886 0.009801 0.031923 0.700943
7 0.052092 0.520772 0.074193 0.050248 0.651286
2 0.052305 0.521048 0.074711 0.049943 0.601203
9 0.424852 0.330787 0.010095 0.033962 0.595077
9 0.522307 0.322265 0.010874 0.038518 0.577168
2 0.781387 0.564842 0.057948 0.121627 0.459481
2 0.795119 0.577704 0.030556 0.089494 0.442928
9 0.797326 0.047768 0.054612 0.025394 0.396944
7 0.711363 0.589887 0.180644 0.196429 0.376110
9 0.700608 0.406064 0.012811 0.058265 0.340830
7 0.127805 0.524052 0.092820 0.049667 0.317830
2 0.758443 0.500985 0.030535 0.018140 0.269326
