2 0.688983 0.623406 0.194634 0.189557 0.940652
2 0.372738 0.526564 0.085659 0.037062 0.873080
2 0.849317 0.562838 0.043692 0.076561 0.758703
9 0.635380 0.350771 0.010064 0.033707 0.734449
2 0.773052 0.566225 0.137677 0.146449 0.696212
7 0.773616 0.566451 0.139393 0.147118 0.659289
2 0.567350 0.582911 0.106066 0.105697 0.658340
7 0.233571 0.517149 0.062068 0.043922 0.610478
7 0.567855 0.582999 0.106433 0.105296 0.575185
7 0.669454 0.490547 0.198691 0.140232 0.562186
2 0.979680 0.506590 0.014762 0.015297 0.469946
7 0.292594 0.523022 0.078460 0.038376 0.460211
9 0.087190 0.015365 0.053387 0.027535 0.423315
2 0.232552 0.517179 0.059952 0.043658 0.394670
2 0.294501 0.524253 0.074499 0.035974 0.356769
7 0.979578 0.495731 0.019867 0.035108 0.312514
9 0.754073 0.406497 0.014192 0.047985 0.289192
2 0.820628 0.560868 0.051113 0.116826 0.270888
2 0.842487 0.565458 0.026180 0.075176 0.269108
7 0.669631 0.524196 0.200016 0.207927 0.268566
