2 0.627568 0.778318 0.404264 0.427530 0.958679
2 0.412339 0.633354 0.186486 0.170197 0.934905
2 0.197913 0.533716 0.104452 0.042165 0.913150
7 0.543442 0.492684 0.250366 0.205109 0.911436
2 0.833673 0.535280 0.045555 0.041489 0.900414
2 0.702036 0.589284 0.190394 0.193422 0.879811
2 0.104369 0.526809 0.091410 0.049402 0.746527
9 0.406776 0.328233 0.010489 0.036020 0.638141
2 0.788521 0.580298 0.027438 0.086732 0.613813
9 0.327566 0.337256 0.010614 0.032876 0.587652
7 0.032744 0.522908 0.065155 0.052176 0.520326
9 0.506582 0.319866 0.011357 0.039808 0.478091
7 0.032867 0.522462 0.065249 0.052494 0.467685
7 0.104740 0.526825 0.092553 0.049690 0.412250
7 0.701885 0.589817 0.190400 0.192660 0.341551
9 0.939534 0.425667 0.010540 0.032316 0.287164
2 0.835509 0.503389 0.011638 0.018432 0.279655
