2 0.686579 0.621476 0.187454 0.180728 0.943120
2 0.456946 0.528517 0.081067 0.034981 0.858652
2 0.884190 0.559054 0.053217 0.071494 0.726772
7 0.332078 0.519650 0.057677 0.040122 0.679673
7 0.726496 0.485956 0.178346 0.101883 0.674171
7 0.808106 0.559145 0.132801 0.123824 0.662803
2 0.612617 0.570889 0.048606 0.079136 0.655229
2 0.807449 0.558985 0.132497 0.123205 0.614851
7 0.389258 0.524714 0.063689 0.035349 0.478522
2 0.331545 0.519648 0.056583 0.040001 0.439119
9 0.700733 0.368359 0.009136 0.030541 0.405164
2 0.877295 0.562419 0.032892 0.067326 0.387676
9 0.243690 0.418112 0.009013 0.025012 0.346336
2 0.389006 0.524990 0.063062 0.035019 0.328864
2 0.406183 0.527910 0.032667 0.028343 0.284167
7 0.456751 0.528452 0.081168 0.035914 0.262452
