2 0.612826 0.793837 0.695602 0.404766 0.958253
2 0.329038 0.660818 0.249898 0.208249 0.940397
2 0.669154 0.558648 0.218859 0.138973 0.911914
2 0.123684 0.533874 0.113537 0.044517 0.909741
7 0.485891 0.492862 0.287713 0.250901 0.860248
2 0.793942 0.524288 0.031572 0.031153 0.850911
2 0.034842 0.526392 0.069946 0.052273 0.806880
0 0.945079 0.529339 0.025331 0.051341 0.678548
1 0.947251 0.547866 0.035763 0.042015 0.655472
7 0.035012 0.525688 0.070189 0.053463 0.359045
9 0.343070 0.310490 0.012210 0.038593 0.337759
0 0.956375 0.510303 0.013117 0.026509 0.291557
9 0.452726 0.299870 0.011407 0.041284 0.286885
