2 0.631793 0.783768 0.485114 0.422637 0.958251
2 0.391557 0.642431 0.208630 0.184227 0.937493
2 0.697629 0.575110 0.202752 0.167510 0.918937
2 0.177195 0.533125 0.106783 0.042490 0.902026
2 0.822675 0.532277 0.039475 0.038779 0.887738
2 0.080147 0.526368 0.093574 0.049565 0.867344
7 0.534978 0.490469 0.274646 0.220629 0.853239
0 0.984158 0.524468 0.013153 0.050094 0.724638
2 0.020894 0.522420 0.041595 0.051888 0.700728
7 0.020766 0.522288 0.041495 0.052851 0.441483
0 0.659113 0.531108 0.025272 0.031493 0.440478
9 0.389411 0.321395 0.010183 0.036869 0.416668
9 0.931740 0.458130 0.013000 0.038534 0.297956
9 0.972720 0.463610 0.013353 0.016479 0.297458
9 0.491897 0.312090 0.010724 0.037724 0.279382
7 0.079679 0.526299 0.093943 0.050331 0.270576
0 0.382776 0.584779 0.036920 0.032465 0.265866
2 0.820962 0.497561 0.011873 0.019724 0.252958
