2 0.627768 0.781815 0.450895 0.426458 0.958626
2 0.399634 0.638629 0.200824 0.179892 0.933744
2 0.184104 0.533102 0.107760 0.042665 0.917239
2 0.699471 0.573983 0.199626 0.163133 0.904420
7 0.537659 0.492210 0.266282 0.216957 0.888024
2 0.825618 0.532920 0.041564 0.039014 0.873379
2 0.089568 0.526367 0.090763 0.050064 0.806859
2 0.024917 0.522449 0.049682 0.051678 0.630584
9 0.497641 0.315098 0.011069 0.039386 0.588695
7 0.025019 0.522383 0.050017 0.052094 0.526909
9 0.395249 0.324516 0.011270 0.036984 0.453302
2 0.827637 0.502440 0.013372 0.017558 0.393665
0 0.986088 0.525909 0.013844 0.048077 0.364268
9 0.677388 0.406045 0.012667 0.053623 0.363701
2 0.788237 0.580365 0.023966 0.085820 0.334055
0 0.659274 0.530699 0.026262 0.032714 0.326861
7 0.089544 0.526413 0.091080 0.050385 0.319301
2 0.827373 0.497970 0.012916 0.023913 0.286167
7 0.699432 0.573930 0.199479 0.162907 0.279820
9 0.784371 0.027918 0.057002 0.027429 0.272213
