2 0.691800 0.618618 0.187183 0.176911 0.940709
2 0.428484 0.527922 0.079817 0.033477 0.836183
2 0.599882 0.572681 0.073116 0.089244 0.831274
2 0.870716 0.559014 0.050086 0.072038 0.823198
2 0.795192 0.560328 0.130197 0.131743 0.787645
7 0.705571 0.485256 0.186045 0.110662 0.765448
7 0.795321 0.560394 0.130584 0.132849 0.600008
7 0.297391 0.517330 0.059427 0.041981 0.595828
2 0.865270 0.562139 0.033457 0.070496 0.552576
9 0.677520 0.361134 0.008552 0.031447 0.523340
2 0.355625 0.523197 0.069739 0.036757 0.503456
2 0.297858 0.517291 0.060550 0.042256 0.425873
7 0.356243 0.522637 0.068338 0.038686 0.406541
7 0.600719 0.571771 0.074552 0.091302 0.281667
7 0.428260 0.527484 0.079577 0.035459 0.260423
