2 0.692180 0.616839 0.187466 0.178099 0.940154
2 0.435308 0.524991 0.081483 0.035804 0.869178
2 0.602687 0.569492 0.064494 0.087297 0.827714
2 0.875120 0.557156 0.052219 0.073537 0.795383
2 0.800675 0.558050 0.131949 0.128399 0.786481
7 0.711480 0.480461 0.183936 0.105413 0.729151
7 0.305397 0.515975 0.056395 0.041250 0.661174
7 0.800611 0.558158 0.132435 0.129198 0.559873
9 0.683547 0.360584 0.009401 0.030920 0.514205
2 0.365591 0.522951 0.065845 0.032693 0.498086
2 0.304794 0.515964 0.055027 0.040697 0.441182
7 0.875232 0.556816 0.052010 0.073025 0.407310
7 0.365587 0.522641 0.066227 0.033686 0.319579
2 0.867142 0.559874 0.034388 0.070105 0.311796
9 0.220496 0.411631 0.012027 0.022304 0.284034
