2 0.612632 0.795352 0.695330 0.401519 0.956548
2 0.329771 0.663719 0.251556 0.209555 0.940585
2 0.124432 0.536442 0.112750 0.043999 0.910278
2 0.668522 0.560775 0.219380 0.138451 0.908702
2 0.796489 0.522405 0.025331 0.022470 0.781577
0 0.951538 0.523080 0.015433 0.047992 0.781508
7 0.485635 0.495272 0.286134 0.250245 0.758033
2 0.034673 0.528825 0.069659 0.052571 0.719566
7 0.034744 0.528203 0.069605 0.053628 0.471680
9 0.343191 0.312890 0.011858 0.038933 0.437634
9 0.452410 0.302665 0.011762 0.040850 0.335606
0 0.905583 0.514874 0.011766 0.025620 0.288665
2 0.773078 0.552513 0.024948 0.028265 0.263842
