2 0.612943 0.795594 0.695291 0.401292 0.957317
2 0.328074 0.663541 0.248274 0.209630 0.942364
2 0.124381 0.536339 0.112658 0.043963 0.910950
2 0.669056 0.560271 0.220071 0.137574 0.906874
2 0.798016 0.516235 0.025564 0.025582 0.772060
7 0.485989 0.494482 0.286591 0.252161 0.758398
2 0.034634 0.528699 0.069475 0.052384 0.757905
0 0.948315 0.523087 0.012496 0.045781 0.716590
7 0.034713 0.528303 0.069344 0.053029 0.443345
9 0.343204 0.312907 0.011804 0.038863 0.396434
0 0.906531 0.513051 0.012468 0.029714 0.344214
9 0.452452 0.302708 0.011975 0.040807 0.311348
0 0.329763 0.521970 0.012899 0.040164 0.251517
