2 0.612889 0.794858 0.695666 0.402463 0.957320
2 0.329726 0.662769 0.251707 0.209281 0.938167
2 0.669385 0.560723 0.218571 0.139480 0.918162
2 0.124103 0.536012 0.112037 0.044137 0.877583
7 0.486406 0.494257 0.287779 0.251172 0.861520
2 0.794321 0.522178 0.031608 0.034857 0.857466
2 0.034784 0.528193 0.069844 0.052713 0.752787
0 0.886009 0.534695 0.020700 0.061088 0.660991
1 0.881034 0.546612 0.034236 0.045465 0.552450
9 0.343207 0.312135 0.011976 0.038641 0.524212
0 0.953957 0.523885 0.012035 0.044709 0.505025
7 0.034926 0.527731 0.069966 0.053471 0.432037
0 0.914669 0.510568 0.010156 0.034294 0.366935
9 0.452506 0.301938 0.011597 0.041307 0.364204
9 0.147896 0.433350 0.007191 0.030586 0.306256
9 0.637742 0.402927 0.011244 0.049528 0.264350
1 0.873265 0.546786 0.022509 0.039976 0.263545
