2 0.612712 0.794912 0.695208 0.402328 0.956326
2 0.329220 0.662906 0.250250 0.209221 0.939456
2 0.669656 0.560526 0.218504 0.140084 0.917569
2 0.124073 0.535812 0.112235 0.043991 0.877301
7 0.486049 0.494125 0.287018 0.251389 0.871368
2 0.794299 0.522618 0.031519 0.035805 0.857900
2 0.034821 0.528000 0.069831 0.052435 0.755688
0 0.953307 0.522963 0.013155 0.047427 0.698053
0 0.893271 0.533728 0.024186 0.059452 0.679084
1 0.892968 0.549752 0.041247 0.042917 0.669869
9 0.343233 0.312058 0.011862 0.038606 0.496711
0 0.915875 0.507399 0.008291 0.028374 0.444894
7 0.034974 0.527459 0.069976 0.053222 0.436179
9 0.452499 0.301804 0.011589 0.041562 0.368342
9 0.147880 0.433082 0.007097 0.030620 0.317706
9 0.637884 0.403897 0.011507 0.050026 0.283613
