2 0.612805 0.795289 0.694664 0.401544 0.957579
2 0.327710 0.663986 0.247573 0.209445 0.943259
2 0.669420 0.560628 0.222007 0.137506 0.912665
2 0.124197 0.536632 0.114178 0.042940 0.885181
2 0.801203 0.506560 0.022382 0.019095 0.825039
2 0.035321 0.529609 0.070401 0.052278 0.696570
7 0.486052 0.495619 0.287217 0.251659 0.587836
1 0.011553 0.637950 0.023230 0.056298 0.510954
0 0.941079 0.518381 0.012626 0.049178 0.459422
9 0.343238 0.313028 0.011828 0.038569 0.399090
7 0.035395 0.528845 0.070062 0.052898 0.389106
0 0.874153 0.504730 0.008951 0.028947 0.314432
9 0.452472 0.302711 0.012103 0.040982 0.295624
0 0.905883 0.508790 0.011738 0.039569 0.251010
