2 0.612904 0.795414 0.695118 0.401387 0.957430
2 0.327472 0.663589 0.247203 0.209877 0.944321
2 0.124546 0.536363 0.112391 0.043925 0.915995
2 0.668934 0.560487 0.221231 0.137093 0.908702
2 0.799637 0.510993 0.024248 0.023021 0.799384
2 0.034761 0.528594 0.069716 0.052433 0.735209
0 0.944870 0.521909 0.013907 0.048822 0.720438
7 0.486386 0.495270 0.287396 0.252993 0.669979
7 0.034843 0.528161 0.069566 0.053095 0.438104
9 0.343255 0.313034 0.011880 0.038769 0.419787
0 0.908330 0.510458 0.013394 0.035475 0.332289
9 0.452476 0.302723 0.012218 0.040964 0.313885
0 0.874431 0.506252 0.009401 0.028951 0.303396
