2 0.612799 0.795478 0.695522 0.401584 0.957374
2 0.327813 0.663709 0.247836 0.209435 0.943476
2 0.124371 0.536355 0.112573 0.043915 0.913682
2 0.668837 0.560471 0.220614 0.137525 0.908357
2 0.798947 0.513549 0.024661 0.023159 0.763052
2 0.034691 0.528831 0.069589 0.052221 0.722157
0 0.946812 0.522454 0.013198 0.049048 0.709966
7 0.485422 0.495548 0.285956 0.252116 0.649823
7 0.034741 0.528348 0.069401 0.052938 0.443889
9 0.343163 0.312966 0.011937 0.038926 0.395128
9 0.452452 0.302739 0.012045 0.040938 0.319335
