2 0.612701 0.795512 0.695047 0.401267 0.957444
2 0.327523 0.663834 0.247296 0.209822 0.944594
2 0.124469 0.536324 0.112426 0.043876 0.915083
2 0.668646 0.560336 0.220650 0.137251 0.907360
2 0.799372 0.512152 0.024572 0.022212 0.787628
2 0.034723 0.528910 0.069613 0.052032 0.731577
0 0.944616 0.520443 0.014379 0.050850 0.722561
7 0.485170 0.495426 0.285546 0.252439 0.633187
7 0.034784 0.528440 0.069443 0.052711 0.441213
9 0.343214 0.313027 0.011966 0.038849 0.401453
9 0.452457 0.302718 0.012096 0.040965 0.321680
0 0.907860 0.510874 0.013545 0.034567 0.274633
