2 0.612845 0.795176 0.695491 0.401642 0.956780
2 0.330830 0.663340 0.254342 0.209278 0.937331
2 0.668641 0.560172 0.218883 0.137848 0.908378
2 0.124331 0.536289 0.112483 0.044151 0.908300
2 0.034783 0.528566 0.069811 0.052667 0.803885
2 0.796234 0.521551 0.030172 0.029953 0.778307
7 0.486232 0.494809 0.286985 0.249756 0.774597
0 0.953761 0.523137 0.014249 0.047154 0.746605
0 0.822083 0.535544 0.022571 0.056286 0.741800
1 0.821915 0.550610 0.041877 0.037246 0.694826
9 0.343307 0.312825 0.011665 0.038959 0.462127
7 0.034877 0.528205 0.069708 0.053397 0.390233
9 0.452470 0.302510 0.011614 0.040962 0.331706
9 0.147893 0.433973 0.007153 0.029136 0.307518
0 0.905513 0.515133 0.011719 0.025163 0.269210
9 0.637946 0.403846 0.011812 0.052270 0.265593
