2 0.612972 0.795624 0.695211 0.401495 0.957399
2 0.327974 0.663669 0.248479 0.209611 0.942337
2 0.124373 0.536373 0.112722 0.043880 0.911998
2 0.668855 0.560363 0.220338 0.137304 0.906832
2 0.798372 0.515904 0.024378 0.022690 0.756726
0 0.948024 0.522895 0.012122 0.046456 0.723655
7 0.485396 0.495097 0.285573 0.250889 0.703505
2 0.034652 0.528763 0.069527 0.052415 0.671750
7 0.034711 0.528183 0.069400 0.053176 0.496871
9 0.343180 0.312935 0.011835 0.038918 0.402284
0 0.906908 0.512538 0.012569 0.030725 0.353897
9 0.452406 0.302715 0.012046 0.040846 0.335760
