2 0.612902 0.795552 0.695336 0.401518 0.957324
2 0.327979 0.663349 0.248526 0.209897 0.943091
2 0.124299 0.536408 0.112620 0.043960 0.915412
2 0.668873 0.560112 0.220194 0.136682 0.906418
2 0.798876 0.514353 0.024830 0.022259 0.765887
0 0.947289 0.521680 0.014100 0.050818 0.747176
2 0.034613 0.528748 0.069469 0.052327 0.681785
7 0.485974 0.494969 0.286569 0.251553 0.653554
7 0.034665 0.528254 0.069364 0.052977 0.488313
9 0.343222 0.312958 0.011868 0.039028 0.382299
9 0.452438 0.302715 0.012033 0.040915 0.302272
