2 0.612854 0.795749 0.695416 0.401195 0.956956
2 0.328493 0.663708 0.249478 0.209522 0.941913
2 0.124369 0.536380 0.112632 0.043912 0.912277
2 0.668922 0.560888 0.219555 0.138561 0.911362
0 0.950690 0.523469 0.013781 0.046026 0.769103
2 0.797656 0.518208 0.026018 0.025314 0.743144
2 0.034615 0.529025 0.069539 0.052161 0.677483
7 0.485248 0.494965 0.285079 0.251754 0.673281
7 0.034659 0.528482 0.069408 0.052849 0.487978
9 0.343242 0.312921 0.011836 0.038983 0.392166
0 0.805663 0.518421 0.009693 0.025482 0.333359
0 0.906423 0.512558 0.011617 0.029877 0.332572
9 0.452386 0.302744 0.011919 0.040724 0.318047
0 0.912260 0.510186 0.008399 0.028664 0.277169
