2 0.612960 0.795440 0.695447 0.401292 0.957354
2 0.327634 0.663440 0.247548 0.209882 0.943846
2 0.124495 0.536390 0.112431 0.043872 0.913167
2 0.668922 0.560051 0.220377 0.136586 0.906896
0 0.945586 0.520931 0.014363 0.051961 0.776239
2 0.799278 0.512940 0.024317 0.021485 0.744383
2 0.034679 0.528677 0.069519 0.052316 0.725202
7 0.486539 0.494514 0.287695 0.253030 0.705802
7 0.034769 0.528273 0.069367 0.053014 0.468417
9 0.343272 0.312982 0.011900 0.038820 0.412863
2 0.799050 0.513017 0.024579 0.021186 0.313408
9 0.452477 0.302707 0.012123 0.040913 0.303967
7 0.668973 0.560082 0.219600 0.136295 0.250113
