2 0.612849 0.795565 0.695008 0.401140 0.958034
2 0.327252 0.663926 0.246658 0.209112 0.942657
2 0.124616 0.536358 0.112361 0.043921 0.910530
2 0.669262 0.560253 0.221381 0.136876 0.909916
2 0.800994 0.508682 0.023247 0.021339 0.820775
2 0.034742 0.528395 0.069573 0.052601 0.776822
0 0.292613 0.538669 0.026880 0.056221 0.757561
7 0.486785 0.494869 0.287061 0.252158 0.712938
0 0.942821 0.519213 0.014147 0.049869 0.615107
9 0.343240 0.313004 0.011882 0.038570 0.469964
0 0.875957 0.505266 0.010037 0.030555 0.418810
7 0.034874 0.528157 0.069377 0.053098 0.415464
2 0.310562 0.544476 0.068785 0.045891 0.365658
0 0.906512 0.508909 0.012594 0.039030 0.350342
2 0.318368 0.545696 0.053328 0.044608 0.324484
9 0.452526 0.302751 0.012111 0.041001 0.317299
