2 0.612810 0.795354 0.694934 0.401277 0.957794
2 0.327386 0.663643 0.247136 0.210177 0.944094
2 0.124540 0.536343 0.112279 0.043887 0.912557
2 0.668987 0.560167 0.220264 0.136554 0.909347
2 0.800554 0.509350 0.023887 0.021504 0.833832
0 0.944334 0.520191 0.013812 0.049521 0.734433
2 0.034748 0.528681 0.069610 0.052526 0.668859
7 0.485615 0.495264 0.287992 0.252262 0.653731
7 0.034813 0.528202 0.069456 0.053254 0.489050
0 0.876275 0.506125 0.008978 0.029066 0.443211
9 0.343257 0.312990 0.011835 0.038904 0.420323
9 0.452465 0.302710 0.012116 0.040984 0.307440
0 0.907106 0.510218 0.011609 0.037008 0.293067
0 0.906502 0.510258 0.011601 0.036720 0.290473
