2 0.612807 0.795548 0.695079 0.400986 0.957206
2 0.328381 0.663606 0.249224 0.209524 0.942565
2 0.124378 0.536321 0.112645 0.043937 0.912738
2 0.668900 0.560858 0.219740 0.138524 0.907524
2 0.797866 0.517049 0.025563 0.024933 0.788119
7 0.486009 0.494225 0.286346 0.252113 0.774409
0 0.949265 0.523727 0.013611 0.045203 0.725392
2 0.034696 0.528761 0.069647 0.052581 0.714702
7 0.034747 0.528236 0.069543 0.053416 0.466943
9 0.343216 0.312904 0.011829 0.038969 0.407551
0 0.906787 0.512315 0.012565 0.030482 0.369797
9 0.452379 0.302708 0.012047 0.040806 0.345871
0 0.631681 0.538897 0.028987 0.036423 0.263251
