2 0.612764 0.795504 0.695386 0.401438 0.956622
2 0.328771 0.663617 0.249785 0.209038 0.941591
2 0.124433 0.536393 0.112741 0.044003 0.908329
2 0.668817 0.560994 0.220227 0.138393 0.907735
2 0.797299 0.520310 0.026553 0.024284 0.799709
0 0.950152 0.523191 0.014714 0.045627 0.742282
7 0.485515 0.495611 0.285959 0.251886 0.702250
2 0.034711 0.528842 0.069765 0.052777 0.636020
7 0.034752 0.528170 0.069654 0.053723 0.530448
9 0.343250 0.312851 0.011854 0.039067 0.418043
9 0.452392 0.302701 0.011933 0.040780 0.335512
0 0.905537 0.515424 0.012014 0.023990 0.260763
