2 0.612736 0.794754 0.695740 0.402266 0.957641
2 0.329455 0.663236 0.251312 0.209647 0.939650
2 0.669489 0.560656 0.219495 0.139215 0.917173
2 0.124420 0.536106 0.112128 0.044137 0.884252
2 0.794837 0.522575 0.030624 0.033100 0.858838
7 0.486420 0.494496 0.287471 0.250464 0.841875
0 0.954034 0.525054 0.011538 0.043681 0.765096
1 0.863604 0.549764 0.041676 0.039760 0.737132
2 0.034788 0.528553 0.069802 0.052873 0.698508
0 0.867055 0.535016 0.021368 0.053908 0.653395
7 0.034928 0.528099 0.069952 0.053589 0.508343
9 0.343257 0.312383 0.011958 0.038507 0.480599
9 0.452475 0.302211 0.011562 0.041268 0.373637
0 0.905573 0.514817 0.010112 0.026603 0.358202
0 0.861346 0.535596 0.018796 0.052197 0.306694
0 0.915017 0.510498 0.009124 0.032502 0.304725
9 0.147923 0.433570 0.007197 0.030464 0.295598
9 0.637853 0.403631 0.011498 0.050930 0.271799
