2 0.612770 0.795294 0.695359 0.401173 0.956266
2 0.328898 0.663694 0.250541 0.209440 0.940144
2 0.124611 0.536389 0.112505 0.044044 0.913401
2 0.668918 0.561147 0.220164 0.138725 0.909172
2 0.034657 0.528632 0.069614 0.052722 0.797648
7 0.486291 0.495516 0.287089 0.251785 0.794027
0 0.951245 0.522825 0.014494 0.047618 0.770357
2 0.796519 0.521322 0.026469 0.024251 0.730583
9 0.343251 0.312871 0.011709 0.038913 0.441531
7 0.034752 0.528250 0.069460 0.053405 0.412657
9 0.452394 0.302692 0.011877 0.040830 0.333666
0 0.805330 0.521668 0.009072 0.024863 0.285725
