2 0.612972 0.795562 0.695484 0.401301 0.957407
2 0.327970 0.663618 0.247807 0.209582 0.942718
2 0.124399 0.536347 0.112731 0.043918 0.915765
2 0.668838 0.560647 0.220128 0.137995 0.909265
7 0.486120 0.494907 0.286663 0.251859 0.763763
2 0.798542 0.515920 0.024206 0.022417 0.752378
0 0.947290 0.523172 0.012862 0.047587 0.750243
2 0.034700 0.528742 0.069601 0.052390 0.748815
7 0.034758 0.528297 0.069463 0.053134 0.439316
9 0.343162 0.312932 0.011847 0.038882 0.404691
0 0.907020 0.512469 0.012509 0.030768 0.351405
9 0.452439 0.302707 0.011997 0.040815 0.321862
