2 0.612793 0.795340 0.695042 0.401295 0.957682
2 0.327559 0.663686 0.247257 0.210197 0.945053
2 0.124663 0.536293 0.112086 0.043914 0.913736
2 0.668940 0.560252 0.220714 0.136669 0.907934
2 0.800802 0.508828 0.023714 0.021055 0.822521
2 0.034833 0.528758 0.069823 0.052235 0.748710
7 0.486063 0.495130 0.286358 0.251191 0.712631
0 0.943093 0.518637 0.015073 0.050895 0.662147
0 0.876305 0.505952 0.009387 0.029149 0.462066
9 0.343222 0.313073 0.011962 0.038680 0.450230
7 0.034951 0.528411 0.069621 0.052845 0.438677
0 0.317480 0.532389 0.024299 0.045993 0.419957
0 0.906810 0.509229 0.012074 0.038540 0.374151
0 0.873685 0.505270 0.008382 0.028625 0.329014
9 0.452482 0.302716 0.012174 0.040999 0.327400
