2 0.612769 0.795504 0.695054 0.401405 0.957986
2 0.327403 0.663555 0.247093 0.210163 0.944390
2 0.124462 0.536351 0.112408 0.043940 0.912872
2 0.668764 0.560290 0.219893 0.136892 0.909041
2 0.799873 0.510405 0.024286 0.022780 0.832738
0 0.944934 0.520747 0.014307 0.050576 0.773441
7 0.485890 0.494814 0.286991 0.252873 0.652525
2 0.034728 0.528865 0.069678 0.052206 0.633251
7 0.034768 0.528378 0.069480 0.052913 0.523387
9 0.343232 0.312978 0.011836 0.038924 0.396518
0 0.875842 0.506201 0.008501 0.027371 0.344295
9 0.452440 0.302701 0.012088 0.040940 0.304990
0 0.907178 0.511179 0.012424 0.034424 0.256389
