2 0.612877 0.795261 0.694864 0.401154 0.957707
2 0.327423 0.663844 0.247073 0.209572 0.944415
2 0.669182 0.560308 0.220420 0.137095 0.909178
1 0.138158 0.605809 0.068894 0.074314 0.877373
0 0.142315 0.571486 0.035674 0.120133 0.813653
2 0.801562 0.507701 0.022635 0.020070 0.809840
2 0.095701 0.536260 0.054965 0.042655 0.758611
2 0.034792 0.528518 0.069651 0.052994 0.685904
7 0.485643 0.494647 0.287037 0.251188 0.636010
0 0.942036 0.518010 0.012898 0.048831 0.594633
7 0.035028 0.528308 0.069660 0.053394 0.520018
9 0.343248 0.312982 0.011881 0.038538 0.415710
0 0.874137 0.505311 0.008931 0.029990 0.396583
7 0.095635 0.536133 0.055033 0.042861 0.310861
9 0.452489 0.302736 0.012216 0.041030 0.302200
0 0.905787 0.508315 0.011770 0.040165 0.299773
1 0.169371 0.545096 0.025425 0.027224 0.253936
