2 0.612842 0.795441 0.694858 0.401447 0.957750
2 0.327364 0.664334 0.246922 0.209510 0.945109
2 0.124683 0.536373 0.112275 0.043835 0.912169
2 0.668874 0.560186 0.220524 0.136266 0.909589
2 0.801025 0.508614 0.023252 0.021380 0.814647
0 0.262045 0.542788 0.028447 0.065485 0.814068
0 0.942339 0.519699 0.013997 0.048546 0.727507
2 0.034854 0.528526 0.069859 0.052759 0.710948
7 0.485658 0.495799 0.285589 0.251597 0.687792
9 0.343257 0.313036 0.011854 0.038651 0.472045
7 0.034942 0.527932 0.069708 0.053513 0.453221
0 0.875922 0.505373 0.010089 0.030753 0.428578
0 0.906226 0.508667 0.012415 0.039607 0.349364
9 0.452529 0.302713 0.012175 0.041077 0.346647
