2 0.612908 0.795604 0.695195 0.401203 0.957000
2 0.328449 0.663572 0.249359 0.209197 0.943246
2 0.124421 0.536393 0.112518 0.043978 0.911546
2 0.668717 0.561068 0.219970 0.139008 0.908962
2 0.797089 0.519731 0.026591 0.025376 0.801565
0 0.950504 0.521955 0.015004 0.049089 0.760786
7 0.485911 0.495115 0.286361 0.252465 0.738457
2 0.034605 0.528770 0.069621 0.052898 0.643786
7 0.034646 0.528091 0.069518 0.053741 0.526016
9 0.343250 0.312895 0.011783 0.038979 0.413616
9 0.452406 0.302682 0.011963 0.040774 0.340263
0 0.694514 0.536768 0.025238 0.035849 0.276987
0 0.805050 0.519830 0.010466 0.026138 0.264266
7 0.034374 0.494483 0.069112 0.120431 0.256170
0 0.693653 0.528787 0.020871 0.018399 0.253358
