2 0.612829 0.795320 0.694891 0.401346 0.957572
2 0.327348 0.663860 0.247100 0.209978 0.944859
2 0.124547 0.536384 0.112413 0.043835 0.912476
2 0.668962 0.560469 0.220649 0.137181 0.909086
2 0.800134 0.510339 0.024114 0.022851 0.834758
0 0.945150 0.520197 0.014081 0.050170 0.761828
2 0.034770 0.528771 0.069624 0.052300 0.684687
7 0.485574 0.495248 0.286218 0.252256 0.673590
7 0.034823 0.528230 0.069498 0.053037 0.476338
9 0.343271 0.313030 0.011880 0.038882 0.424268
0 0.876148 0.506024 0.008517 0.027780 0.370420
9 0.452459 0.302696 0.012221 0.040946 0.325571
0 0.907258 0.511163 0.012217 0.034405 0.253884
