2 0.612701 0.794710 0.695455 0.402747 0.956745
2 0.329587 0.662560 0.251571 0.208770 0.935178
2 0.669635 0.560587 0.219010 0.140277 0.915805
2 0.123992 0.535528 0.112314 0.044170 0.891587
2 0.794219 0.522874 0.031674 0.035371 0.851301
7 0.486530 0.494777 0.288131 0.252181 0.797751
2 0.035052 0.527836 0.070312 0.052136 0.751426
0 0.953596 0.521993 0.014218 0.048560 0.700681
0 0.909088 0.532745 0.023733 0.065791 0.538319
1 0.904150 0.548130 0.039331 0.043587 0.471954
9 0.343221 0.311684 0.011981 0.038827 0.461294
7 0.035166 0.527234 0.070467 0.052986 0.407443
0 0.916993 0.514257 0.012138 0.043405 0.350210
9 0.452549 0.301502 0.011453 0.041657 0.334113
9 0.147757 0.433272 0.006968 0.030853 0.318474
0 0.916774 0.503583 0.009520 0.022475 0.308654
0 0.906916 0.517000 0.015726 0.028803 0.301762
9 0.638028 0.403334 0.011620 0.051143 0.263757
