2 0.612884 0.795770 0.695149 0.401015 0.956894
2 0.328433 0.663591 0.249371 0.209580 0.942287
2 0.124303 0.536412 0.112648 0.043925 0.911644
2 0.668804 0.560983 0.219900 0.138298 0.910999
2 0.797567 0.517907 0.026306 0.025816 0.765381
0 0.950294 0.523550 0.013683 0.045698 0.739433
2 0.034631 0.528990 0.069608 0.052251 0.663872
7 0.485616 0.495109 0.285938 0.250631 0.661115
7 0.034696 0.528308 0.069536 0.053046 0.504072
9 0.343248 0.312884 0.011730 0.039002 0.384199
0 0.906631 0.511910 0.011919 0.031031 0.338430
0 0.805316 0.518186 0.010410 0.026022 0.310506
9 0.452361 0.302710 0.011910 0.040726 0.305726
0 0.911974 0.509712 0.008426 0.028875 0.266703
