2 0.612822 0.795656 0.695130 0.401013 0.957286
2 0.328315 0.663732 0.248951 0.209139 0.942883
2 0.124444 0.536359 0.112535 0.043944 0.913770
2 0.669015 0.561146 0.219880 0.138826 0.912240
2 0.797298 0.519642 0.026229 0.024771 0.788484
0 0.950949 0.522986 0.014190 0.046677 0.780586
2 0.034672 0.528809 0.069669 0.052463 0.723757
7 0.486026 0.494879 0.286739 0.252886 0.699819
7 0.034745 0.528272 0.069517 0.053210 0.447824
9 0.343264 0.312896 0.011721 0.038959 0.422292
9 0.452409 0.302716 0.011910 0.040767 0.325136
0 0.805526 0.519588 0.009410 0.025910 0.321312
0 0.906197 0.512826 0.011666 0.028481 0.311195
0 0.912776 0.509852 0.008236 0.028488 0.259891
