2 0.612885 0.795583 0.695282 0.401368 0.957621
2 0.327679 0.663849 0.247573 0.209691 0.944676
2 0.124602 0.536372 0.112291 0.043885 0.915032
2 0.669087 0.560824 0.221314 0.137977 0.909247
2 0.799566 0.510852 0.024546 0.023710 0.811155
2 0.034829 0.528924 0.069894 0.052004 0.727456
0 0.944904 0.521307 0.013568 0.049623 0.726559
7 0.486025 0.495243 0.286975 0.252757 0.652816
7 0.034889 0.528480 0.069715 0.052631 0.437252
9 0.343232 0.313019 0.011846 0.038803 0.425618
9 0.452454 0.302721 0.012121 0.040977 0.348135
0 0.907601 0.510338 0.013545 0.035815 0.285152
