2 0.612951 0.795435 0.695377 0.401252 0.957403
2 0.327556 0.663542 0.247612 0.210333 0.943883
2 0.124373 0.536407 0.112502 0.043914 0.914080
2 0.668654 0.559915 0.219575 0.136153 0.905169
0 0.945320 0.519942 0.014560 0.051546 0.774923
2 0.799328 0.512338 0.025041 0.021904 0.765652
2 0.034639 0.528828 0.069469 0.052281 0.659342
7 0.485888 0.495161 0.286669 0.252395 0.653773
7 0.034700 0.528277 0.069332 0.053049 0.504971
9 0.343274 0.312962 0.011791 0.038991 0.399862
9 0.452420 0.302741 0.012178 0.040915 0.323193
0 0.907409 0.511761 0.013335 0.033688 0.272705
