2 0.612737 0.795314 0.695273 0.401574 0.957149
2 0.329408 0.663495 0.251067 0.209643 0.941819
2 0.124414 0.536429 0.112809 0.043999 0.910534
2 0.668242 0.560389 0.217868 0.137394 0.907333
7 0.485839 0.495238 0.286260 0.250547 0.792621
0 0.951721 0.523810 0.015289 0.046244 0.775118
2 0.034704 0.528786 0.069739 0.052521 0.715977
2 0.798195 0.522897 0.020830 0.021474 0.558315
9 0.343174 0.312881 0.011792 0.038860 0.478077
7 0.034772 0.528127 0.069711 0.053491 0.466573
2 0.766633 0.534969 0.046456 0.060728 0.378506
9 0.452387 0.302642 0.011808 0.040918 0.355047
0 0.905932 0.514134 0.012097 0.027456 0.319126
9 0.637919 0.403577 0.011645 0.051151 0.259577
