2 0.612969 0.795426 0.695511 0.401520 0.957114
2 0.327600 0.663476 0.247689 0.209719 0.942658
2 0.124415 0.536384 0.112573 0.043878 0.914576
2 0.668710 0.560379 0.220199 0.137307 0.908255
0 0.947429 0.522256 0.014195 0.049646 0.763561
2 0.798855 0.514553 0.024749 0.022062 0.737166
2 0.034611 0.528876 0.069487 0.052098 0.714301
7 0.485588 0.495377 0.285520 0.252230 0.666628
7 0.034675 0.528412 0.069328 0.052767 0.450662
9 0.343194 0.312992 0.011917 0.038951 0.398592
9 0.452446 0.302707 0.012055 0.040899 0.318859
