2 0.612864 0.795591 0.695307 0.401068 0.957429
2 0.328579 0.663713 0.249159 0.209361 0.942379
2 0.668869 0.560650 0.219690 0.138445 0.909277
2 0.124440 0.536364 0.112493 0.043964 0.908837
0 0.950666 0.522504 0.014167 0.048138 0.766240
2 0.034666 0.528784 0.069612 0.052345 0.743513
2 0.797444 0.519001 0.026260 0.024204 0.732585
7 0.486029 0.494270 0.286685 0.252024 0.732491
7 0.034742 0.528330 0.069512 0.053010 0.447901
9 0.343276 0.312888 0.011822 0.038969 0.407403
9 0.452400 0.302704 0.011881 0.040711 0.308926
0 0.905926 0.513078 0.011446 0.028405 0.300729
0 0.805378 0.518629 0.010231 0.024641 0.294823
0 0.669987 0.529202 0.022460 0.018554 0.285625
