2 0.612693 0.795273 0.694922 0.401603 0.957663
2 0.327621 0.664187 0.247380 0.209532 0.945182
2 0.124712 0.536326 0.112383 0.043825 0.911948
2 0.668805 0.560293 0.220772 0.136701 0.908482
0 0.251507 0.548082 0.030467 0.075230 0.815417
2 0.801189 0.508484 0.022842 0.021460 0.802924
2 0.034861 0.528681 0.069833 0.052482 0.735940
0 0.942361 0.519381 0.014023 0.049325 0.700803
7 0.485001 0.495749 0.285000 0.250862 0.649207
9 0.343212 0.313031 0.011957 0.038685 0.478901
7 0.034975 0.528263 0.069619 0.052997 0.438401
0 0.875910 0.505904 0.009693 0.030485 0.432989
1 0.246305 0.581682 0.038534 0.053406 0.413713
9 0.452508 0.302738 0.012098 0.041061 0.328891
0 0.906244 0.509104 0.011968 0.038897 0.322457
9 0.257908 0.321480 0.012055 0.036255 0.263520
