2 0.612690 0.795211 0.695315 0.402008 0.956588
2 0.330163 0.663492 0.252176 0.209673 0.939063
2 0.668302 0.560754 0.218369 0.138302 0.909054
2 0.124425 0.536457 0.112794 0.044131 0.907967
0 0.952878 0.523814 0.014457 0.046376 0.776892
7 0.485755 0.494393 0.285807 0.249954 0.752661
2 0.034732 0.528842 0.069710 0.052100 0.748260
0 0.796362 0.537762 0.025744 0.056870 0.714261
0 0.787808 0.518058 0.012546 0.032677 0.522052
9 0.343246 0.312864 0.011700 0.038837 0.448140
1 0.798640 0.548678 0.031888 0.040624 0.433320
7 0.034810 0.528336 0.069653 0.052919 0.429687
1 0.801737 0.552702 0.028691 0.032052 0.345793
9 0.452474 0.302610 0.011657 0.040831 0.331349
0 0.905618 0.514210 0.011029 0.027100 0.309783
9 0.637915 0.403664 0.011597 0.051476 0.250053
