2 0.612747 0.795218 0.695560 0.401632 0.956412
2 0.330583 0.663312 0.253537 0.209642 0.938836
2 0.668976 0.560747 0.219726 0.139263 0.909823
2 0.124364 0.536300 0.112493 0.044202 0.903290
2 0.795787 0.522332 0.029848 0.031395 0.851262
7 0.486198 0.494889 0.286950 0.249643 0.767878
0 0.953925 0.523212 0.014744 0.046624 0.758229
2 0.034732 0.528551 0.069682 0.052909 0.742941
0 0.830988 0.538258 0.023231 0.051541 0.742721
1 0.834974 0.552325 0.031470 0.033001 0.556731
9 0.343296 0.312754 0.011799 0.038801 0.449436
7 0.034830 0.528147 0.069749 0.053681 0.442970
9 0.452434 0.302486 0.011661 0.040904 0.328899
0 0.905381 0.515421 0.011442 0.025074 0.318428
9 0.147945 0.433936 0.007068 0.029490 0.314007
