2 0.612798 0.794765 0.695711 0.402835 0.958134
2 0.329839 0.662986 0.251712 0.209360 0.938981
2 0.669347 0.560560 0.218626 0.139542 0.918100
2 0.124337 0.536019 0.111851 0.044295 0.881047
2 0.794807 0.522036 0.030918 0.034332 0.862205
7 0.486359 0.494204 0.287832 0.250530 0.840116
2 0.034883 0.528453 0.069919 0.052553 0.714505
0 0.953779 0.523426 0.012718 0.046369 0.693171
0 0.875048 0.537032 0.024663 0.052465 0.633362
1 0.871502 0.547885 0.036110 0.041240 0.603291
9 0.343272 0.312261 0.011874 0.038609 0.499598
7 0.034984 0.528001 0.070132 0.053217 0.476847
9 0.452495 0.302040 0.011544 0.041282 0.376902
0 0.915213 0.510367 0.009575 0.033476 0.303057
0 0.905972 0.515012 0.010510 0.026157 0.301563
9 0.147900 0.433379 0.007199 0.030261 0.291990
1 0.861736 0.548844 0.022200 0.035055 0.262875
9 0.637654 0.402745 0.011044 0.050626 0.250192
