2 0.612856 0.795523 0.695295 0.401336 0.957568
2 0.327544 0.663715 0.247216 0.209992 0.944288
2 0.124629 0.536354 0.112550 0.043881 0.914022
2 0.668924 0.560115 0.220474 0.136522 0.908332
2 0.800651 0.509408 0.023755 0.021492 0.823954
0 0.944540 0.520282 0.013970 0.049600 0.745309
2 0.034664 0.528787 0.069525 0.052189 0.706525
7 0.485651 0.495146 0.286404 0.252986 0.657196
7 0.034733 0.528375 0.069323 0.052783 0.453322
9 0.343187 0.313006 0.011865 0.038768 0.415063
0 0.876159 0.505954 0.008638 0.028876 0.384014
0 0.906403 0.510482 0.011646 0.036098 0.302910
9 0.452458 0.302736 0.012051 0.040965 0.298807
0 0.873694 0.505400 0.007881 0.028696 0.262976
