2 0.612797 0.795520 0.695184 0.401136 0.956576
2 0.328585 0.663740 0.249385 0.209385 0.943027
2 0.668903 0.561106 0.219868 0.138365 0.911665
2 0.124368 0.536439 0.112770 0.043985 0.907925
2 0.797011 0.520288 0.026766 0.024479 0.796355
7 0.485672 0.495864 0.285830 0.251932 0.766282
0 0.949461 0.522350 0.015772 0.049159 0.737555
2 0.034628 0.528728 0.069753 0.053043 0.635066
7 0.034691 0.527981 0.069631 0.054125 0.523648
9 0.343240 0.312858 0.011769 0.038982 0.412817
9 0.452373 0.302679 0.011949 0.040800 0.322342
0 0.330212 0.525425 0.014578 0.033680 0.261160
0 0.905847 0.515496 0.012288 0.023973 0.253024
