2 0.612844 0.795497 0.695246 0.401507 0.957642
2 0.327716 0.663626 0.247564 0.209873 0.945388
2 0.124608 0.536313 0.112242 0.043947 0.913967
2 0.668815 0.560004 0.220116 0.136608 0.906911
2 0.799488 0.511059 0.024597 0.022889 0.807874
2 0.034740 0.528721 0.069582 0.052328 0.756182
0 0.944585 0.520503 0.014090 0.050793 0.724690
7 0.486223 0.495269 0.287111 0.251411 0.712032
7 0.034822 0.528340 0.069399 0.053000 0.440860
9 0.343220 0.313003 0.011925 0.038867 0.416045
9 0.452452 0.302705 0.012236 0.041004 0.333022
0 0.907665 0.510664 0.013027 0.035088 0.290653
