2 0.612959 0.795341 0.694884 0.401189 0.958169
2 0.327321 0.664066 0.246885 0.209742 0.943272
2 0.124666 0.536382 0.112519 0.043822 0.911057
2 0.668987 0.560133 0.220546 0.136531 0.908981
2 0.801135 0.508623 0.022861 0.021257 0.812251
0 0.283121 0.538773 0.029380 0.057798 0.801654
2 0.034683 0.528537 0.069498 0.052402 0.751404
7 0.486045 0.495030 0.285518 0.252001 0.649916
0 0.942634 0.519655 0.013994 0.049067 0.639538
9 0.343279 0.313011 0.011851 0.038737 0.468384
0 0.875890 0.505523 0.010316 0.030987 0.427025
7 0.034805 0.528248 0.069273 0.052895 0.425857
0 0.906458 0.508957 0.012533 0.039356 0.377328
9 0.452511 0.302731 0.012024 0.040947 0.325948
