2 0.612918 0.795442 0.695161 0.401300 0.957523
2 0.327179 0.663562 0.246730 0.210023 0.944478
2 0.124566 0.536345 0.112310 0.043887 0.913175
2 0.669144 0.560206 0.220607 0.136648 0.908770
2 0.800734 0.509360 0.023659 0.021524 0.835873
7 0.484637 0.495914 0.287907 0.251483 0.765872
2 0.034778 0.528558 0.069614 0.052808 0.708251
0 0.943854 0.519858 0.013757 0.050139 0.697436
7 0.034853 0.528057 0.069443 0.053480 0.468176
9 0.343221 0.313024 0.011834 0.038803 0.433289
0 0.876280 0.505852 0.008859 0.029022 0.408284
9 0.452490 0.302736 0.012138 0.040970 0.321829
0 0.907210 0.509954 0.011310 0.037314 0.293256
