2 0.612918 0.795518 0.695239 0.401262 0.957718
2 0.327409 0.663668 0.247240 0.210297 0.944058
2 0.124606 0.536369 0.112452 0.043905 0.913707
2 0.668972 0.560014 0.220226 0.136402 0.907872
2 0.800022 0.510506 0.023703 0.022928 0.818370
0 0.944870 0.521378 0.014083 0.050006 0.765783
2 0.034642 0.528805 0.069430 0.052244 0.701633
7 0.485389 0.495237 0.285621 0.253085 0.680700
7 0.034708 0.528392 0.069266 0.052937 0.466378
9 0.343313 0.313004 0.011842 0.038790 0.395668
9 0.452471 0.302704 0.012224 0.041011 0.317762
0 0.875951 0.506042 0.008528 0.026945 0.313397
0 0.907143 0.510596 0.012192 0.035570 0.273691
