2 0.612818 0.795529 0.695281 0.401374 0.956396
2 0.328432 0.663523 0.248942 0.209645 0.943364
2 0.668842 0.561093 0.219603 0.138530 0.910774
2 0.124209 0.536422 0.112816 0.044067 0.910674
7 0.485896 0.495770 0.286513 0.251647 0.730212
2 0.034643 0.528764 0.069642 0.052497 0.727943
0 0.950333 0.523255 0.014696 0.046357 0.710823
2 0.796748 0.520062 0.027281 0.025025 0.697056
7 0.034721 0.528244 0.069535 0.053257 0.466313
9 0.343268 0.312845 0.011778 0.039122 0.411145
0 0.805335 0.520523 0.009775 0.024833 0.322206
9 0.452384 0.302702 0.011866 0.040760 0.316420
0 0.905421 0.515146 0.011621 0.025191 0.294296
0 0.330088 0.525638 0.014356 0.033074 0.266146
