2 0.612968 0.795544 0.695237 0.401507 0.957012
2 0.327547 0.663520 0.247402 0.209952 0.943405
2 0.124462 0.536393 0.112456 0.043942 0.913350
2 0.668681 0.559990 0.219842 0.136509 0.907213
0 0.945528 0.520548 0.014699 0.052466 0.788328
2 0.799390 0.512746 0.024421 0.021718 0.763498
2 0.034600 0.528993 0.069366 0.051879 0.694729
7 0.485350 0.495327 0.285425 0.252779 0.627202
7 0.034659 0.528543 0.069245 0.052484 0.462152
9 0.343262 0.313044 0.011853 0.038857 0.389841
9 0.452458 0.302727 0.012103 0.040947 0.320220
