2 0.612925 0.795696 0.695293 0.401102 0.956641
2 0.328462 0.663735 0.248923 0.209297 0.942222
2 0.124346 0.536381 0.112742 0.043909 0.914470
2 0.669149 0.560853 0.220791 0.138385 0.906227
2 0.797895 0.516843 0.025469 0.025023 0.772294
0 0.948351 0.523356 0.012250 0.045796 0.745270
2 0.034752 0.529045 0.069817 0.051844 0.722187
7 0.485913 0.494701 0.286481 0.252255 0.715099
7 0.034812 0.528604 0.069649 0.052477 0.446943
9 0.343211 0.312900 0.011721 0.038902 0.438232
0 0.906765 0.513014 0.012853 0.029665 0.344283
9 0.452383 0.302738 0.011969 0.040797 0.334348
