2 0.612940 0.795472 0.695488 0.401586 0.957388
2 0.328090 0.663460 0.248759 0.209802 0.942133
2 0.124335 0.536387 0.112626 0.043933 0.914057
2 0.668902 0.560363 0.220016 0.137266 0.908656
2 0.798395 0.515297 0.025168 0.024327 0.772714
0 0.948387 0.523177 0.012215 0.045386 0.708982
7 0.485686 0.495142 0.286010 0.250548 0.682714
2 0.034703 0.528791 0.069698 0.052386 0.676029
7 0.034768 0.528221 0.069568 0.053160 0.497675
9 0.343185 0.312891 0.011846 0.039094 0.388264
0 0.906881 0.512691 0.012852 0.030791 0.360317
9 0.452410 0.302701 0.011966 0.040810 0.331938
