2 0.612715 0.795224 0.694322 0.401240 0.957037
2 0.327402 0.663841 0.246905 0.209819 0.943814
2 0.669167 0.560532 0.221685 0.137303 0.910529
1 0.106357 0.610494 0.072307 0.077930 0.820558
2 0.801437 0.507703 0.023232 0.020061 0.809855
0 0.109064 0.581096 0.040222 0.129654 0.799581
2 0.034856 0.528462 0.069832 0.053029 0.690111
7 0.486245 0.494905 0.288079 0.252440 0.600755
2 0.123462 0.536833 0.109103 0.043886 0.581820
7 0.035229 0.528289 0.069820 0.053384 0.525917
2 0.155060 0.542812 0.052019 0.031620 0.525430
0 0.941608 0.516817 0.012472 0.049194 0.513343
9 0.343342 0.312997 0.011806 0.038594 0.408437
0 0.873981 0.505353 0.009056 0.030356 0.394669
0 0.905990 0.508347 0.011833 0.040109 0.300550
2 0.098346 0.535651 0.059866 0.041263 0.278898
9 0.452493 0.302723 0.012150 0.041018 0.278289
