2 0.612750 0.795440 0.694762 0.401241 0.957726
2 0.327614 0.663906 0.247613 0.209363 0.944461
2 0.669132 0.560047 0.221056 0.136317 0.912277
2 0.124484 0.536375 0.113734 0.043001 0.906999
2 0.801204 0.505546 0.023025 0.017648 0.764039
2 0.034881 0.528459 0.069654 0.052888 0.735013
7 0.485976 0.495047 0.286321 0.250009 0.710582
7 0.034903 0.527923 0.069526 0.053698 0.428813
0 0.939441 0.518051 0.011349 0.042327 0.372626
9 0.343207 0.313030 0.011958 0.038637 0.371606
2 0.821094 0.505657 0.018274 0.015136 0.300588
0 0.873258 0.504921 0.008485 0.027579 0.284947
9 0.452470 0.302726 0.012180 0.041057 0.281614
