2 0.612749 0.795383 0.694769 0.400741 0.957405
2 0.328119 0.663772 0.248458 0.209315 0.944840
2 0.129189 0.536155 0.112604 0.044273 0.911681
2 0.668960 0.560157 0.222045 0.136514 0.910646
2 0.035633 0.528580 0.071255 0.051952 0.854413
7 0.484566 0.494785 0.283619 0.251084 0.573716
0 0.900849 0.506797 0.013399 0.041149 0.555435
2 0.803864 0.506992 0.019286 0.014420 0.519854
7 0.035766 0.528547 0.071189 0.052238 0.296353
9 0.171654 0.468732 0.008072 0.027839 0.281230
0 0.871493 0.503617 0.008218 0.027334 0.264899
9 0.343468 0.313144 0.011940 0.038554 0.259150
