2 0.612680 0.795381 0.694808 0.401338 0.957893
2 0.327379 0.663867 0.246904 0.209584 0.944872
2 0.669215 0.560037 0.221195 0.136172 0.914302
2 0.124513 0.536411 0.113574 0.043158 0.908582
2 0.801135 0.505657 0.023379 0.017086 0.773615
7 0.485746 0.493955 0.285870 0.247103 0.731361
2 0.035048 0.528592 0.070053 0.052673 0.714018
7 0.035090 0.528094 0.069876 0.053350 0.452508
9 0.343213 0.313046 0.011988 0.038611 0.366312
0 0.939076 0.516764 0.011475 0.043074 0.350841
0 0.873815 0.504973 0.008796 0.028046 0.298675
9 0.452511 0.302777 0.012056 0.041013 0.280154
