2 0.612809 0.795070 0.694573 0.401239 0.957907
2 0.325697 0.663823 0.243472 0.209818 0.943484
2 0.124740 0.536284 0.112562 0.043464 0.913995
2 0.670002 0.560472 0.222333 0.137284 0.912088
2 0.035048 0.528464 0.070138 0.052349 0.845203
7 0.486092 0.493511 0.286344 0.247019 0.817767
2 0.802757 0.506097 0.020144 0.014987 0.727621
7 0.035194 0.528380 0.070035 0.052736 0.342708
9 0.343262 0.313103 0.012054 0.038546 0.321588
0 0.903371 0.508827 0.011174 0.038162 0.300568
0 0.871756 0.503545 0.008516 0.024681 0.279876
2 0.820215 0.505874 0.018238 0.014435 0.256896
