2 0.612842 0.795303 0.694764 0.401063 0.957735
2 0.327225 0.663747 0.246576 0.209494 0.942460
2 0.669711 0.560136 0.221581 0.136192 0.915225
2 0.124553 0.536360 0.113296 0.043360 0.914038
7 0.486262 0.493198 0.286882 0.246263 0.843161
2 0.034945 0.528419 0.070044 0.052477 0.827926
2 0.801582 0.506084 0.022051 0.015198 0.759595
0 0.938038 0.515723 0.011316 0.040724 0.387592
7 0.035075 0.528183 0.069888 0.052934 0.360741
9 0.343320 0.313113 0.011925 0.038477 0.346014
0 0.904094 0.509729 0.011622 0.036710 0.292145
2 0.821420 0.506215 0.017097 0.013748 0.264285
0 0.872608 0.504130 0.008381 0.025508 0.251420
