2 0.612712 0.795233 0.694480 0.400742 0.957902
2 0.327106 0.663845 0.246446 0.209672 0.943867
2 0.669579 0.560114 0.221657 0.136322 0.915113
2 0.124590 0.536410 0.113423 0.043039 0.908247
2 0.801115 0.505565 0.023502 0.017356 0.774500
7 0.485841 0.494738 0.286088 0.248991 0.769453
2 0.035032 0.528399 0.069974 0.053011 0.718711
7 0.035055 0.527823 0.069811 0.053739 0.443416
9 0.343291 0.313043 0.011892 0.038660 0.373005
0 0.874032 0.504838 0.009197 0.028802 0.322819
0 0.939140 0.516764 0.011571 0.043483 0.320379
2 0.821376 0.505634 0.018176 0.014827 0.297613
9 0.452475 0.302755 0.012095 0.040995 0.283419
