2 0.612685 0.795070 0.694793 0.401560 0.956677
2 0.328122 0.663840 0.248279 0.209301 0.945288
2 0.124436 0.536168 0.112442 0.043680 0.915260
2 0.669634 0.560341 0.221395 0.137161 0.911165
2 0.035019 0.528531 0.070150 0.052010 0.855951
7 0.485071 0.493806 0.284348 0.249124 0.507188
2 0.802850 0.506413 0.021287 0.013798 0.507052
7 0.035189 0.528481 0.069984 0.052362 0.312577
9 0.343441 0.313128 0.011929 0.038602 0.301014
0 0.871349 0.503488 0.009986 0.027027 0.297885
0 0.902554 0.508100 0.011294 0.039387 0.258170
