2 0.612704 0.795116 0.694503 0.401320 0.957728
2 0.327431 0.663756 0.247022 0.209210 0.942613
2 0.670012 0.560193 0.221261 0.136645 0.917184
2 0.124532 0.536360 0.113390 0.043288 0.914757
7 0.485939 0.493220 0.286222 0.246390 0.828549
2 0.035017 0.528637 0.070210 0.052234 0.783941
2 0.801726 0.505998 0.021911 0.015225 0.753657
7 0.035121 0.528321 0.070051 0.052724 0.401198
0 0.938104 0.515466 0.011141 0.041216 0.362422
9 0.343273 0.313053 0.011941 0.038584 0.348572
0 0.904016 0.509832 0.011418 0.036594 0.319561
9 0.452488 0.302788 0.012184 0.041076 0.277018
2 0.821863 0.506211 0.016765 0.013674 0.258417
0 0.872362 0.503764 0.008657 0.025870 0.258311
