2 0.612658 0.795457 0.694834 0.401173 0.957679
2 0.327705 0.663872 0.247631 0.209617 0.943380
2 0.669031 0.560180 0.221735 0.136510 0.911927
2 0.124449 0.536453 0.113711 0.043009 0.904774
2 0.801159 0.505476 0.022797 0.017799 0.777830
2 0.034968 0.528520 0.069870 0.052666 0.716861
7 0.485657 0.495272 0.286164 0.250615 0.635127
7 0.035005 0.527996 0.069758 0.053464 0.434706
0 0.939419 0.518024 0.011429 0.041877 0.373296
9 0.343249 0.313048 0.011951 0.038595 0.367729
0 0.873206 0.505169 0.008631 0.026991 0.298114
9 0.452503 0.302734 0.012020 0.041003 0.270883
