2 0.612806 0.794999 0.694462 0.401184 0.957685
2 0.326142 0.663805 0.244705 0.209474 0.942307
2 0.669654 0.560176 0.221372 0.136562 0.913532
2 0.124783 0.536364 0.112820 0.043345 0.911282
7 0.485801 0.493640 0.285993 0.247383 0.828992
2 0.035078 0.528450 0.070230 0.052588 0.762134
2 0.802203 0.506241 0.021346 0.014908 0.739233
7 0.035182 0.528042 0.070075 0.053188 0.421756
0 0.937648 0.515538 0.011056 0.040019 0.417096
0 0.904007 0.509199 0.011907 0.037512 0.386171
9 0.343249 0.313091 0.012034 0.038553 0.323232
0 0.871921 0.504093 0.008488 0.025691 0.291469
