2 0.612701 0.795038 0.694671 0.401430 0.958003
2 0.328008 0.663752 0.248147 0.209794 0.944300
2 0.669642 0.560466 0.222000 0.137096 0.914458
2 0.124526 0.536285 0.112441 0.043551 0.912423
2 0.034976 0.528321 0.070081 0.052347 0.848630
7 0.486070 0.492607 0.285522 0.246053 0.744314
2 0.802372 0.506350 0.021253 0.013868 0.663368
7 0.035138 0.528228 0.069928 0.052745 0.334276
9 0.343428 0.313103 0.011897 0.038628 0.287736
0 0.902836 0.508228 0.010751 0.039137 0.265900
9 0.171479 0.467480 0.007954 0.029775 0.261164
2 0.819391 0.505936 0.018342 0.014009 0.253791
9 0.452448 0.302756 0.012085 0.041098 0.250741
