2 0.612733 0.795407 0.694425 0.400996 0.957608
2 0.327072 0.663790 0.246462 0.209533 0.943536
2 0.669778 0.560065 0.221184 0.136485 0.915675
2 0.124535 0.536391 0.113475 0.043171 0.911532
7 0.485736 0.493471 0.285852 0.245573 0.819040
2 0.801560 0.505678 0.023048 0.016586 0.775748
2 0.035001 0.528440 0.069984 0.053018 0.725159
7 0.035035 0.527873 0.069798 0.053697 0.445523
9 0.343260 0.313044 0.011918 0.038624 0.367498
0 0.873064 0.503612 0.008927 0.027456 0.270140
9 0.452503 0.302754 0.012111 0.041111 0.266592
