2 0.612808 0.795255 0.694581 0.401175 0.956536
2 0.328186 0.663834 0.248477 0.209192 0.945090
2 0.125133 0.536311 0.113642 0.043746 0.912804
2 0.669180 0.560182 0.221642 0.136728 0.910989
2 0.035014 0.528548 0.070031 0.051869 0.863278
2 0.803553 0.506906 0.019515 0.013874 0.573420
7 0.485172 0.494372 0.285396 0.250636 0.562338
0 0.901048 0.507018 0.012858 0.040056 0.487991
7 0.035111 0.528548 0.069865 0.052228 0.310739
0 0.870943 0.503400 0.008129 0.025788 0.295261
9 0.171491 0.468372 0.008062 0.028755 0.285427
9 0.343427 0.313137 0.012023 0.038607 0.268814
