2 0.612721 0.794767 0.694497 0.401620 0.957385
2 0.327674 0.663739 0.247299 0.209571 0.943107
2 0.669735 0.560411 0.222653 0.136913 0.913886
2 0.124619 0.536251 0.112645 0.043493 0.912424
2 0.034906 0.528321 0.069923 0.052389 0.854503
7 0.486292 0.492577 0.286278 0.246927 0.741164
2 0.802553 0.506338 0.021160 0.013711 0.680788
7 0.035091 0.528279 0.069824 0.052765 0.328218
9 0.343402 0.313131 0.011941 0.038527 0.295141
0 0.902788 0.508213 0.011038 0.038805 0.287751
0 0.871825 0.502968 0.008606 0.025570 0.268556
9 0.171461 0.467419 0.007919 0.030070 0.267822
