2 0.612708 0.795357 0.694591 0.401010 0.957837
2 0.327279 0.663722 0.246737 0.209509 0.944130
2 0.669261 0.560099 0.220940 0.136366 0.914815
2 0.124443 0.536394 0.113569 0.043012 0.909489
2 0.801094 0.505561 0.023680 0.017418 0.771013
7 0.485930 0.494782 0.286505 0.249168 0.739492
2 0.034943 0.528457 0.069865 0.052929 0.709815
7 0.034975 0.527850 0.069695 0.053715 0.443410
9 0.343242 0.313020 0.011832 0.038648 0.372802
0 0.939088 0.516835 0.011636 0.043344 0.315146
9 0.452467 0.302730 0.012134 0.041015 0.277500
0 0.873964 0.504818 0.008760 0.028180 0.270407
2 0.820327 0.505767 0.018228 0.014751 0.263219
