2 0.612741 0.795108 0.694821 0.401788 0.957641
2 0.325398 0.664004 0.242621 0.209543 0.944918
2 0.124754 0.536237 0.112334 0.043513 0.913963
2 0.669853 0.560362 0.222167 0.136994 0.913950
2 0.035127 0.528616 0.070340 0.052127 0.830352
7 0.485908 0.496644 0.286333 0.253755 0.812922
2 0.802527 0.506285 0.020428 0.013993 0.678574
7 0.035276 0.528437 0.070186 0.052586 0.353517
9 0.343288 0.313147 0.012023 0.038469 0.305162
0 0.872319 0.503458 0.009451 0.025191 0.290264
0 0.902779 0.508341 0.010454 0.037919 0.263617
