2 0.612795 0.795104 0.694888 0.401633 0.958289
2 0.326986 0.663888 0.246054 0.209508 0.942040
2 0.124470 0.536246 0.112786 0.043558 0.915449
2 0.669728 0.560404 0.222649 0.136848 0.913614
2 0.034926 0.528354 0.069947 0.052329 0.856699
7 0.486225 0.494908 0.286372 0.249716 0.777162
2 0.801817 0.506384 0.020700 0.014070 0.632568
7 0.035090 0.528286 0.069844 0.052718 0.320530
0 0.902938 0.508453 0.010861 0.038344 0.317085
9 0.343411 0.313160 0.011928 0.038558 0.295033
0 0.871747 0.503487 0.008600 0.025690 0.263558
