2 0.612776 0.795245 0.694496 0.401566 0.956663
2 0.328178 0.663879 0.248444 0.209401 0.943975
2 0.124355 0.536269 0.112636 0.043694 0.914634
2 0.669831 0.560263 0.221742 0.136567 0.911720
2 0.034907 0.528559 0.070006 0.051866 0.855527
2 0.803450 0.506979 0.019299 0.013375 0.570309
7 0.485268 0.494599 0.285675 0.249759 0.439582
0 0.901621 0.507412 0.012037 0.040177 0.395707
7 0.035049 0.528486 0.069853 0.052266 0.323841
9 0.343407 0.313170 0.011925 0.038523 0.276131
9 0.171651 0.467864 0.007967 0.029390 0.264700
