2 0.612836 0.795358 0.694477 0.401127 0.957060
2 0.325698 0.663963 0.243549 0.209289 0.942243
2 0.124839 0.536361 0.112639 0.043365 0.914460
2 0.670095 0.560351 0.223012 0.136854 0.912014
2 0.035077 0.528640 0.070312 0.052092 0.818073
7 0.485811 0.495146 0.286214 0.249265 0.755464
2 0.802543 0.506233 0.021378 0.014918 0.738086
7 0.035211 0.528441 0.070192 0.052515 0.360687
0 0.903839 0.509237 0.011478 0.037753 0.352439
9 0.343257 0.313078 0.011958 0.038508 0.320805
0 0.936912 0.514563 0.010403 0.040824 0.312013
0 0.872100 0.503877 0.009055 0.026005 0.311217
