2 0.612754 0.794984 0.694401 0.401372 0.957221
2 0.328214 0.663789 0.248787 0.209819 0.944308
2 0.669535 0.560285 0.220823 0.136715 0.913264
2 0.124513 0.536305 0.112426 0.043674 0.911689
2 0.035049 0.528382 0.070213 0.052137 0.852600
2 0.802475 0.506617 0.020564 0.014137 0.575256
7 0.485428 0.492983 0.285374 0.248565 0.413234
0 0.901899 0.507127 0.012037 0.041048 0.333609
7 0.035211 0.528290 0.070042 0.052522 0.328656
9 0.343466 0.313131 0.011830 0.038590 0.269810
2 0.816860 0.506017 0.025875 0.015649 0.267447
