2 0.612631 0.795361 0.694755 0.400980 0.958295
2 0.327194 0.663814 0.246572 0.209565 0.944431
2 0.669393 0.560282 0.221472 0.136847 0.915996
2 0.124535 0.536362 0.113412 0.043115 0.910332
7 0.486158 0.493583 0.286419 0.246612 0.773877
2 0.801310 0.505572 0.023007 0.017358 0.768838
2 0.035013 0.528668 0.070023 0.052607 0.705345
7 0.035032 0.528113 0.069885 0.053301 0.466882
9 0.343251 0.313018 0.011994 0.038594 0.362423
0 0.939012 0.516766 0.011397 0.042805 0.303667
2 0.820713 0.505675 0.018144 0.014783 0.286568
9 0.452461 0.302737 0.012172 0.041061 0.268405
0 0.873665 0.504705 0.008606 0.027048 0.266785
