2 0.612703 0.795240 0.694634 0.401450 0.957052
2 0.328334 0.663744 0.248780 0.209681 0.944483
2 0.669872 0.560139 0.221783 0.136404 0.912862
2 0.124625 0.536216 0.112307 0.043710 0.911613
2 0.034945 0.528262 0.069948 0.052368 0.871627
2 0.803267 0.506849 0.020037 0.013757 0.548611
7 0.485250 0.494020 0.285860 0.250234 0.424746
0 0.901688 0.507267 0.012157 0.040413 0.347786
7 0.035120 0.528255 0.069794 0.052733 0.294528
9 0.171634 0.468194 0.007948 0.028619 0.289403
9 0.343391 0.313111 0.011937 0.038508 0.277259
