2 0.612831 0.795195 0.694931 0.401292 0.956909
2 0.328096 0.663945 0.248373 0.209287 0.945101
2 0.124615 0.536449 0.112710 0.043965 0.914344
2 0.669347 0.560038 0.221095 0.136311 0.911387
2 0.035054 0.528366 0.070138 0.052147 0.835354
7 0.484579 0.495412 0.284219 0.250884 0.580828
2 0.803552 0.506820 0.019749 0.013975 0.532157
0 0.901221 0.507214 0.011845 0.039755 0.460211
7 0.035147 0.528129 0.069927 0.052717 0.350555
9 0.343404 0.313139 0.011935 0.038600 0.279607
9 0.171527 0.468116 0.008119 0.029374 0.264868
