2 0.612824 0.795219 0.694921 0.401603 0.957805
2 0.328007 0.663808 0.248090 0.209625 0.943690
2 0.669657 0.560316 0.222286 0.136860 0.914711
2 0.124609 0.536262 0.112483 0.043505 0.912361
2 0.034992 0.528525 0.070075 0.051831 0.855308
7 0.485352 0.492222 0.284060 0.246912 0.659785
2 0.802243 0.506428 0.021140 0.013404 0.645494
7 0.035129 0.528467 0.069955 0.052203 0.324825
9 0.343377 0.313127 0.011924 0.038613 0.298993
0 0.902813 0.508245 0.011192 0.039003 0.295358
0 0.871602 0.502695 0.008313 0.025690 0.274337
9 0.171467 0.467426 0.007949 0.030023 0.264016
