2 0.612779 0.795139 0.694827 0.401425 0.958040
2 0.324837 0.663762 0.241860 0.209614 0.945260
2 0.669559 0.560501 0.221668 0.137135 0.914191
2 0.124621 0.536303 0.112434 0.043471 0.912203
2 0.034996 0.528370 0.070100 0.052383 0.832184
7 0.486083 0.496490 0.286185 0.255587 0.812691
2 0.802036 0.506497 0.020612 0.013581 0.709747
7 0.035168 0.528200 0.069954 0.052820 0.355401
9 0.343398 0.313108 0.011910 0.038656 0.300649
0 0.872465 0.503108 0.009612 0.025757 0.272035
0 0.902873 0.508445 0.010988 0.038283 0.271342
0 0.903179 0.508545 0.010907 0.037958 0.267280
2 0.819755 0.505861 0.018200 0.014377 0.256740
9 0.171417 0.467244 0.007978 0.030177 0.256161
9 0.452458 0.302763 0.012226 0.041096 0.254015
