2 0.612723 0.795434 0.694833 0.401635 0.957673
2 0.327460 0.663680 0.247162 0.209605 0.943909
2 0.669008 0.559831 0.220957 0.135966 0.912198
2 0.124362 0.536589 0.113736 0.042852 0.894120
2 0.801245 0.506497 0.023010 0.018590 0.802010
2 0.034869 0.528643 0.069694 0.052574 0.686189
7 0.485931 0.494962 0.287120 0.252702 0.592419
7 0.034907 0.527910 0.069603 0.053448 0.429137
0 0.941769 0.516848 0.012342 0.047482 0.422057
0 0.905136 0.509342 0.011272 0.038253 0.389090
9 0.343268 0.313033 0.011856 0.038730 0.350285
9 0.452454 0.302715 0.012145 0.040985 0.271008
0 0.874068 0.504662 0.008691 0.028281 0.264900
