2 0.612759 0.795146 0.694683 0.401220 0.957530
2 0.326136 0.663699 0.244736 0.209774 0.942806
2 0.669605 0.559972 0.221291 0.136368 0.914218
2 0.124702 0.536316 0.113108 0.043332 0.913121
2 0.034990 0.528544 0.070075 0.052323 0.812085
7 0.485533 0.493253 0.285350 0.248152 0.772400
2 0.802031 0.506001 0.022064 0.015294 0.741693
0 0.937887 0.515325 0.011125 0.040922 0.410415
7 0.035108 0.528304 0.069896 0.052757 0.380037
0 0.904146 0.509517 0.011839 0.037305 0.349503
9 0.343303 0.313102 0.011963 0.038577 0.322192
