2 0.612789 0.794850 0.694494 0.401578 0.956803
2 0.328306 0.663876 0.248643 0.209322 0.944710
2 0.124444 0.536233 0.112563 0.043666 0.915331
2 0.670147 0.560605 0.221962 0.137320 0.912991
2 0.034981 0.528530 0.070217 0.052048 0.852631
2 0.802937 0.506721 0.020651 0.013686 0.530550
7 0.485315 0.493268 0.284378 0.247046 0.481407
7 0.035147 0.528434 0.070061 0.052432 0.316811
0 0.871322 0.503598 0.010286 0.026539 0.297124
9 0.343457 0.313204 0.011896 0.038493 0.292710
0 0.902081 0.507726 0.011224 0.039905 0.280701
