2 0.612795 0.795090 0.694592 0.401239 0.957537
2 0.325568 0.663815 0.243466 0.209861 0.943527
2 0.124638 0.536341 0.112723 0.043422 0.913903
2 0.669789 0.560354 0.222051 0.136960 0.912018
7 0.485873 0.493821 0.286221 0.248704 0.802062
2 0.034980 0.528480 0.070124 0.052521 0.770502
2 0.802398 0.506242 0.020541 0.014918 0.743604
7 0.035091 0.528122 0.069907 0.053033 0.419944
9 0.343333 0.313114 0.011925 0.038618 0.301298
0 0.903238 0.508659 0.011039 0.038538 0.259112
0 0.871859 0.503874 0.008911 0.024634 0.254641
