2 0.612835 0.795329 0.694950 0.401167 0.957912
2 0.325777 0.663869 0.243849 0.209896 0.943073
2 0.124685 0.536317 0.112868 0.043332 0.914123
2 0.670108 0.560056 0.222920 0.136413 0.910488
2 0.034992 0.528526 0.070091 0.052122 0.827784
7 0.485228 0.493378 0.284493 0.247810 0.790239
2 0.802287 0.506110 0.021030 0.015071 0.739903
7 0.035114 0.528354 0.069929 0.052574 0.357697
0 0.903436 0.508617 0.011335 0.038806 0.324322
9 0.343350 0.313123 0.011997 0.038538 0.307048
0 0.871671 0.503956 0.008521 0.025148 0.273911
0 0.937061 0.514585 0.010364 0.041038 0.267979
