2 0.612704 0.795148 0.694419 0.401284 0.957359
2 0.326062 0.663744 0.244308 0.209374 0.942914
2 0.124784 0.536339 0.112739 0.043367 0.912175
2 0.669446 0.559955 0.222162 0.136297 0.908682
2 0.035092 0.528701 0.070313 0.052048 0.782122
7 0.485507 0.494044 0.285789 0.247581 0.759888
2 0.802328 0.506277 0.021274 0.014809 0.738950
7 0.035202 0.528400 0.070166 0.052543 0.400027
0 0.903900 0.509535 0.011283 0.036830 0.383671
0 0.937310 0.515019 0.010920 0.041616 0.381944
9 0.343260 0.313134 0.012077 0.038512 0.307393
0 0.872140 0.504205 0.008710 0.025456 0.301816
7 0.669558 0.560017 0.221965 0.136266 0.263084
