2 0.612783 0.794978 0.694696 0.401578 0.957839
2 0.325197 0.663842 0.242434 0.209372 0.943766
2 0.669461 0.560533 0.221566 0.137427 0.914206
2 0.124715 0.536241 0.112228 0.043485 0.913258
2 0.034987 0.528518 0.070051 0.052132 0.853348
7 0.486133 0.496069 0.286326 0.253373 0.780883
2 0.802350 0.506512 0.019930 0.013686 0.682191
7 0.035132 0.528498 0.069960 0.052465 0.328140
0 0.902942 0.508366 0.011216 0.038414 0.288283
9 0.343338 0.313133 0.012005 0.038564 0.286965
0 0.872210 0.503104 0.009155 0.024301 0.266504
