2 0.612746 0.795526 0.694769 0.401162 0.958423
2 0.328085 0.663887 0.248187 0.209149 0.943953
2 0.669832 0.560282 0.221610 0.136794 0.915863
2 0.124477 0.536394 0.113472 0.043136 0.913148
7 0.486254 0.492944 0.286605 0.245056 0.789361
2 0.802137 0.505940 0.021897 0.016016 0.747495
2 0.034980 0.528774 0.070131 0.052206 0.736032
7 0.035030 0.528341 0.069938 0.052724 0.429103
9 0.343262 0.313054 0.011880 0.038563 0.352929
0 0.872778 0.504311 0.008598 0.025558 0.284989
2 0.821102 0.505995 0.017571 0.014062 0.282805
9 0.452481 0.302763 0.012138 0.041071 0.272426
