2 0.612742 0.795259 0.694651 0.401400 0.957034
2 0.328204 0.663783 0.248729 0.209597 0.944846
2 0.124612 0.536366 0.112438 0.043895 0.913049
2 0.669229 0.560214 0.220829 0.136738 0.909758
2 0.034980 0.528287 0.070086 0.052220 0.849552
7 0.485192 0.494701 0.285288 0.250742 0.564006
2 0.803891 0.506748 0.019635 0.014090 0.500962
0 0.901222 0.507058 0.012154 0.040573 0.441447
7 0.035152 0.528227 0.069888 0.052625 0.338714
9 0.343528 0.313126 0.011798 0.038650 0.270153
9 0.171697 0.468753 0.007928 0.027884 0.259687
