2 0.612687 0.795084 0.694462 0.401208 0.957046
2 0.328245 0.663761 0.248684 0.209527 0.944346
2 0.124383 0.536198 0.112457 0.043728 0.915565
2 0.669421 0.560294 0.221034 0.136956 0.911929
2 0.034967 0.528586 0.070008 0.051910 0.859294
2 0.803218 0.507002 0.019762 0.013785 0.531625
7 0.485062 0.494488 0.284721 0.250537 0.454908
0 0.901840 0.507338 0.011776 0.040078 0.359991
7 0.035126 0.528529 0.069816 0.052263 0.304649
9 0.343439 0.313151 0.011916 0.038532 0.282946
9 0.171604 0.468901 0.007852 0.027544 0.258764
