2 0.612755 0.795351 0.694704 0.401095 0.958074
2 0.327521 0.663698 0.247423 0.209667 0.944044
2 0.669533 0.560041 0.221282 0.136186 0.914443
2 0.124643 0.536379 0.113432 0.042997 0.909223
2 0.800899 0.505647 0.023403 0.017221 0.763963
2 0.034932 0.528553 0.069755 0.052642 0.745037
7 0.485584 0.494288 0.285641 0.249262 0.687216
7 0.034980 0.528084 0.069592 0.053325 0.425732
9 0.343301 0.313054 0.011838 0.038564 0.367414
0 0.939008 0.517559 0.011554 0.043379 0.295600
9 0.452483 0.302754 0.012125 0.041012 0.279887
0 0.873857 0.504631 0.008902 0.027786 0.254899
