2 0.612809 0.794880 0.694671 0.401506 0.957465
2 0.325620 0.663894 0.243364 0.209719 0.943627
2 0.124759 0.536284 0.112620 0.043400 0.913012
2 0.669947 0.560212 0.222415 0.136814 0.909859
7 0.485625 0.494336 0.285880 0.248364 0.832538
2 0.035095 0.528640 0.070235 0.052122 0.830847
2 0.802649 0.506129 0.020021 0.015023 0.729484
7 0.035221 0.528468 0.070123 0.052588 0.369549
0 0.903323 0.508666 0.010845 0.038419 0.347997
9 0.343301 0.313113 0.012011 0.038589 0.300947
0 0.871973 0.503834 0.008876 0.024825 0.268604
