2 0.612927 0.795088 0.694771 0.401213 0.956770
2 0.328275 0.663936 0.248591 0.209012 0.944883
2 0.125314 0.536368 0.114302 0.043778 0.912809
2 0.669838 0.560257 0.222201 0.136614 0.912795
2 0.035351 0.528587 0.070804 0.051892 0.853180
2 0.803525 0.507087 0.019556 0.013838 0.659190
7 0.485460 0.494630 0.286063 0.250348 0.580115
0 0.900890 0.506753 0.012425 0.040397 0.525224
0 0.871099 0.503293 0.008266 0.026550 0.327453
9 0.171639 0.467801 0.008095 0.029697 0.299885
7 0.035468 0.528500 0.070709 0.052214 0.298862
9 0.343445 0.313152 0.011983 0.038542 0.270774
