2 0.612784 0.795082 0.694966 0.401586 0.956901
2 0.328343 0.664014 0.248856 0.209253 0.944790
2 0.124883 0.536434 0.113098 0.043925 0.912027
2 0.669205 0.560043 0.221334 0.136521 0.910337
2 0.035099 0.528596 0.070243 0.051889 0.839101
2 0.803340 0.506788 0.019304 0.013933 0.554897
7 0.484319 0.495200 0.284220 0.250979 0.531933
0 0.901058 0.507004 0.012094 0.040375 0.456814
7 0.035198 0.528458 0.070027 0.052362 0.336916
9 0.171558 0.468494 0.008095 0.028754 0.261885
9 0.343369 0.313183 0.012039 0.038531 0.257514
