2 0.612844 0.795172 0.694743 0.401143 0.956318
2 0.328007 0.663667 0.248300 0.209048 0.944790
2 0.165983 0.536588 0.115469 0.044337 0.913422
2 0.668629 0.560280 0.222722 0.136588 0.909936
2 0.036539 0.528602 0.073258 0.052239 0.774412
0 0.901877 0.507271 0.011978 0.039997 0.515786
2 0.804269 0.506953 0.019494 0.014309 0.512656
7 0.036600 0.528293 0.072950 0.052826 0.396302
7 0.485766 0.494111 0.286943 0.250217 0.380418
2 0.818959 0.506159 0.022928 0.015856 0.308999
9 0.498389 0.473440 0.029685 0.059073 0.275841
0 0.871059 0.503352 0.008295 0.026346 0.268894
0 0.173234 0.506766 0.011301 0.018716 0.262452
9 0.343519 0.313156 0.011919 0.038520 0.251654
