2 0.612830 0.794960 0.694526 0.401545 0.958982
2 0.327785 0.664025 0.248142 0.209085 0.944487
2 0.201575 0.563386 0.167370 0.079054 0.932251
2 0.669640 0.560224 0.222068 0.136973 0.912985
7 0.486444 0.495416 0.287339 0.250571 0.829076
2 0.018126 0.524810 0.036360 0.054015 0.812490
2 0.312400 0.544093 0.064764 0.049099 0.434458
2 0.243651 0.528473 0.103440 0.048481 0.413604
7 0.018194 0.524552 0.036205 0.054551 0.368948
9 0.638220 0.405433 0.012628 0.051095 0.322813
9 0.170733 0.467470 0.008763 0.030828 0.285708
9 0.343792 0.313201 0.011494 0.038429 0.284004
9 0.452553 0.302645 0.011870 0.041607 0.280837
2 0.281907 0.534765 0.028927 0.025787 0.262921
