2 0.612904 0.795170 0.694749 0.401209 0.958400
2 0.327731 0.664278 0.247873 0.208311 0.947083
2 0.238986 0.559670 0.148523 0.075267 0.928917
2 0.669608 0.560580 0.222093 0.137635 0.912303
2 0.202052 0.529572 0.079254 0.052126 0.874566
7 0.486257 0.495695 0.287390 0.251904 0.826340
2 0.012720 0.525603 0.025314 0.053531 0.747205
2 0.314686 0.544327 0.059597 0.048134 0.464992
9 0.638199 0.406002 0.012522 0.051085 0.385252
7 0.012779 0.525520 0.024906 0.054037 0.358760
2 0.325683 0.546503 0.037350 0.044839 0.329848
9 0.343708 0.313232 0.011597 0.038446 0.297095
9 0.452493 0.302647 0.011953 0.041511 0.292827
9 0.171047 0.467520 0.008348 0.030297 0.289849
