2 0.612840 0.795208 0.694933 0.401262 0.956564
2 0.328086 0.663846 0.248199 0.209090 0.943769
2 0.669217 0.560211 0.223754 0.136524 0.911039
2 0.159233 0.536285 0.114637 0.044579 0.894505
2 0.036454 0.528396 0.073156 0.052386 0.863615
2 0.804319 0.506949 0.019954 0.014203 0.671827
0 0.901701 0.507325 0.011435 0.039091 0.473153
7 0.486275 0.494642 0.287000 0.250441 0.418561
9 0.498921 0.473704 0.029350 0.060397 0.306546
7 0.036511 0.528249 0.072916 0.052842 0.274451
9 0.343508 0.313135 0.011966 0.038420 0.274229
