2 0.612822 0.795115 0.695063 0.400919 0.958071
2 0.327929 0.664091 0.248359 0.209184 0.943185
2 0.109259 0.572965 0.212903 0.093867 0.936658
2 0.669422 0.560264 0.221755 0.137132 0.912758
7 0.485672 0.494794 0.287485 0.251040 0.803736
2 0.295043 0.534064 0.096500 0.056622 0.721017
2 0.031534 0.525932 0.062805 0.058034 0.608307
7 0.031461 0.525800 0.062723 0.058852 0.554663
7 0.295053 0.533847 0.096423 0.056924 0.459073
2 0.806021 0.507313 0.014663 0.014400 0.370686
9 0.638220 0.405351 0.012644 0.051559 0.314866
2 0.815927 0.505893 0.033799 0.018159 0.302377
2 0.020587 0.536212 0.040783 0.038365 0.292189
9 0.171147 0.467076 0.008907 0.031848 0.276450
9 0.343745 0.313184 0.011526 0.038484 0.276378
9 0.452520 0.302626 0.011841 0.041628 0.255242
