2 0.612794 0.794957 0.694476 0.401651 0.957370
2 0.327683 0.663646 0.247384 0.210295 0.941998
2 0.669307 0.559854 0.222171 0.136101 0.913916
2 0.306296 0.539946 0.076300 0.049600 0.890067
2 0.075892 0.529314 0.084972 0.055229 0.852806
7 0.485246 0.495552 0.285506 0.250702 0.588330
2 0.804880 0.507154 0.016990 0.014435 0.570520
7 0.076012 0.529199 0.085112 0.055583 0.361133
2 0.820593 0.505746 0.019519 0.016041 0.310605
9 0.343659 0.313192 0.011702 0.038503 0.273567
9 0.638165 0.405374 0.012848 0.052848 0.262813
