2 0.612860 0.794858 0.694697 0.401646 0.955707
2 0.327978 0.664031 0.248079 0.208807 0.945328
2 0.229570 0.536941 0.117678 0.048611 0.913695
2 0.669079 0.559839 0.222804 0.136068 0.911909
2 0.038383 0.528138 0.077137 0.053834 0.732971
0 0.902424 0.507671 0.011005 0.038646 0.466781
2 0.804791 0.506619 0.017861 0.014557 0.452055
7 0.038550 0.527937 0.076892 0.053985 0.449745
7 0.485823 0.494514 0.286971 0.252360 0.442413
2 0.814114 0.506289 0.032043 0.016788 0.385140
9 0.343589 0.313133 0.011807 0.038449 0.266027
9 0.638221 0.404566 0.012714 0.051592 0.250574
