2 0.612820 0.794957 0.694641 0.401119 0.956359
2 0.327953 0.664107 0.248219 0.209363 0.942197
2 0.669306 0.560033 0.222499 0.136317 0.912094
2 0.049123 0.528770 0.098726 0.052651 0.901532
2 0.278545 0.537612 0.119649 0.048608 0.888915
2 0.805625 0.506727 0.017699 0.014426 0.522937
7 0.484474 0.495070 0.284744 0.251986 0.411697
7 0.049316 0.528976 0.098609 0.052604 0.284594
9 0.638149 0.404813 0.012700 0.051544 0.266817
9 0.343589 0.313186 0.011806 0.038359 0.265999
2 0.819064 0.506017 0.020672 0.015517 0.252304
