2 0.613017 0.794986 0.694465 0.401284 0.955898
2 0.327947 0.663868 0.248324 0.209484 0.941509
2 0.266253 0.538020 0.117717 0.047709 0.914664
2 0.669236 0.560253 0.223538 0.136559 0.911155
2 0.045958 0.528780 0.092031 0.052145 0.895636
2 0.805503 0.507123 0.017250 0.013922 0.533418
7 0.485485 0.494974 0.286860 0.251794 0.434062
9 0.343601 0.313225 0.011823 0.038449 0.268120
7 0.045982 0.528818 0.091403 0.052409 0.266569
2 0.812699 0.506260 0.031141 0.016548 0.261052
9 0.638121 0.405646 0.012676 0.052140 0.257877
