2 0.612887 0.795099 0.694578 0.401073 0.956752
2 0.328125 0.663900 0.248345 0.209263 0.944335
2 0.669118 0.560386 0.223054 0.136583 0.909408
2 0.156203 0.536507 0.114671 0.045060 0.904742
2 0.036452 0.528421 0.073064 0.052413 0.869856
2 0.803667 0.506981 0.019618 0.014269 0.656780
0 0.901388 0.506843 0.011850 0.040216 0.519445
7 0.486403 0.495144 0.286703 0.250033 0.447759
9 0.498960 0.475294 0.029200 0.063348 0.351157
0 0.870768 0.503519 0.008317 0.025235 0.315962
9 0.343520 0.313185 0.011926 0.038416 0.276088
7 0.036546 0.528370 0.072824 0.052888 0.273466
0 0.170647 0.508313 0.013845 0.019025 0.268974
9 0.476270 0.479330 0.014971 0.064396 0.252405
