2 0.612923 0.794965 0.694754 0.401364 0.957446
2 0.327859 0.663679 0.247948 0.210435 0.942345
2 0.669118 0.559803 0.221771 0.136225 0.912666
2 0.300283 0.539438 0.087573 0.047932 0.897490
2 0.072629 0.529500 0.092479 0.054388 0.714177
2 0.805671 0.507131 0.016700 0.014301 0.626002
7 0.485202 0.495450 0.285262 0.250121 0.586441
7 0.072738 0.529248 0.092736 0.054993 0.514132
2 0.107135 0.538088 0.024098 0.034777 0.329416
9 0.638174 0.404616 0.012644 0.051728 0.302140
2 0.819037 0.505902 0.019541 0.015786 0.273728
9 0.343660 0.313145 0.011724 0.038504 0.260970
