2 0.612845 0.794864 0.694396 0.401221 0.956484
2 0.327739 0.663884 0.247662 0.209799 0.941410
2 0.669534 0.559757 0.222865 0.136006 0.913254
2 0.297978 0.539395 0.093087 0.047823 0.886723
2 0.071226 0.529310 0.095901 0.055054 0.683588
2 0.805488 0.506709 0.018245 0.015176 0.603125
7 0.485728 0.495785 0.287163 0.250340 0.582960
7 0.071344 0.528980 0.096264 0.055549 0.525464
2 0.820636 0.505962 0.021177 0.016338 0.399648
2 0.106722 0.533633 0.025188 0.041889 0.286033
9 0.343640 0.313124 0.011686 0.038428 0.278899
9 0.638231 0.404799 0.012754 0.051567 0.251186
