2 0.612986 0.795024 0.694657 0.401721 0.957926
2 0.327626 0.663915 0.247520 0.210185 0.939424
2 0.669220 0.560269 0.222546 0.136838 0.913962
2 0.095390 0.529860 0.101518 0.055077 0.772647
2 0.313386 0.540798 0.063151 0.050794 0.765477
7 0.485242 0.495382 0.288244 0.250645 0.640044
7 0.095390 0.529938 0.101605 0.055481 0.504643
2 0.805747 0.507192 0.016663 0.014402 0.498535
9 0.638228 0.405456 0.012733 0.052123 0.301854
2 0.819079 0.506365 0.021349 0.015964 0.291304
9 0.343627 0.313183 0.011754 0.038421 0.256316
