2 0.612909 0.794941 0.694635 0.401617 0.958297
2 0.327733 0.664003 0.247603 0.209313 0.943051
2 0.669488 0.560090 0.221120 0.136535 0.914228
2 0.155511 0.529424 0.105442 0.057795 0.800587
2 0.308849 0.543307 0.071541 0.050428 0.708793
7 0.485618 0.494298 0.287036 0.252603 0.666778
7 0.155635 0.529583 0.104971 0.057809 0.433945
7 0.155583 0.529435 0.106127 0.058373 0.356675
9 0.638163 0.404804 0.012515 0.050958 0.299438
9 0.170848 0.466524 0.009211 0.032499 0.274927
9 0.343765 0.313156 0.011537 0.038562 0.251934
