2 0.612791 0.795357 0.694772 0.400738 0.957488
2 0.327730 0.663050 0.247487 0.211203 0.941983
2 0.091687 0.577744 0.183154 0.100184 0.937786
2 0.669306 0.560467 0.222008 0.137598 0.910826
7 0.484179 0.495638 0.288774 0.251599 0.676755
2 0.308520 0.532745 0.069573 0.055100 0.664848
2 0.036998 0.524169 0.073765 0.055102 0.604664
7 0.308656 0.532428 0.069482 0.055313 0.466949
2 0.805857 0.507440 0.014376 0.014500 0.417890
2 0.027900 0.535208 0.053936 0.037545 0.373245
7 0.036980 0.524814 0.074165 0.056871 0.367093
9 0.638141 0.405996 0.012229 0.049282 0.316200
7 0.451958 0.495167 0.352074 0.253563 0.308177
9 0.343691 0.313209 0.011678 0.038439 0.265824
2 0.036726 0.512190 0.072966 0.032122 0.262110
9 0.452464 0.302645 0.012042 0.041626 0.255374
