2 0.612850 0.795252 0.694716 0.401093 0.957355
2 0.328235 0.663954 0.248673 0.209262 0.944656
2 0.132867 0.535778 0.114194 0.044313 0.914821
2 0.668765 0.560287 0.222531 0.137068 0.909290
2 0.035268 0.528579 0.070582 0.052078 0.862158
0 0.901141 0.506995 0.012324 0.039659 0.526542
2 0.803879 0.507226 0.019692 0.013740 0.513176
7 0.485086 0.495206 0.284357 0.249333 0.511936
0 0.871551 0.503780 0.008666 0.026211 0.329393
9 0.343413 0.313119 0.012054 0.038568 0.277533
7 0.035347 0.528592 0.070324 0.052350 0.263824
9 0.171399 0.468588 0.008038 0.028395 0.251144
