2 0.612852 0.795244 0.694623 0.401045 0.956897
2 0.328312 0.663874 0.248494 0.208891 0.944789
2 0.134889 0.535743 0.114036 0.044709 0.913898
2 0.668833 0.560351 0.223728 0.136685 0.910518
2 0.035172 0.528577 0.070438 0.052067 0.869429
2 0.803372 0.507274 0.019941 0.013680 0.563581
7 0.485943 0.495187 0.285937 0.249401 0.555171
0 0.900897 0.506823 0.012580 0.040061 0.512875
0 0.871508 0.504293 0.008789 0.026568 0.350797
9 0.343424 0.313170 0.011992 0.038522 0.297957
7 0.035204 0.528585 0.070220 0.052318 0.273373
9 0.171453 0.467824 0.008194 0.029852 0.269027
