2 0.612907 0.795093 0.694618 0.401255 0.956631
2 0.328197 0.663945 0.248562 0.209404 0.943913
2 0.669042 0.560324 0.223261 0.136452 0.910125
2 0.137166 0.535979 0.112773 0.044389 0.909060
2 0.035177 0.528446 0.070329 0.052201 0.871560
2 0.803326 0.507194 0.019617 0.013854 0.629420
0 0.901218 0.506681 0.013034 0.040614 0.552672
7 0.486354 0.495289 0.286248 0.249353 0.509190
7 0.035227 0.528468 0.070267 0.052662 0.298741
9 0.343562 0.313159 0.011846 0.038575 0.269146
0 0.555927 0.583881 0.021436 0.031434 0.258913
