2 0.612791 0.795218 0.694702 0.401128 0.957403
2 0.327824 0.664011 0.248120 0.209238 0.946920
2 0.246972 0.558135 0.144921 0.072973 0.927480
2 0.669372 0.560444 0.221953 0.137335 0.909391
2 0.198441 0.531029 0.083275 0.057575 0.897777
7 0.486005 0.495363 0.286672 0.252253 0.826500
2 0.011162 0.525172 0.022541 0.053919 0.709163
9 0.638198 0.405395 0.012387 0.050672 0.319934
7 0.011078 0.524971 0.022276 0.054297 0.304300
9 0.343719 0.313194 0.011628 0.038462 0.284230
9 0.170938 0.467448 0.008658 0.030421 0.282950
2 0.220675 0.516330 0.039749 0.025376 0.276463
9 0.452438 0.302626 0.011969 0.041489 0.269591
2 0.313982 0.543134 0.060614 0.048415 0.252525
