2 0.612802 0.795179 0.694622 0.401010 0.956775
2 0.328069 0.663746 0.248304 0.209492 0.944170
2 0.668932 0.560376 0.222863 0.137129 0.910252
2 0.143892 0.535117 0.113778 0.047163 0.905532
2 0.035812 0.528550 0.071866 0.052093 0.834117
2 0.803740 0.507058 0.019997 0.014229 0.590388
0 0.901529 0.506695 0.012740 0.041267 0.561897
7 0.486232 0.495157 0.285738 0.249397 0.514001
7 0.035750 0.528351 0.071692 0.052635 0.323815
0 0.870683 0.502174 0.008288 0.025490 0.273065
9 0.343567 0.313146 0.011817 0.038586 0.265490
0 0.555939 0.583720 0.022756 0.032545 0.260517
