2 0.612934 0.795100 0.694892 0.401427 0.956274
2 0.328196 0.663890 0.248400 0.208944 0.944581
2 0.186801 0.536737 0.111744 0.045132 0.917101
2 0.669129 0.560379 0.224038 0.136683 0.910512
2 0.036263 0.528407 0.072767 0.052716 0.834631
0 0.902216 0.507680 0.011607 0.038741 0.535946
2 0.804530 0.506253 0.017230 0.014432 0.473590
7 0.486148 0.495431 0.287083 0.250530 0.395016
7 0.036385 0.528246 0.072507 0.053171 0.322494
0 0.871441 0.503611 0.008591 0.025926 0.293253
2 0.816347 0.506095 0.026397 0.015837 0.276929
9 0.343588 0.313226 0.011829 0.038391 0.260691
