2 0.612929 0.795063 0.694739 0.401133 0.957842
2 0.327896 0.663810 0.248098 0.209158 0.943604
2 0.191560 0.564745 0.171876 0.080288 0.933603
2 0.669613 0.560429 0.223564 0.137106 0.907844
2 0.247475 0.532262 0.107227 0.054835 0.844850
2 0.019619 0.525261 0.039356 0.055876 0.826822
7 0.485808 0.495934 0.285999 0.251646 0.807607
7 0.019649 0.524917 0.038970 0.056570 0.353036
9 0.638257 0.405550 0.012883 0.053000 0.328502
9 0.343647 0.313210 0.011728 0.038387 0.312231
9 0.452494 0.302684 0.011961 0.041578 0.273471
