2 0.612848 0.795234 0.694687 0.401486 0.958090
2 0.327570 0.663751 0.247325 0.209971 0.942885
2 0.669094 0.560197 0.221683 0.137074 0.914388
2 0.126856 0.529769 0.104851 0.056009 0.724773
7 0.484568 0.495140 0.290203 0.252628 0.699408
7 0.126773 0.529403 0.105031 0.056630 0.492807
2 0.805792 0.507054 0.013895 0.015039 0.403343
9 0.170808 0.467015 0.009108 0.032750 0.295899
9 0.638244 0.405170 0.012555 0.051964 0.289556
2 0.324853 0.541891 0.039616 0.051278 0.263034
9 0.343595 0.313146 0.011828 0.038464 0.257296
