2 0.612789 0.794842 0.694509 0.401132 0.956472
2 0.327902 0.664048 0.247936 0.208742 0.944550
2 0.669161 0.560087 0.223069 0.136619 0.911398
2 0.246977 0.538088 0.117586 0.049270 0.899112
2 0.040317 0.528537 0.080741 0.052608 0.835219
7 0.485210 0.495112 0.286232 0.251873 0.440393
7 0.040424 0.528483 0.080781 0.052884 0.408343
0 0.902600 0.508086 0.011186 0.037690 0.397767
2 0.805078 0.506966 0.017953 0.014445 0.397231
9 0.343559 0.313155 0.011791 0.038488 0.284269
2 0.818755 0.505903 0.024437 0.016748 0.277186
