2 0.612812 0.795229 0.694883 0.401674 0.957208
2 0.328369 0.663933 0.248739 0.209044 0.945257
2 0.131339 0.536041 0.114845 0.044233 0.915381
2 0.668756 0.560104 0.222732 0.136686 0.908805
2 0.035585 0.528722 0.071099 0.051836 0.866146
0 0.900612 0.506424 0.013948 0.041194 0.583203
2 0.803294 0.506984 0.019814 0.014198 0.554816
7 0.485490 0.495572 0.285066 0.249265 0.497196
0 0.871439 0.503992 0.008717 0.026311 0.380634
2 0.816867 0.506378 0.023445 0.015669 0.273175
9 0.498787 0.479214 0.029767 0.071746 0.269311
0 0.556006 0.584146 0.021357 0.030919 0.263803
9 0.343384 0.313190 0.012069 0.038532 0.258942
7 0.035656 0.528674 0.070930 0.052068 0.255332
