2 0.612788 0.795140 0.694425 0.400979 0.956303
2 0.328060 0.663854 0.248186 0.208882 0.943714
2 0.668830 0.560552 0.223243 0.137091 0.909592
2 0.153344 0.536378 0.115380 0.045039 0.907714
2 0.036555 0.528677 0.073411 0.051940 0.867378
2 0.803851 0.506957 0.019926 0.014388 0.628530
0 0.901169 0.506601 0.012327 0.040878 0.532041
7 0.486068 0.494987 0.286376 0.249971 0.485586
0 0.870823 0.503660 0.009140 0.025859 0.387351
9 0.498956 0.475738 0.029195 0.064966 0.316824
9 0.343515 0.313154 0.011877 0.038516 0.293349
7 0.036668 0.528618 0.073266 0.052381 0.275711
2 0.817994 0.506139 0.024025 0.015586 0.264178
