2 0.612926 0.794892 0.694826 0.401791 0.957293
2 0.327709 0.663616 0.247464 0.210759 0.941865
2 0.669350 0.560052 0.221067 0.136610 0.911098
2 0.301489 0.543709 0.087159 0.048658 0.864958
2 0.175136 0.530104 0.090263 0.056804 0.763866
7 0.485381 0.494543 0.285353 0.253447 0.705318
7 0.175147 0.529945 0.090054 0.057138 0.383325
9 0.170647 0.466829 0.009100 0.032951 0.333291
9 0.638090 0.405556 0.012484 0.052892 0.288391
9 0.343616 0.313194 0.011743 0.038363 0.277745
9 0.452487 0.302671 0.011874 0.041495 0.250257
