2 0.612745 0.795162 0.694910 0.401429 0.956252
2 0.328208 0.663883 0.248230 0.209056 0.944502
2 0.180648 0.536341 0.099120 0.044113 0.917803
2 0.668131 0.560185 0.224133 0.136825 0.907127
2 0.036428 0.528882 0.072830 0.051787 0.860024
0 0.901706 0.506955 0.012190 0.040435 0.484160
2 0.803773 0.506600 0.019237 0.014438 0.439876
7 0.485486 0.495224 0.286339 0.250862 0.396496
7 0.036566 0.528731 0.072629 0.052352 0.294578
2 0.818618 0.506165 0.023742 0.015984 0.292109
0 0.871106 0.503450 0.008544 0.026011 0.280488
9 0.343413 0.313196 0.012002 0.038427 0.256087
0 0.555688 0.584049 0.021734 0.031820 0.255787
