2 0.612906 0.795182 0.694690 0.401581 0.958188
2 0.327823 0.664148 0.247976 0.208527 0.945287
2 0.219796 0.561017 0.157203 0.076564 0.926059
2 0.669893 0.560153 0.223210 0.136984 0.912669
7 0.486518 0.494734 0.287791 0.253065 0.836103
2 0.015430 0.524842 0.030443 0.053995 0.703177
2 0.213306 0.525241 0.078294 0.042939 0.503797
7 0.015406 0.524758 0.030086 0.054703 0.443799
9 0.638295 0.404875 0.012748 0.051332 0.357501
2 0.215424 0.513618 0.071114 0.020766 0.355725
2 0.308802 0.542971 0.071734 0.049927 0.353441
9 0.343753 0.313176 0.011559 0.038405 0.291793
9 0.171032 0.467323 0.008453 0.030608 0.285046
9 0.452545 0.302708 0.011926 0.041494 0.253986
