2 0.612811 0.795131 0.694539 0.401550 0.957829
2 0.327651 0.663484 0.247572 0.210415 0.942802
2 0.278544 0.554425 0.130938 0.068805 0.922995
2 0.670016 0.560352 0.221806 0.136930 0.911289
2 0.189183 0.529727 0.107350 0.057542 0.884413
7 0.485808 0.493236 0.285576 0.255700 0.723388
2 0.006417 0.526321 0.012425 0.049830 0.448894
9 0.638194 0.404930 0.012634 0.051234 0.381005
9 0.170667 0.467301 0.008654 0.031154 0.271807
9 0.343680 0.313205 0.011674 0.038415 0.265625
9 0.452549 0.302689 0.011873 0.041455 0.255728
