2 0.612792 0.795254 0.694849 0.401276 0.957167
2 0.327815 0.664385 0.247711 0.208515 0.942652
2 0.669573 0.560467 0.221986 0.137750 0.912974
2 0.033883 0.585268 0.067486 0.095237 0.827479
7 0.485652 0.495471 0.287437 0.250627 0.752903
2 0.062053 0.525790 0.098229 0.059643 0.713126
7 0.061754 0.525853 0.097886 0.059986 0.454842
9 0.638208 0.406246 0.012428 0.050953 0.348553
9 0.171287 0.467507 0.008583 0.030457 0.275056
9 0.452554 0.302673 0.011934 0.041708 0.257606
9 0.343747 0.313196 0.011690 0.038609 0.250870
