2 0.612911 0.795292 0.694826 0.401000 0.957805
2 0.327747 0.663699 0.247668 0.210212 0.941775
2 0.074594 0.581790 0.149201 0.103425 0.936986
2 0.669777 0.560090 0.222161 0.137014 0.910696
7 0.465414 0.494567 0.328624 0.252090 0.882721
2 0.321788 0.532859 0.043464 0.056938 0.641725
2 0.806088 0.507251 0.015354 0.014511 0.530778
9 0.638240 0.405141 0.012433 0.049717 0.338098
9 0.171202 0.467698 0.008515 0.029940 0.307997
7 0.321917 0.532906 0.043193 0.057127 0.260386
9 0.343746 0.313191 0.011672 0.038412 0.256724
