2 0.612828 0.794892 0.694474 0.401387 0.955789
2 0.327954 0.664083 0.248187 0.208878 0.945350
2 0.235148 0.537416 0.117128 0.049269 0.912809
2 0.669193 0.560007 0.223045 0.136463 0.911815
2 0.039002 0.528094 0.078112 0.053753 0.793311
7 0.485407 0.495423 0.285534 0.252454 0.471115
0 0.902816 0.508370 0.010648 0.037352 0.452445
2 0.804882 0.506706 0.017547 0.014324 0.432068
7 0.039147 0.527950 0.078089 0.054069 0.431099
2 0.813803 0.506258 0.033134 0.016834 0.293101
9 0.638096 0.404782 0.012425 0.051061 0.277798
9 0.343604 0.313174 0.011804 0.038496 0.268874
