2 0.612747 0.795348 0.695002 0.401002 0.957694
2 0.327803 0.663777 0.247543 0.209830 0.942578
2 0.068494 0.576584 0.136921 0.090816 0.920176
2 0.669658 0.560235 0.221792 0.137177 0.911434
7 0.470181 0.495283 0.318386 0.252361 0.896686
2 0.806245 0.507126 0.015948 0.014569 0.549424
2 0.044129 0.517527 0.088303 0.040108 0.544275
2 0.327134 0.532316 0.034889 0.057564 0.503819
7 0.044111 0.517193 0.087800 0.040172 0.360636
9 0.638148 0.405169 0.012351 0.050325 0.357926
9 0.171147 0.467433 0.008674 0.030396 0.280499
9 0.343668 0.313208 0.011727 0.038431 0.258980
9 0.452528 0.302656 0.011953 0.041692 0.256197
2 0.043375 0.526236 0.086491 0.022229 0.250270
