2 0.612728 0.794970 0.694856 0.401585 0.955102
2 0.328011 0.664054 0.248261 0.208985 0.944737
2 0.208108 0.536650 0.117584 0.047774 0.920605
2 0.668905 0.560208 0.222500 0.136953 0.909750
2 0.036552 0.528637 0.073308 0.052681 0.769535
7 0.036761 0.528482 0.073185 0.053036 0.424958
0 0.902153 0.507506 0.011134 0.038898 0.418872
7 0.485086 0.494995 0.284875 0.253084 0.416630
2 0.804745 0.507036 0.016998 0.014158 0.406532
0 0.556023 0.583786 0.020539 0.031730 0.286130
9 0.171175 0.467385 0.008721 0.031816 0.272134
2 0.817787 0.506456 0.023789 0.015648 0.259180
9 0.343524 0.313173 0.011857 0.038481 0.257984
