2 0.612845 0.795099 0.694462 0.401048 0.957841
2 0.327909 0.663565 0.248057 0.209426 0.944997
2 0.170884 0.566637 0.183505 0.083366 0.938355
2 0.669302 0.560347 0.221887 0.137049 0.911477
2 0.263689 0.532064 0.105730 0.055866 0.829610
7 0.486274 0.495901 0.287072 0.250483 0.789687
2 0.022474 0.525072 0.045207 0.054783 0.761734
7 0.022475 0.525145 0.045212 0.055578 0.385937
7 0.263952 0.531860 0.105501 0.055946 0.307768
9 0.170821 0.467286 0.008744 0.031321 0.299949
9 0.638202 0.405761 0.012387 0.050237 0.293101
2 0.021232 0.532480 0.042734 0.041464 0.288035
9 0.343633 0.313183 0.011709 0.038407 0.286738
9 0.452468 0.302675 0.012017 0.041541 0.265055
