2 0.612751 0.795015 0.694671 0.401533 0.958232
2 0.327930 0.663549 0.248083 0.210193 0.945727
2 0.272201 0.554773 0.138589 0.069109 0.920291
2 0.669892 0.560234 0.222001 0.136920 0.912491
2 0.191491 0.529961 0.101955 0.057992 0.885436
7 0.486074 0.494396 0.286033 0.251836 0.754580
2 0.007717 0.525403 0.015154 0.051648 0.563486
9 0.638139 0.405267 0.012592 0.050597 0.319588
9 0.452545 0.302629 0.011895 0.041527 0.279127
9 0.343791 0.313224 0.011540 0.038463 0.275527
9 0.170631 0.467169 0.008678 0.030831 0.260571
