2 0.612861 0.795162 0.694767 0.400759 0.958002
2 0.327948 0.664019 0.248114 0.208901 0.944184
2 0.159386 0.567346 0.188844 0.087731 0.932540
2 0.669585 0.560623 0.222721 0.137814 0.911551
2 0.269999 0.533178 0.109849 0.056795 0.854525
7 0.486113 0.495698 0.287814 0.250871 0.735138
2 0.024166 0.525532 0.048338 0.056614 0.678371
7 0.024175 0.525513 0.048148 0.057347 0.480879
9 0.638202 0.406196 0.012602 0.051954 0.369124
9 0.343769 0.313221 0.011585 0.038420 0.316060
9 0.170790 0.467240 0.008650 0.031237 0.288969
9 0.452476 0.302636 0.011971 0.041517 0.278073
7 0.270176 0.532851 0.109190 0.056930 0.269548
