2 0.612896 0.795365 0.695059 0.401190 0.957116
2 0.327576 0.663391 0.247331 0.210134 0.938438
2 0.669274 0.560327 0.223028 0.138678 0.897065
7 0.483731 0.494620 0.294504 0.254420 0.779637
0 0.717954 0.541898 0.026103 0.037121 0.517001
9 0.638196 0.405542 0.012161 0.048963 0.432515
2 0.323676 0.530985 0.042419 0.068781 0.349371
7 0.669160 0.560214 0.223021 0.138569 0.326952
9 0.171287 0.466298 0.008654 0.031962 0.299872
9 0.343990 0.313302 0.011396 0.038345 0.295462
9 0.452559 0.302772 0.011836 0.041585 0.292403
2 0.812858 0.506892 0.027062 0.015581 0.291500
0 0.555934 0.584176 0.022848 0.032512 0.280836
