2 0.612894 0.795194 0.694926 0.401353 0.957407
2 0.327596 0.663313 0.247515 0.209700 0.940609
2 0.668732 0.560520 0.223700 0.138749 0.899989
7 0.486838 0.494648 0.291992 0.254188 0.743108
2 0.306041 0.529421 0.075241 0.063412 0.584678
7 0.305928 0.529430 0.075132 0.062628 0.516069
9 0.638137 0.405083 0.012088 0.047362 0.400974
7 0.668629 0.560511 0.223588 0.138657 0.315952
9 0.452539 0.302756 0.011719 0.041509 0.284619
9 0.344042 0.313275 0.011331 0.038451 0.277408
2 0.813806 0.506255 0.030855 0.016791 0.274137
0 0.294122 0.516599 0.017686 0.014836 0.253273
0 0.719314 0.542602 0.026831 0.037820 0.252245
