2 0.612857 0.795343 0.694849 0.401205 0.957642
2 0.327545 0.663512 0.247340 0.209906 0.940672
2 0.669237 0.559861 0.221782 0.137655 0.896627
7 0.486394 0.494312 0.288926 0.252573 0.817104
2 0.316400 0.530434 0.056942 0.068205 0.723586
7 0.316326 0.530611 0.056930 0.069141 0.464729
9 0.638176 0.404540 0.011977 0.048053 0.432929
0 0.717760 0.542099 0.027079 0.037738 0.326907
2 0.814670 0.506212 0.029688 0.017270 0.316004
7 0.669227 0.559866 0.221754 0.137681 0.312121
9 0.171257 0.466358 0.008749 0.032181 0.288827
9 0.452601 0.302746 0.011659 0.041647 0.279366
9 0.344031 0.313202 0.011298 0.038596 0.260173
