2 0.612885 0.795247 0.695175 0.400964 0.956493
2 0.327692 0.663767 0.247597 0.208763 0.941172
2 0.668293 0.560554 0.221743 0.138930 0.900863
7 0.487089 0.494777 0.288043 0.253512 0.771127
2 0.281425 0.539987 0.119167 0.087385 0.757626
2 0.805833 0.506948 0.015579 0.014762 0.531121
7 0.281306 0.540041 0.119072 0.087626 0.491464
9 0.638216 0.405867 0.012134 0.049401 0.372737
7 0.668150 0.560551 0.221390 0.138798 0.321838
9 0.452559 0.302752 0.011778 0.041558 0.290560
2 0.813360 0.506026 0.030368 0.017621 0.277300
9 0.343945 0.313204 0.011453 0.038557 0.273724
