2 0.612890 0.795128 0.694893 0.401524 0.956759
2 0.327781 0.663983 0.247431 0.208904 0.943146
2 0.669234 0.559764 0.220784 0.137126 0.907220
7 0.486001 0.495239 0.287815 0.249481 0.772496
2 0.160353 0.526965 0.100189 0.062250 0.610046
7 0.160239 0.526922 0.100410 0.062319 0.504287
2 0.806207 0.507070 0.014502 0.014542 0.403572
9 0.638161 0.406467 0.012531 0.052901 0.356846
2 0.815762 0.505892 0.032739 0.017915 0.325287
9 0.452584 0.302633 0.011783 0.041780 0.267950
9 0.343883 0.313187 0.011398 0.038537 0.264220
0 0.641473 0.539377 0.025202 0.028619 0.254828
