2 0.612884 0.795070 0.694824 0.401874 0.956616
2 0.327620 0.664014 0.247260 0.208874 0.942048
2 0.668928 0.559681 0.222549 0.137250 0.906729
7 0.486366 0.495372 0.288516 0.251808 0.807952
2 0.186715 0.527579 0.101889 0.063285 0.621856
7 0.186591 0.527630 0.102322 0.063258 0.555927
2 0.806114 0.506992 0.016427 0.014663 0.450951
9 0.638243 0.406444 0.012605 0.053899 0.336640
2 0.812554 0.506547 0.029083 0.016487 0.296673
9 0.343940 0.313226 0.011398 0.038496 0.268154
9 0.452607 0.302687 0.011879 0.041714 0.260397
9 0.170807 0.466516 0.009123 0.031808 0.258074
7 0.668797 0.559703 0.222088 0.136949 0.256957
