2 0.612923 0.795097 0.694929 0.401105 0.955907
2 0.327768 0.664113 0.247406 0.209514 0.942869
2 0.668841 0.559703 0.221446 0.137734 0.902905
7 0.486164 0.495390 0.287618 0.252401 0.856714
2 0.212869 0.527911 0.102370 0.065117 0.716462
7 0.212788 0.527863 0.102873 0.065291 0.543152
2 0.806524 0.507468 0.014860 0.014217 0.352476
9 0.638160 0.406055 0.012390 0.051212 0.308949
2 0.813583 0.506491 0.027453 0.016754 0.297072
0 0.717297 0.542343 0.025193 0.034559 0.295659
9 0.343843 0.313197 0.011504 0.038554 0.278910
9 0.452584 0.302652 0.011740 0.041636 0.277087
7 0.668525 0.559722 0.221070 0.137663 0.272551
9 0.171407 0.467378 0.008914 0.032062 0.261312
0 0.672190 0.541612 0.026441 0.024245 0.260536
