2 0.612854 0.795334 0.695188 0.401328 0.956932
2 0.327628 0.663487 0.247392 0.209664 0.942036
2 0.668475 0.560330 0.220905 0.138275 0.902282
7 0.486428 0.494394 0.288119 0.253734 0.806102
2 0.291244 0.535178 0.105279 0.076789 0.724828
7 0.291321 0.536178 0.105156 0.078608 0.426973
2 0.806116 0.506699 0.014876 0.014639 0.395889
2 0.813897 0.505858 0.030549 0.017591 0.370691
9 0.638158 0.404664 0.011991 0.047973 0.364346
7 0.668359 0.560383 0.220442 0.138256 0.319584
9 0.452576 0.302755 0.011726 0.041617 0.300079
9 0.344014 0.313233 0.011361 0.038509 0.271411
