2 0.612950 0.795338 0.695287 0.401496 0.957786
2 0.327556 0.663387 0.247485 0.209281 0.941795
2 0.668787 0.560298 0.221755 0.138528 0.900911
7 0.486690 0.494666 0.291967 0.252459 0.749807
2 0.302544 0.530449 0.081872 0.065391 0.569689
7 0.302515 0.530269 0.081972 0.065021 0.456651
9 0.638063 0.405510 0.011869 0.045849 0.389471
2 0.813830 0.506037 0.030975 0.017051 0.349545
7 0.668685 0.560443 0.221606 0.138549 0.307620
9 0.452598 0.302793 0.011709 0.041483 0.274791
9 0.344016 0.313192 0.011417 0.038484 0.261094
