2 0.612878 0.795136 0.695608 0.400922 0.955476
2 0.327894 0.663116 0.247564 0.207678 0.941411
2 0.667829 0.559800 0.220714 0.137327 0.895177
2 0.160531 0.551561 0.165289 0.113452 0.667594
7 0.486140 0.493476 0.288516 0.255044 0.622338
7 0.160535 0.551484 0.165531 0.114020 0.561583
2 0.751799 0.517302 0.017529 0.033349 0.357743
9 0.638158 0.405146 0.012104 0.047991 0.355661
7 0.667669 0.560012 0.220509 0.137414 0.354063
9 0.452587 0.302826 0.011731 0.041605 0.329625
9 0.343973 0.313215 0.011421 0.038414 0.322754
2 0.744017 0.515226 0.033216 0.038201 0.316947
2 0.813993 0.505140 0.030601 0.017955 0.278504
