2 0.612761 0.795363 0.694955 0.401212 0.956810
2 0.327628 0.664188 0.247476 0.209470 0.941479
2 0.669655 0.559849 0.224039 0.137764 0.897484
7 0.486356 0.494774 0.287889 0.252714 0.798447
7 0.284823 0.529121 0.102050 0.066714 0.668302
2 0.284829 0.529412 0.101701 0.066725 0.463328
9 0.638128 0.405751 0.012226 0.050498 0.375940
7 0.669547 0.559879 0.223909 0.137649 0.323875
0 0.555844 0.584316 0.022350 0.032184 0.295357
9 0.343866 0.313217 0.011608 0.038486 0.284556
9 0.452560 0.302741 0.011832 0.041542 0.281323
9 0.171163 0.466913 0.008583 0.031672 0.276540
2 0.813409 0.506231 0.029898 0.017013 0.253683
