2 0.612903 0.795209 0.694854 0.401296 0.957465
2 0.327706 0.663979 0.247164 0.209087 0.942844
2 0.668741 0.559730 0.221438 0.136708 0.904516
2 0.155079 0.527688 0.099228 0.061453 0.778570
7 0.485903 0.495507 0.287330 0.250948 0.772415
7 0.154929 0.527849 0.098920 0.062005 0.459546
9 0.638248 0.406205 0.012584 0.053350 0.371389
7 0.668586 0.559844 0.220890 0.136717 0.271127
9 0.452576 0.302658 0.011835 0.041742 0.268172
9 0.343844 0.313207 0.011544 0.038545 0.265534
0 0.630587 0.538170 0.032788 0.038284 0.251781
