2 0.612817 0.795303 0.694982 0.401292 0.957655
2 0.327467 0.663199 0.247146 0.210447 0.939428
2 0.669443 0.560050 0.223166 0.138156 0.896838
7 0.487299 0.494989 0.290058 0.253340 0.836970
2 0.307585 0.530143 0.073156 0.067772 0.722887
7 0.307662 0.530374 0.073397 0.068550 0.485958
2 0.813638 0.506546 0.026944 0.016396 0.437188
9 0.638206 0.405113 0.012220 0.049111 0.429121
9 0.452542 0.302708 0.011836 0.041628 0.319436
7 0.669366 0.560068 0.223066 0.138039 0.318918
9 0.343967 0.313266 0.011470 0.038470 0.307461
9 0.171256 0.466564 0.008723 0.032056 0.271017
