2 0.612877 0.795278 0.694880 0.401385 0.957178
2 0.327657 0.663944 0.247358 0.209846 0.942183
2 0.669262 0.560297 0.223088 0.137766 0.906842
7 0.486519 0.493961 0.287914 0.253616 0.829178
7 0.266726 0.529235 0.102322 0.064804 0.737345
2 0.266606 0.529146 0.102077 0.064730 0.565320
9 0.638210 0.404442 0.012218 0.049039 0.422593
9 0.452573 0.302704 0.011761 0.041626 0.283189
9 0.343885 0.313236 0.011497 0.038446 0.271039
0 0.717755 0.540496 0.025977 0.039096 0.267932
7 0.669003 0.560247 0.222656 0.137166 0.260444
