2 0.612841 0.795097 0.695091 0.401026 0.957100
2 0.327602 0.664162 0.247209 0.209023 0.942521
2 0.669058 0.559503 0.220972 0.137145 0.905139
7 0.486258 0.494689 0.287999 0.252789 0.847934
2 0.234438 0.528783 0.102801 0.064662 0.662791
7 0.234275 0.528525 0.102717 0.064732 0.602007
9 0.638231 0.405225 0.012247 0.050983 0.345313
0 0.695736 0.537433 0.024191 0.035706 0.288587
9 0.452643 0.302676 0.011645 0.041645 0.285889
9 0.343971 0.313175 0.011344 0.038606 0.268048
9 0.171457 0.467212 0.008846 0.031643 0.252573
7 0.668891 0.559508 0.220620 0.137031 0.250779
