2 0.612857 0.795207 0.694931 0.401441 0.958034
2 0.327631 0.664411 0.247352 0.209368 0.942369
2 0.669091 0.559750 0.221583 0.137346 0.904935
7 0.486266 0.495217 0.287790 0.252692 0.828582
7 0.230343 0.528458 0.103198 0.064601 0.690997
2 0.230388 0.528495 0.102848 0.064693 0.579779
9 0.638137 0.405098 0.012078 0.048384 0.375050
7 0.668893 0.559800 0.221282 0.137527 0.286861
2 0.257285 0.521655 0.048395 0.042334 0.285283
9 0.452633 0.302697 0.011708 0.041661 0.270403
9 0.343881 0.313231 0.011456 0.038552 0.262104
