2 0.612920 0.795293 0.695424 0.401275 0.957465
2 0.327775 0.663305 0.247685 0.209506 0.942770
2 0.668576 0.560342 0.221982 0.138297 0.902604
7 0.486426 0.494234 0.290356 0.254013 0.706052
2 0.298557 0.531675 0.089990 0.067418 0.548773
7 0.298391 0.531506 0.090130 0.066286 0.479723
2 0.805757 0.506909 0.014721 0.014416 0.431977
9 0.638142 0.405204 0.012002 0.046131 0.402610
0 0.282902 0.517344 0.015648 0.014104 0.309694
7 0.668507 0.560416 0.221555 0.138197 0.304618
2 0.813728 0.506157 0.030450 0.017014 0.295335
9 0.452614 0.302799 0.011659 0.041627 0.266350
9 0.343971 0.313227 0.011442 0.038493 0.259226
