2 0.612842 0.795290 0.694708 0.400939 0.956850
2 0.327668 0.663988 0.247419 0.208701 0.942852
2 0.669168 0.559753 0.221173 0.136566 0.906786
2 0.110128 0.527305 0.097214 0.059414 0.882175
7 0.485468 0.495845 0.286577 0.250420 0.791994
2 0.806143 0.507051 0.014760 0.014486 0.563689
9 0.638273 0.406050 0.012622 0.052666 0.345598
7 0.110183 0.527478 0.097112 0.060191 0.336243
7 0.669086 0.559869 0.220628 0.136706 0.266832
2 0.145497 0.518718 0.025747 0.040365 0.255585
9 0.452601 0.302659 0.011859 0.041750 0.251708
9 0.343792 0.313218 0.011610 0.038516 0.250114
