2 0.612726 0.795256 0.695068 0.401247 0.957038
2 0.327510 0.663440 0.247419 0.210102 0.940310
2 0.669331 0.559477 0.222857 0.136959 0.891520
7 0.486453 0.493292 0.289042 0.254108 0.794861
7 0.299750 0.529132 0.088953 0.067673 0.648174
2 0.299748 0.529270 0.088717 0.067615 0.585766
9 0.638161 0.404636 0.012053 0.048699 0.411156
7 0.669325 0.559622 0.222937 0.137123 0.341161
9 0.452586 0.302720 0.011747 0.041620 0.294860
9 0.171290 0.466632 0.008671 0.031943 0.271182
9 0.343979 0.313216 0.011394 0.038570 0.257530
