2 0.612756 0.795437 0.694892 0.400898 0.957696
2 0.327587 0.664242 0.247333 0.208850 0.942137
2 0.669846 0.560020 0.224933 0.137663 0.898126
7 0.486781 0.494825 0.288773 0.253326 0.835509
2 0.289190 0.530044 0.101118 0.067026 0.646814
7 0.289257 0.529918 0.101748 0.067271 0.617929
9 0.638189 0.405531 0.012226 0.049128 0.389597
9 0.452565 0.302714 0.011824 0.041672 0.312220
7 0.669663 0.560110 0.224877 0.137621 0.310998
9 0.343921 0.313260 0.011456 0.038518 0.305607
9 0.171200 0.466849 0.008558 0.031757 0.281513
2 0.814009 0.505995 0.030264 0.017488 0.280066
