2 0.612694 0.795261 0.694669 0.400938 0.957140
2 0.327636 0.663508 0.247498 0.210096 0.939726
2 0.669267 0.559698 0.222526 0.137571 0.893801
7 0.486662 0.494768 0.289055 0.252914 0.826884
2 0.314112 0.529882 0.060990 0.067611 0.686933
7 0.314196 0.530003 0.061175 0.068315 0.498409
9 0.638222 0.404035 0.012237 0.048867 0.496925
2 0.813501 0.506527 0.027879 0.016547 0.347303
0 0.717772 0.542203 0.026960 0.038046 0.324946
7 0.669256 0.559759 0.222681 0.137751 0.324710
9 0.452587 0.302731 0.011726 0.041604 0.300687
9 0.171231 0.466303 0.008837 0.032144 0.292119
9 0.343890 0.313250 0.011538 0.038500 0.278604
