2 0.612814 0.795311 0.694933 0.401148 0.957164
2 0.327627 0.663204 0.247432 0.210284 0.938736
2 0.669282 0.560019 0.222311 0.138390 0.895882
7 0.483633 0.494172 0.293364 0.253164 0.815450
0 0.718157 0.542086 0.026567 0.037278 0.422739
9 0.638097 0.405308 0.012020 0.047196 0.409919
2 0.324376 0.530614 0.040116 0.068215 0.389959
2 0.813135 0.506650 0.028074 0.016047 0.329484
7 0.669160 0.560013 0.222394 0.138344 0.324350
9 0.171287 0.466017 0.008710 0.031770 0.307600
9 0.343931 0.313210 0.011480 0.038443 0.297371
9 0.452568 0.302722 0.011731 0.041512 0.294789
