2 0.612961 0.795296 0.695120 0.401114 0.957317
2 0.327681 0.664173 0.247317 0.208803 0.942818
2 0.669155 0.559932 0.221418 0.136513 0.910001
7 0.485455 0.495854 0.286452 0.251236 0.815289
2 0.075855 0.526933 0.082939 0.058894 0.764201
2 0.806193 0.506945 0.015163 0.014702 0.555257
7 0.075966 0.526927 0.082998 0.059071 0.423818
9 0.638241 0.405896 0.012753 0.053648 0.302977
9 0.171225 0.467574 0.008471 0.030654 0.260424
9 0.343785 0.313209 0.011619 0.038539 0.258798
9 0.452486 0.302638 0.011922 0.041759 0.251879
2 0.109359 0.517384 0.018802 0.034456 0.251085
