2 0.612983 0.795368 0.695340 0.400969 0.956949
2 0.327642 0.663252 0.247321 0.210268 0.940506
2 0.669135 0.560151 0.221721 0.137948 0.899271
7 0.483438 0.493638 0.295096 0.254707 0.768490
0 0.718161 0.542021 0.025773 0.036812 0.439351
9 0.638185 0.404700 0.012002 0.047493 0.383561
7 0.321002 0.528993 0.046732 0.063043 0.321706
7 0.668954 0.560089 0.221485 0.137803 0.302064
9 0.171335 0.465976 0.008598 0.031869 0.293051
9 0.452612 0.302785 0.011710 0.041621 0.286685
9 0.343938 0.313231 0.011419 0.038575 0.266981
