2 0.612797 0.795283 0.694924 0.401186 0.956282
2 0.327676 0.664290 0.247504 0.208783 0.942372
2 0.669319 0.560159 0.221381 0.137070 0.909212
7 0.485047 0.495666 0.285836 0.251076 0.766581
2 0.071348 0.526827 0.090241 0.058877 0.721913
2 0.806390 0.507081 0.014642 0.014510 0.523826
7 0.072444 0.526757 0.092219 0.058822 0.447734
9 0.638196 0.405674 0.012461 0.051822 0.342292
2 0.106805 0.519815 0.024006 0.035787 0.306469
9 0.452519 0.302654 0.011885 0.041693 0.268372
9 0.171263 0.467798 0.008358 0.029764 0.268022
9 0.343784 0.313206 0.011627 0.038527 0.256864
