2 0.612900 0.795110 0.695051 0.401082 0.956794
2 0.327744 0.663819 0.247731 0.208953 0.943687
2 0.668255 0.559984 0.221164 0.137812 0.893872
2 0.236668 0.545197 0.136269 0.098238 0.763101
7 0.486198 0.494118 0.287371 0.254173 0.668891
7 0.236743 0.545198 0.136403 0.098393 0.517763
2 0.805877 0.506689 0.015286 0.014700 0.413195
9 0.638183 0.404913 0.012131 0.047838 0.394797
2 0.813745 0.505612 0.031103 0.017740 0.364556
7 0.668034 0.560037 0.220770 0.137804 0.352901
9 0.452577 0.302769 0.011775 0.041652 0.342810
0 0.237284 0.522793 0.017514 0.016149 0.329231
9 0.344078 0.313227 0.011320 0.038500 0.323295
2 0.751635 0.521459 0.012064 0.026340 0.316684
0 0.237135 0.522738 0.017687 0.016195 0.315502
2 0.742095 0.515801 0.031531 0.037292 0.296733
0 0.210180 0.520078 0.018752 0.016033 0.282215
9 0.171251 0.465879 0.008804 0.031273 0.260627
