2 0.612942 0.795133 0.695266 0.401901 0.957093
2 0.327716 0.663620 0.247519 0.209289 0.942513
2 0.668544 0.560531 0.221783 0.138509 0.903689
7 0.486259 0.493927 0.289071 0.252826 0.727946
2 0.294829 0.532397 0.097603 0.068124 0.607817
7 0.294801 0.532386 0.097815 0.067767 0.488025
2 0.806027 0.506940 0.015006 0.014452 0.419822
9 0.638203 0.404520 0.011912 0.046822 0.358719
2 0.814874 0.506007 0.032647 0.017578 0.312326
7 0.668483 0.560589 0.221371 0.138537 0.293333
9 0.452630 0.302791 0.011692 0.041623 0.287953
0 0.278872 0.517541 0.017085 0.014677 0.264930
9 0.343966 0.313208 0.011442 0.038634 0.257410
