2 0.612855 0.795147 0.695079 0.401089 0.956612
2 0.327717 0.663779 0.247710 0.208319 0.943484
2 0.667891 0.560336 0.221504 0.138321 0.897541
2 0.219778 0.546519 0.141045 0.101637 0.773094
7 0.486649 0.494163 0.287990 0.254197 0.603622
7 0.219737 0.546593 0.141227 0.101968 0.502167
2 0.805619 0.507149 0.015329 0.013964 0.411270
2 0.813636 0.505876 0.031057 0.017348 0.406170
9 0.638130 0.406032 0.012074 0.046777 0.374472
2 0.742459 0.515469 0.031468 0.037483 0.344534
7 0.667606 0.560374 0.220947 0.138158 0.335100
9 0.452565 0.302752 0.011773 0.041605 0.317063
2 0.750072 0.518039 0.015758 0.032836 0.306059
9 0.343996 0.313225 0.011388 0.038577 0.303923
0 0.193003 0.519798 0.017770 0.018049 0.293218
9 0.171146 0.466565 0.008899 0.031731 0.280573
0 0.219823 0.523158 0.018164 0.018425 0.278072
