2 0.612926 0.795289 0.695578 0.401744 0.957480
2 0.327553 0.663443 0.247278 0.210133 0.939966
2 0.669128 0.560012 0.221717 0.138023 0.893929
7 0.484918 0.494515 0.289992 0.254934 0.769253
2 0.319282 0.530482 0.049742 0.066908 0.588384
7 0.319315 0.530627 0.049867 0.067548 0.480071
0 0.717582 0.542190 0.027485 0.036784 0.459462
9 0.638240 0.404814 0.012286 0.050297 0.410762
7 0.669055 0.559937 0.221638 0.138051 0.322792
9 0.171413 0.466059 0.008686 0.031990 0.306827
0 0.555976 0.584375 0.022288 0.031947 0.305428
2 0.813357 0.506336 0.027555 0.016762 0.282459
9 0.452578 0.302769 0.011716 0.041660 0.281583
9 0.343800 0.313262 0.011571 0.038463 0.279212
