2 0.612745 0.795261 0.695361 0.401365 0.956590
2 0.327848 0.662998 0.247921 0.207703 0.941606
2 0.667623 0.560324 0.221410 0.138136 0.893679
2 0.114236 0.555543 0.183715 0.121705 0.814130
7 0.487053 0.493725 0.289680 0.255213 0.608549
7 0.114361 0.555947 0.183441 0.122698 0.480759
2 0.752396 0.516869 0.019128 0.032848 0.433676
9 0.638100 0.405001 0.011997 0.046847 0.384449
2 0.744806 0.515045 0.034591 0.038017 0.377896
7 0.667272 0.560544 0.221180 0.138334 0.357445
9 0.344048 0.313247 0.011379 0.038398 0.335267
9 0.452544 0.302821 0.011716 0.041470 0.312120
