2 0.612856 0.795003 0.694748 0.401557 0.956484
2 0.327705 0.664202 0.247195 0.209243 0.942206
2 0.668910 0.559674 0.221235 0.137065 0.907312
7 0.485703 0.495719 0.286964 0.250766 0.797282
2 0.173509 0.527334 0.084778 0.060732 0.499351
2 0.806090 0.506967 0.014636 0.014942 0.467824
7 0.173356 0.527230 0.084924 0.060936 0.447100
9 0.638203 0.406243 0.012795 0.054619 0.341820
9 0.452580 0.302664 0.011809 0.041800 0.266074
9 0.343833 0.313210 0.011555 0.038575 0.263006
2 0.813975 0.506093 0.029815 0.017451 0.250817
