2 0.612719 0.795268 0.694801 0.401062 0.956435
2 0.327676 0.664126 0.247368 0.208941 0.942997
2 0.669085 0.559733 0.220718 0.136545 0.907876
2 0.115479 0.527228 0.097783 0.059909 0.843843
7 0.485843 0.495491 0.287555 0.249844 0.798659
2 0.806336 0.507080 0.015108 0.014355 0.496001
7 0.115542 0.527414 0.097912 0.060393 0.371626
9 0.638267 0.406184 0.012542 0.051282 0.333733
2 0.148786 0.518455 0.031742 0.042311 0.312405
2 0.815611 0.505938 0.032843 0.017854 0.283401
9 0.343933 0.313204 0.011430 0.038588 0.256640
9 0.452537 0.302612 0.011844 0.041742 0.251972
