2 0.641578 0.707972 0.303158 0.313547 0.916613
2 0.465513 0.615478 0.158591 0.148580 0.846210
7 0.589107 0.488759 0.247942 0.180269 0.711500
2 0.726387 0.591558 0.174274 0.195768 0.670422
2 0.883110 0.537777 0.080335 0.040257 0.578037
2 0.868214 0.538300 0.049542 0.037834 0.466702
2 0.248991 0.533281 0.099727 0.039611 0.420618
2 0.181578 0.534498 0.042247 0.026556 0.277045
7 0.093364 0.521037 0.082509 0.052537 0.262885
2 0.902161 0.537230 0.041375 0.041929 0.261029
2 0.165504 0.524310 0.082467 0.045084 0.250661
