2 0.630459 0.786136 0.487333 0.425714 0.871886
2 0.391787 0.641463 0.208324 0.188534 0.864351
2 0.698435 0.576600 0.200767 0.169138 0.776919
2 0.823104 0.531895 0.038025 0.039612 0.764716
7 0.538473 0.487414 0.282600 0.214003 0.465732
2 0.176225 0.533198 0.107907 0.046122 0.436438
2 0.103970 0.535608 0.045676 0.027853 0.293974
2 0.020557 0.519424 0.040488 0.039969 0.268112
29 0.783348 0.023227 0.060049 0.025005 0.258913
2 0.068648 0.525365 0.065786 0.046016 0.254496
2 0.182781 0.538687 0.094128 0.034789 0.253780
