2 0.666383 0.649369 0.221474 0.221690 0.912030
2 0.523821 0.594244 0.109845 0.120005 0.680400
2 0.754200 0.574770 0.151630 0.162799 0.577759
2 0.832762 0.571199 0.038346 0.084946 0.570347
2 0.176044 0.518676 0.061536 0.048631 0.474643
7 0.631514 0.529572 0.223048 0.236981 0.407840
2 0.243240 0.523076 0.073406 0.044549 0.370650
2 0.323706 0.531599 0.089354 0.040032 0.347593
2 0.992785 0.546107 0.013681 0.024832 0.345428
2 0.938749 0.502941 0.019768 0.026568 0.274499
2 0.991940 0.544993 0.015046 0.040332 0.250257
