2 0.079159 0.576043 0.158318 0.106204 0.892048
2 0.804852 0.588615 0.162443 0.127439 0.888512
2 0.884710 0.560025 0.062924 0.060283 0.589821
2 0.977633 0.548898 0.044649 0.085908 0.435454
7 0.940295 0.515724 0.107507 0.122301 0.396910
7 0.976940 0.549723 0.045143 0.082856 0.363069
7 0.977009 0.524388 0.045361 0.135577 0.360035
2 0.741171 0.526786 0.050116 0.025465 0.334927
2 0.638295 0.516670 0.040453 0.033718 0.333143
7 0.924736 0.516189 0.075723 0.122413 0.312183
2 0.703980 0.528836 0.028431 0.021571 0.265211
