2 0.634409 0.664482 0.243965 0.245403 0.918679
2 0.722429 0.578357 0.142615 0.171057 0.759962
2 0.965556 0.536659 0.068844 0.044222 0.658972
7 0.611979 0.501748 0.218308 0.197334 0.638089
2 0.477663 0.597113 0.093490 0.125946 0.617212
2 0.150991 0.519192 0.067510 0.046920 0.599235
2 0.813129 0.569243 0.044140 0.089441 0.478328
2 0.301244 0.530680 0.095460 0.035984 0.391494
2 0.236844 0.533173 0.037762 0.025844 0.368396
2 0.787621 0.564934 0.073450 0.127535 0.351190
2 0.920840 0.506040 0.014958 0.017058 0.298334
2 0.829422 0.503577 0.022830 0.019866 0.260804
