2 0.661418 0.632276 0.208082 0.201044 0.895066
2 0.529742 0.586683 0.084048 0.109339 0.681795
2 0.210803 0.520013 0.059093 0.044253 0.631618
7 0.651352 0.493915 0.203790 0.151088 0.582781
2 0.831606 0.566800 0.050709 0.081508 0.570772
2 0.743089 0.570233 0.123059 0.147582 0.545050
2 0.355753 0.530717 0.087275 0.036716 0.368766
2 0.802816 0.563510 0.067893 0.120089 0.350028
2 0.757152 0.591872 0.087974 0.110977 0.277017
2 0.293944 0.531597 0.034654 0.024915 0.257543
2 0.971043 0.508428 0.021347 0.016760 0.253421
