2 0.607481 0.692892 0.276010 0.291134 0.933674
7 0.578564 0.491441 0.228176 0.184014 0.672637
2 0.447276 0.605729 0.123410 0.137062 0.659695
2 0.698624 0.586918 0.151834 0.186248 0.621975
2 0.259786 0.532459 0.094593 0.037363 0.539424
2 0.193798 0.532552 0.043302 0.027533 0.475797
2 0.927880 0.535905 0.047117 0.047813 0.470103
2 0.888503 0.539327 0.060429 0.036163 0.439612
2 0.778955 0.571492 0.068618 0.126245 0.423672
2 0.105333 0.521964 0.074436 0.049452 0.411206
7 0.580385 0.531855 0.228380 0.261494 0.397486
2 0.903917 0.539035 0.091478 0.040467 0.289732
