2 0.625397 0.674601 0.254403 0.260181 0.918641
2 0.463299 0.603110 0.095426 0.123426 0.637772
2 0.715093 0.582517 0.148637 0.179150 0.635253
2 0.949770 0.538163 0.097299 0.047293 0.629865
2 0.134032 0.520148 0.068709 0.046541 0.616008
2 0.221614 0.532626 0.039546 0.026469 0.547440
7 0.601060 0.496256 0.221476 0.195533 0.537955
2 0.284859 0.531236 0.093848 0.036991 0.433876
2 0.781255 0.566015 0.068567 0.126782 0.432667
2 0.804931 0.570497 0.045317 0.090022 0.392056
2 0.267187 0.530506 0.056266 0.036315 0.366941
2 0.988248 0.545546 0.022896 0.036599 0.341761
7 0.600026 0.536474 0.222707 0.268356 0.306239
2 0.908910 0.505878 0.015937 0.020533 0.258483
