2 0.666673 0.623062 0.197908 0.190015 0.925162
2 0.539834 0.582976 0.079822 0.100938 0.701331
2 0.746978 0.566523 0.120421 0.147182 0.691296
2 0.801422 0.560871 0.057947 0.119114 0.446286
2 0.228437 0.517522 0.065158 0.045792 0.433810
2 0.831746 0.563390 0.056636 0.084038 0.432824
7 0.657770 0.486589 0.199056 0.133123 0.428459
2 0.838211 0.563626 0.044632 0.073359 0.400703
2 0.369289 0.528285 0.082852 0.036101 0.351005
2 0.307031 0.529420 0.033782 0.024928 0.304640
2 0.845494 0.563413 0.031612 0.073287 0.284616
2 0.765672 0.560476 0.131684 0.129130 0.257039
5 0.657381 0.484324 0.197598 0.132248 0.253517
