2 0.634296 0.666663 0.247483 0.250477 0.924370
2 0.474217 0.598716 0.091925 0.122521 0.755033
2 0.721442 0.579335 0.144277 0.171763 0.749294
2 0.961493 0.537701 0.076883 0.042513 0.611283
2 0.147490 0.518826 0.068576 0.048725 0.605395
7 0.610153 0.506089 0.218228 0.210088 0.529794
2 0.300307 0.530690 0.085740 0.037036 0.505797
2 0.236608 0.532642 0.031983 0.025205 0.380903
2 0.812927 0.568822 0.043242 0.090093 0.359804
2 0.787271 0.564850 0.072505 0.127344 0.300339
2 0.918064 0.503203 0.014932 0.020217 0.299916
