2 0.678676 0.619133 0.192993 0.179694 0.906177
2 0.760263 0.565273 0.112863 0.140091 0.858073
2 0.561540 0.579007 0.071877 0.098164 0.756402
2 0.257339 0.519404 0.057629 0.041732 0.565262
7 0.677561 0.491301 0.191363 0.135336 0.540906
2 0.848765 0.562333 0.054061 0.073828 0.506691
2 0.820148 0.560376 0.066119 0.114272 0.467055
2 0.858623 0.562797 0.034518 0.070114 0.344851
2 0.337697 0.530816 0.032912 0.022320 0.318152
2 0.394918 0.527968 0.083644 0.036312 0.312481
2 0.380843 0.527222 0.056375 0.032833 0.289046
2 0.786361 0.558063 0.138778 0.115888 0.262405
