2 0.595284 0.726077 0.323960 0.345400 0.929203
2 0.423983 0.617972 0.151820 0.152103 0.709451
2 0.693597 0.596034 0.169873 0.205787 0.682485
7 0.563649 0.491150 0.249535 0.192705 0.593621
2 0.860851 0.537045 0.067688 0.042829 0.586812
2 0.868960 0.539290 0.051754 0.039431 0.551022
2 0.232010 0.533958 0.100128 0.038980 0.494991
2 0.160342 0.535356 0.045569 0.026947 0.338751
2 0.127492 0.524946 0.053942 0.046088 0.315459
2 0.766159 0.577359 0.067297 0.150777 0.288704
2 0.875559 0.539290 0.037282 0.038215 0.255419
2 0.781509 0.571589 0.051313 0.119286 0.251112
