2 0.598393 0.722098 0.314878 0.339371 0.936025
2 0.697201 0.595208 0.170038 0.201825 0.743429
2 0.429772 0.616310 0.148739 0.150374 0.708662
2 0.868162 0.536035 0.071457 0.045359 0.627456
7 0.578579 0.497351 0.267747 0.199904 0.524554
2 0.237849 0.535240 0.100400 0.037208 0.512038
2 0.791849 0.576356 0.036609 0.094060 0.312444
2 0.167079 0.535413 0.046898 0.028202 0.270681
2 0.779117 0.504728 0.023639 0.021763 0.258427
2 0.163136 0.531120 0.055351 0.035977 0.258065
2 0.079565 0.522022 0.082929 0.051696 0.251689
