2 0.670893 0.619290 0.192413 0.177390 0.901291
2 0.768277 0.561593 0.104180 0.127440 0.640623
2 0.578966 0.569663 0.056909 0.096830 0.634168
2 0.857334 0.561886 0.058328 0.072935 0.548920
2 0.796612 0.555476 0.116347 0.112132 0.473407
7 0.695546 0.482613 0.188111 0.109752 0.389180
2 0.288420 0.518430 0.054774 0.041444 0.378166
5 0.695641 0.481992 0.186446 0.109856 0.378065
2 0.365899 0.528906 0.033346 0.023623 0.352920
2 0.423926 0.529223 0.080032 0.035222 0.297005
2 0.822861 0.556654 0.065437 0.108801 0.287505
2 0.868324 0.560353 0.036908 0.066348 0.268572
