2 0.665534 0.625479 0.199036 0.192473 0.903623
2 0.536628 0.582297 0.080975 0.105366 0.653124
2 0.745592 0.566071 0.120397 0.147449 0.642284
2 0.219826 0.519331 0.055982 0.042310 0.554781
7 0.655811 0.488783 0.199513 0.139290 0.488473
2 0.800560 0.560439 0.056068 0.120592 0.455082
2 0.831703 0.563913 0.055305 0.082080 0.394436
2 0.304661 0.529480 0.034430 0.025168 0.326844
2 0.976591 0.504653 0.024084 0.020427 0.319155
2 0.364121 0.527652 0.084259 0.036491 0.313808
2 0.840741 0.563771 0.038449 0.073389 0.309268
2 0.349757 0.527812 0.055922 0.034638 0.278557
