2 0.638877 0.657179 0.235537 0.234659 0.888676
2 0.486168 0.597649 0.086732 0.117427 0.816080
2 0.723675 0.578411 0.138358 0.165859 0.728161
7 0.619491 0.495192 0.215762 0.174811 0.669619
2 0.163303 0.520836 0.066455 0.050211 0.588463
2 0.817003 0.569215 0.041981 0.083278 0.559887
2 0.310523 0.532176 0.093180 0.033729 0.510036
2 0.978929 0.545026 0.041748 0.047272 0.452360
2 0.784442 0.567166 0.060494 0.128037 0.411680
2 0.292412 0.531771 0.056330 0.033341 0.400353
2 0.929420 0.507606 0.016473 0.017079 0.364663
2 0.247883 0.534340 0.035004 0.024667 0.335421
