2 0.671392 0.618573 0.190633 0.173723 0.926581
2 0.764340 0.562639 0.107007 0.130859 0.771535
2 0.573394 0.575160 0.065239 0.093073 0.737774
2 0.853290 0.560484 0.055979 0.075578 0.545944
7 0.688056 0.483636 0.187394 0.113436 0.542308
2 0.275142 0.519802 0.055795 0.042324 0.441408
2 0.862745 0.560704 0.037613 0.069985 0.421647
2 0.842591 0.560572 0.035172 0.072659 0.355107
2 0.820247 0.558889 0.058942 0.109572 0.349421
2 0.355201 0.530367 0.034412 0.024772 0.294106
2 0.411970 0.530792 0.083179 0.034433 0.289336
2 0.397989 0.529339 0.057380 0.031100 0.255902
