2 0.602925 0.704388 0.291906 0.310437 0.928613
2 0.423558 0.609131 0.106833 0.141713 0.740150
2 0.700307 0.589039 0.160276 0.196195 0.726131
7 0.570513 0.496564 0.228825 0.194854 0.634943
2 0.246748 0.531608 0.093582 0.038949 0.478182
2 0.882724 0.536629 0.081088 0.041406 0.471221
2 0.779371 0.567639 0.064213 0.118172 0.453194
2 0.896463 0.538081 0.054997 0.042260 0.420376
2 0.770742 0.576545 0.072780 0.155639 0.416945
2 0.791941 0.572988 0.038394 0.090135 0.386017
2 0.180844 0.533171 0.044043 0.027041 0.366155
2 0.865365 0.536499 0.047843 0.039388 0.288308
7 0.090409 0.520808 0.073708 0.051423 0.265972
