2 0.616374 0.683613 0.261090 0.274420 0.916018
2 0.452516 0.605479 0.099158 0.133619 0.764110
2 0.933164 0.539106 0.102759 0.047584 0.718201
7 0.591764 0.501681 0.221635 0.201257 0.679893
2 0.706656 0.585939 0.145450 0.181468 0.659425
2 0.274532 0.532217 0.096680 0.036082 0.507928
2 0.208826 0.534243 0.039541 0.026343 0.495016
2 0.798236 0.572758 0.045450 0.097126 0.376940
2 0.120427 0.521087 0.072103 0.051725 0.345752
7 0.120707 0.520784 0.071131 0.050972 0.308106
7 0.614686 0.684827 0.264050 0.272779 0.276082
2 0.778917 0.574480 0.058025 0.133934 0.256964
