2 0.644518 0.597844 0.234389 0.214549 0.777036
2 0.496895 0.795765 0.684212 0.406749 0.755626
0 0.228416 0.556345 0.037322 0.096228 0.551552
2 0.798877 0.507436 0.021576 0.021332 0.520852
2 0.291059 0.662982 0.235210 0.200322 0.514852
2 0.118510 0.536880 0.112707 0.040663 0.488467
7 0.469821 0.493345 0.294507 0.245243 0.472749
7 0.395056 0.567840 0.447131 0.395611 0.453623
2 0.037577 0.536669 0.052196 0.035600 0.419446
7 0.458052 0.542149 0.318758 0.340839 0.330237
0 0.227668 0.546416 0.033475 0.074448 0.320069
