2 0.645096 0.597849 0.233720 0.215652 0.811493
2 0.499173 0.794656 0.685699 0.409054 0.719946
2 0.788561 0.522792 0.032624 0.036487 0.627963
2 0.289545 0.661686 0.235537 0.199718 0.543553
7 0.397905 0.565693 0.453493 0.394186 0.518826
2 0.119163 0.537120 0.112903 0.038279 0.464963
7 0.471249 0.491908 0.302468 0.247059 0.450222
0 0.908853 0.534847 0.022181 0.066606 0.388127
0 0.912381 0.532759 0.019007 0.064609 0.354302
7 0.463044 0.559109 0.325273 0.380643 0.319075
2 0.037303 0.536171 0.051437 0.035173 0.299917
