2 0.7205485771068774 0.6303728365771134 0.24106085874883798 0.3079540477526484 11.03125
2 0.04345494680213555 0.5160843407075361 0.0869098936042711 0.05295540933920434 48.00480651855469
2 0.38754457692163125 0.6540771439722903 0.2797848325148189 0.24434495128952272 9.947457313537598
2 0.1377495403997368 0.5216825124519624 0.12172292586578883 0.048093371559972786 43.65895080566406
2 0.5195510763920651 0.4927083331592255 0.2870217652106752 0.37709415712271765 16.221843719482422
2 0.6918103910604796 0.7689534426444776 0.613879217879041 0.45875978137771134 4.628516674041748
0 0.9664356754164007 0.5094944019384617 0.01072292655370688 0.052336449336491064 46.90414047241211
9 0.36421377327555404 0.2974534271306865 0.014702804280475268 0.042782252936939824 26.246301651000977
9 0.2776208998886726 0.30482993441437867 0.015021836474338413 0.04099984278087476 27.80371856689453
9 0.47447563542905014 0.2880597109519585 0.014193243664583133 0.04506680822238146 24.76712417602539
