2 0.8467786836294471 0.5350133957990307 0.04871768276359101 0.04298743054795029 46.587501525878906
2 0.7304313545627118 0.6187369689853717 0.19216223942169863 0.2455724327866568 13.13880729675293
2 0.115936830559841 0.5279496633863319 0.0955989119068778 0.049225406222627055 49.8724479675293
2 0.46549396348099253 0.6355379461251061 0.22068574033371358 0.1897686906396513 12.073053359985352
2 0.7751610348070586 0.5872455144256925 0.11122528327341408 0.11269798432071343 19.36178970336914
2 0.21130623485330446 0.5335745422531224 0.11098735779576752 0.04498565048338199 45.62139892578125
2 0.5730434923583512 0.5084232004689491 0.2527573329111011 0.3202809808652722 18.37760353088379
2 0.748118334057079 0.7711384988240644 0.486142723545652 0.4543896690185377 6.704914093017578
9 0.4257136929199653 0.3287594546137874 0.013216614717424247 0.03881992342452062 28.337160110473633
9 0.34665672385723145 0.3355695009454891 0.013336067144153085 0.03714033367904951 29.8514461517334
9 0.5268209211061294 0.32004912641629235 0.012983265545361555 0.04098115891721993 26.887638092041016
