2 0.7205424085624542 0.6291137450071083 0.24107135928299317 0.30795040982810135 11.029693603515625
2 0.043449075985521037 0.5152280887734042 0.08689815197104207 0.052940274663635045 48.00379180908203
2 0.387498933478603 0.6529966769309797 0.27985718854046726 0.24427511274736302 9.946008682250977
2 0.13772709840973796 0.5207895494787765 0.12174675408011962 0.04806874237100134 43.65782928466797
2 0.5194850803079805 0.491573174854819 0.2871020934772758 0.3771433162935606 16.220417022705078
2 0.6916944374331901 0.7683697961243319 0.6141111251336198 0.45992707441800273 4.626838207244873
0 0.9674597716236472 0.50814452776502 0.010800169423378136 0.052149510552822964 47.09439468383789
9 0.36412348455607696 0.2964253918688512 0.014718196023434937 0.04279915540371987 26.245174407958984
9 0.2775163900829833 0.3038360056549985 0.015039285884791753 0.041014985565233864 27.802654266357422
9 0.4744051708500183 0.28698809689544624 0.014205667994240334 0.04508608580873291 24.76593017578125
