2 0.07886056628030019 0.5223523691993746 0.08755926570913139 0.04974393093765739 54.8207893371582
2 0.87446651363608 0.5361855305068686 0.07173373320393117 0.04552531552936523 45.130191802978516
2 0.7424582043001419 0.6080584978098539 0.18355679850674278 0.22518142389673468 14.095977783203125
2 0.15187501425692995 0.5257133797037526 0.09156652282059517 0.04769285257279088 50.743263244628906
2 0.4962136189996066 0.6229680268213564 0.2022642021102508 0.17195041570212766 13.045059204101562
2 0.7892416558969342 0.5826085793460928 0.10907506806338829 0.10713569668560163 20.311649322509766
2 0.24386319520661634 0.5313252054597088 0.10685492065882735 0.04369845586853871 46.53081512451172
2 0.5966254132694395 0.5070433888220381 0.24122164569810828 0.30014336608151254 19.357032775878906
2 0.734313776683927 0.7586224839571409 0.3952568490765218 0.43956713243225487 7.658104419708252
9 0.453007241386 0.33382349612629214 0.012709605931285006 0.037365231918895014 29.297077178955078
9 0.3767835155703355 0.3404551850593437 0.012762878907926156 0.03571657349869978 30.796005249023438
9 0.5507011869820384 0.325323001061749 0.012568091555947514 0.03949106799003088 27.8564395904541
