2 0.04019006139362891 0.5247377819134867 0.08038012278725783 0.05166511289940967 53.83913040161133
2 0.8437996458361062 0.5345793306560886 0.04638428485745627 0.04268316656537219 46.82753372192383
2 0.7301688520336939 0.6204609317993779 0.19530871140943207 0.24963034478794566 12.973384857177734
2 0.11054543412709583 0.5280592347073965 0.09626046857215809 0.04948264461352481 49.72184371948242
2 0.4608535008781863 0.6376327600698478 0.22424007491276476 0.19322986980050372 11.904740333557129
2 0.20647148653356662 0.5336825779071774 0.11167762361735645 0.04520406996206228 45.464019775390625
2 0.5697913078118193 0.5083455107905864 0.2549551307658966 0.32411622630045395 18.207948684692383
2 0.749389966237652 0.7714651793715166 0.498720067524696 0.4537363079236333 6.540604591369629
9 0.42175473204232106 0.3275329114439802 0.01330773172429961 0.039087195276500675 28.171003341674805
9 0.34218913693649683 0.33439322864603854 0.013436819287005908 0.03739847990708256 29.688011169433594
9 0.5234931249727293 0.31875994975529287 0.013060775784593193 0.04125983560147389 26.71992301940918
