2 0.8042772967992906 0.5218464967424673 0.033765408241355654 0.03669816309262508 54.491851806640625
2 0.7202522668301933 0.6424675321074582 0.2404284633589635 0.30801599152037934 11.046103477478027
2 0.04344652891300123 0.5263475915788292 0.08689305782600246 0.05299777568205155 48.017242431640625
2 0.3877251571800255 0.6656107615330185 0.27941271406349 0.24504194049531525 9.962800025939941
2 0.13781067512448214 0.5320102838088905 0.12156816729044403 0.048154668595877026 43.67210388183594
2 0.5196392573980948 0.5042939260881317 0.28641870308395434 0.37662284521157585 16.236129760742188
2 0.6922165700405146 0.7749651744002279 0.6130668599189708 0.4467363178662106 4.644781112670898
2 0.973757684357296 0.5357984519570174 0.04998463128540798 0.06587175078239016 36.48283386230469
0 0.9678511525563627 0.5195756569198176 0.008947995315562896 0.051616337562224834 47.583648681640625
9 0.3645595664694142 0.30848301237309916 0.014617558696446875 0.04261802139492177 26.258281707763672
9 0.2781245125877838 0.3157677616023269 0.014912776328719068 0.04084913296078546 27.81548309326172
9 0.4746007099292928 0.2992078269045415 0.014141907042860113 0.044884462021886506 24.77922248840332
