2 0.7240960876528187 0.6382615469611553 0.22719911332386866 0.2905236001455765 11.551730155944824
2 0.05659186219300752 0.5273591722428547 0.1030322473304259 0.05207841855662276 48.45349884033203
2 0.41067091526372557 0.658451936704227 0.26213332304386977 0.22914289966734425 10.467549324035645
2 0.7570604737827038 0.5932096424735971 0.11717991142334216 0.12385609689867771 17.784711837768555
2 0.1580910842996699 0.5332639945763911 0.11862511453872562 0.04747127597230871 44.13294982910156
2 0.5351651687136617 0.5073427296989432 0.27719873772561204 0.36126812400974107 16.751977920532227
2 0.7145409422623344 0.7747418586901014 0.5684181154753312 0.44718294928646396 5.138058662414551
0 0.976078111746125 0.5247072140051403 0.009642210888091918 0.052433480853696146 47.0585823059082
9 0.38194285264693373 0.3152646607490689 0.014255283653999695 0.041589978254162496 26.754650115966797
9 0.29750268943486635 0.3222496616836991 0.014487914831063875 0.03984170940746379 28.299522399902344
9 0.48960929582926427 0.30635745066519837 0.013864843576934682 0.04383293463064858 25.285064697265625
