2 0.7202169653174211 0.6440631458779089 0.240353716440861 0.3080281489599676 11.048063278198242
2 0.04344492704049892 0.5276734555734736 0.08688985408099784 0.053005404624309804 48.01885986328125
2 0.38774998239081093 0.6671170115168952 0.27936119034679074 0.24513596010531502 9.964810371398926
2 0.13781835579944618 0.5333487323663849 0.12154736899552529 0.04816575273327817 43.67382049560547
2 0.5196573350292074 0.5058117762072195 0.286339187919919 0.37656585796321496 16.238012313842773
2 0.6922751978108351 0.775751842893695 0.6129496043783298 0.4451629808792765 4.646923065185547
2 0.9580570754416688 0.5368076222764419 0.05139876728595738 0.06547287149794401 36.34381866455078
0 0.9674746254772124 0.5208499645886567 0.009316789993956798 0.05144272706520453 47.73147964477539
9 0.3646107995326119 0.3099192177657293 0.014605578199786307 0.04259699776465625 26.259855270385742
9 0.2781957750829297 0.31718873884215965 0.014897721542020181 0.04082990114844487 27.81702423095703
9 0.474623907014301 0.3006636361869486 0.014134306002507202 0.044861035308250086 24.78081512451172
