2 0.12055397022257455 0.5215571495412712 0.08305384119839561 0.047739751094812266 55.9806022644043
2 0.9253723407871589 0.5378876019584538 0.10601375003161073 0.04888477260703861 43.62046432495117
2 0.7518779565788345 0.5963870686524866 0.17497769250129724 0.2019930466150347 15.372239112854004
2 0.19047317028247696 0.524723255248027 0.08718904911122527 0.04584512131177787 51.94348907470703
2 0.5259221326368767 0.6100265081916134 0.1828387086509788 0.15275023470357763 14.354072570800781
2 0.80073944796127 0.5770079785644282 0.1061228246387963 0.10014530098680074 21.575347900390625
2 0.2787814229609582 0.5300748859765305 0.10227152419900543 0.04204205778635095 47.77583312988281
2 0.6194484627006913 0.505975406380171 0.22805001849598228 0.2767778365375142 20.667030334472656
2 0.7192001259987892 0.706849012040871 0.3147895652517776 0.34588329147250974 8.936753273010254
9 0.4812271397543373 0.34086140445691554 0.012085857444003867 0.035613440599895796 30.593416213989258
9 0.5747481896914539 0.33250734155330897 0.012029221284969416 0.03766731414512342 29.157323837280273
