2 0.023511368764219193 0.5238357515777741 0.047022737528438385 0.053500326148095634 53.02383804321289
2 0.8271757857313287 0.5327122907819546 0.03894507997029795 0.04158458567750667 48.298030853271484
2 0.7287592009495736 0.6321721400480935 0.215810839102769 0.2757636286090514 12.0319185256958
2 0.07792148520185771 0.5273855994494666 0.10042562890119121 0.05115057216889385 48.87179183959961
2 0.431438056684471 0.6507998791111609 0.24766073946756073 0.21568284799083304 10.948580741882324
2 0.17725742190207516 0.5332916455984025 0.11598632527582296 0.04670430389354996 44.573883056640625
2 0.5497534091876877 0.5079938226894465 0.2690948088395415 0.34789737371550133 17.242029190063477
2 0.7309338726249808 0.77362612428661 0.5356322547500385 0.4494144180934464 5.609403610229492
0 0.9874369754204448 0.5259226834864987 0.010104651399751918 0.05248308418624026 47.28675079345703
9 0.39811546898370054 0.31975362123004925 0.013926011881030653 0.04069261641982097 27.228017807006836
9 0.31545124424205057 0.32665422388335286 0.014114691149391567 0.038957341973874626 28.761943817138672
9 0.5036755295490623 0.3109408359671442 0.01359525749224938 0.04292216153992001 25.766576766967773
