2 0.8376366245591864 0.531910559560038 0.04141182767993257 0.041970598698738315 47.56706237792969
2 0.7317083040430542 0.624273846608357 0.20515150818638173 0.26210406302478634 12.50282096862793
2 0.09682401032386341 0.5269889679876093 0.09803241862519138 0.05019252806884 49.29281234741211
2 0.44894080397302416 0.6425225255259523 0.23497675140001845 0.20371891922319996 11.425127029418945
2 0.19425355667367833 0.5326093339119815 0.11355637918657266 0.04581400955137982 45.015586853027344
2 0.5620868069255602 0.5066442885235526 0.26155052658101796 0.33566493025577576 17.724605560302734
2 0.7426528687696436 0.7717195334765394 0.5121942624607129 0.4532275997135877 6.074037075042725
9 0.41191650142781583 0.32254566655120265 0.013571460205135555 0.039881790797606564 27.697847366333008
9 0.33087726552878055 0.32958229177891174 0.013722246034627905 0.03815889621395119 29.2226505279541
9 0.515521203017091 0.31354879417445697 0.013293127044178843 0.04209833365022542 26.242385864257812
