2 0.804204686622292 0.52120690669703 0.03403584103830093 0.03702091311164546 54.09242248535156
2 0.7202751022925232 0.6413706240434942 0.24047932221959445 0.3080067311969357 11.044772148132324
2 0.04344759773769222 0.5254346878010631 0.08689519547538443 0.05299266879182324 48.01614761352539
2 0.3877079938610539 0.664574118910618 0.27944702795355664 0.24497640486583871 9.961435317993164
2 0.13780536397627732 0.5310890326599469 0.1215823589680211 0.048147257507347496 43.67094421386719
2 0.5196269181231127 0.5032503018229176 0.28647294032937426 0.37666150099848233 16.23485565185547
2 0.6921762877934861 0.7744240385854491 0.6131474244130279 0.44781858949576836 4.643324851989746
0 0.968007898056569 0.5186756095828169 0.009206678195920137 0.051704777649928535 47.509437561035156
9 0.364524640855861 0.30749511123911233 0.014625721366361033 0.042632479078338004 26.25721549987793
9 0.27807585611866614 0.31479007898179445 0.01492305585526782 0.04086236365888324 27.814437866210938
9 0.47458499969389056 0.298206767769191 0.014147054554943361 0.04490056504090045 24.77814292907715
