2 0.14434246962461286 0.521878144498289 0.08081940351355758 0.0468334763518895 56.57651901245117
2 0.9524920671409494 0.540995709334333 0.09251586571810122 0.05045815195257797 43.23197937011719
2 0.7606286915654574 0.5933935247627703 0.17143288522176992 0.19253439293646474 16.025562286376953
2 0.21265498178565015 0.525109451399628 0.08503667221584393 0.04499449797848187 52.55936813354492
2 0.5432773725415485 0.6060190749981511 0.17468939189713828 0.14469360329078362 15.022794723510742
2 0.8103844241119172 0.5765614158712056 0.10502897086995855 0.09723965670350643 22.22201919555664
2 0.29908947965806953 0.5305051884745151 0.10004238944471877 0.04134268776116656 48.41365051269531
2 0.6339923346887577 0.5072558036083175 0.2225174927825645 0.26646887311748635 21.33571434020996
2 0.7199005472429627 0.6900141982878443 0.28615248232179236 0.31292315424488204 9.592864036560059
9 0.5900301980725932 0.3374488457189879 0.011817782817229228 0.03680759345032941 29.821680068969727
