2 0.7227368563781844 0.6397637674180378 0.23773929776802738 0.3040052714491446 11.158881187438965
2 0.046689298963427356 0.5243847048472895 0.09337859792685471 0.05277352506450539 48.1125373840332
2 0.39464540363576817 0.661790719504256 0.27508981776596514 0.24110553437310822 10.074226379394531
2 0.7527854496599612 0.5907308962501299 0.11982414109740436 0.12669753749695867 17.393678665161133
2 0.14403367346240492 0.5301914922870102 0.12070563949805732 0.04802053166163667 43.77314376831055
2 0.5247683091482226 0.5030760133949344 0.28425621578923743 0.373135663513697 16.350866317749023
2 0.6989936546085551 0.7738828485859024 0.5995126907828898 0.4489009694948619 4.754115104675293
0 0.9699806996237462 0.5199410827212083 0.010444066549174957 0.05244785304377664 46.8929328918457
9 0.3700189991555106 0.3080978684523906 0.014509973952070543 0.04239543036611554 26.36836814880371
9 0.28406683375992214 0.31527431497109937 0.014773861082433726 0.04062423902855716 27.92249870300293
9 0.4795235821782423 0.29895391955098805 0.014083145351850623 0.044666328015953494 24.891830444335938
