2 0.0973032892006913 0.5238450166407145 0.0855777981360066 0.04882155489595702 55.26270294189453
2 0.892529309266843 0.5374218619085822 0.08624578204111022 0.04695330098342698 44.48495101928711
2 0.7480979546401771 0.6042299516715317 0.18003105754709525 0.21571796327642823 14.587650299072266
2 0.1689727255836863 0.5269942396359808 0.08965839286307198 0.04687602355997689 51.20131301879883
2 0.5100222613712334 0.6189330374156616 0.19407466072135532 0.164066058098284 13.548196792602539
2 0.7956953382649539 0.581191787166641 0.1079151369786665 0.10432903596058773 20.79880142211914
2 0.2593900312519784 0.5323656727417874 0.10488830625859336 0.042936587448269226 47.006919860839844
2 0.6074324450460298 0.5076859617222476 0.2357061773747292 0.2907698183538695 19.861286163330078
2 0.729416743186851 0.7372030363348101 0.3599811668060817 0.39849018113177725 8.149981498718262
9 0.46564340531782406 0.3379094077814427 0.012426464161261475 0.03665799831499539 29.79441261291504
9 0.3907928966509705 0.344631737965417 0.012454745846360138 0.035025040767576954 31.28717803955078
9 0.5616644515893772 0.3292849281362895 0.012320224365436894 0.03876570327996798 28.356304168701172
