2 0.030982158387102467 0.5237226015859074 0.061964316774204935 0.05265707790760249 53.294158935546875
2 0.8360339991877036 0.5314624810097132 0.04021384385181759 0.04181293736817526 47.81669616699219
2 0.732627783554678 0.6261268003374535 0.20858544128882206 0.26645375236815777 12.35111141204834
2 0.09257386772952746 0.527016985276434 0.09860962844864671 0.050427220711683374 49.1544303894043
2 0.44518517481433173 0.6446932847833591 0.23869504906521838 0.20739172748445256 11.27033805847168
2 0.1904846755246917 0.532645691226663 0.11416918903304557 0.04601978997081091 44.87089157104492
2 0.5597862150580306 0.5065435826492766 0.26378677134827105 0.3395909766403969 17.568510055541992
2 0.7403950173651186 0.7720615768426957 0.5167099652697629 0.45254351298127515 5.924039840698242
9 0.4089284105966939 0.32132377103346443 0.013660641848666999 0.04014056683942996 27.545034408569336
9 0.3274074310883623 0.3284138808810093 0.013818923425285456 0.03840594921453783 29.072402954101562
9 0.5131475666642643 0.31225863466877735 0.013371394040370799 0.04237224964117464 26.088136672973633
