2 0.08646363494965337 0.5232671615183312 0.08679020221632379 0.049403774053266014 54.962890625
2 0.8815772974459374 0.5370028763199736 0.07648215369333888 0.046056724762667756 44.903594970703125
2 0.7458471076798734 0.6072780747567197 0.1824248907567031 0.22207594386966878 14.257485389709473
2 0.15894789816803784 0.5265528766127316 0.09083695023178293 0.04739734355026026 50.890933990478516
2 0.502249678388596 0.6220521672019792 0.19945010063677376 0.16932784186561867 13.209210395812988
2 0.7928550376538681 0.5825816135203512 0.10875625578155768 0.10626895622487731 20.471847534179688
2 0.2503340435591199 0.5320811448440248 0.10612018513725235 0.043429751931883476 46.68479537963867
2 0.6015818039356013 0.5076831454417393 0.23937747241838392 0.2970784052364103 19.522064208984375
2 0.7344511430193907 0.7518263089583583 0.3833495334174707 0.42568717691353053 7.819448947906494
9 0.458459558271468 0.33561016518017384 0.012611287818551142 0.037125136871744624 29.45894432067871
9 0.3827099331449364 0.3422948389019327 0.012653987554823665 0.03547735770406957 30.95547103881836
9 0.5556012708856577 0.3270368706083756 0.012484264434381886 0.039251161267581935 28.01961898803711
