2 0.7217383789029399 0.6373821562278266 0.24023286381634879 0.3071394231764803 11.066720962524414
2 0.04460192418590042 0.5216730908579696 0.08920384837180084 0.052930277634290646 48.03376007080078
2 0.3900323697107885 0.6601973860072706 0.27844203652363836 0.24384246428595358 9.982410430908203
2 0.7510835920181607 0.5876480735129284 0.12040915468543989 0.1272234956276722 17.30191993713379
2 0.14000734668632572 0.5274023960694134 0.12133696463897808 0.0481221611446202 43.68979263305664
2 0.521585539747696 0.4995736030262691 0.28607814815067223 0.3760066495949676 16.25716781616211
2 0.6942715137959887 0.7723996882519248 0.6089569724080226 0.4518672901628168 4.664004802703857
0 0.9678580093785768 0.5163172830120989 0.010571984132892176 0.05241280051167235 46.87282943725586
9 0.36645573574752155 0.30409418344741557 0.014603851745412955 0.04262303003948004 26.27887535095215
9 0.2800955602230428 0.31135432988152956 0.014903541195825987 0.040846235556194876 27.835317611694336
9 0.4764477712392674 0.29484656062850323 0.014129128591633455 0.04490057670360742 24.800525665283203
