2 0.7232316067273383 0.6389195741956794 0.23087390678230124 0.2952018895966411 11.408888816833496
2 0.051233165540703854 0.5264079867375966 0.10246633108140771 0.05233667962530475 48.32956314086914
2 0.40465928099724624 0.6597383212150586 0.2667063451271187 0.23336482281762794 10.324585914611816
2 0.755195122072224 0.5924393263860684 0.11810244737271802 0.12486351472391255 17.642539978027344
2 0.152714675053013 0.5322792682633775 0.11938268275040326 0.0476750377335613 44.00217819213867
2 0.5311340417909487 0.505946770644307 0.2797112688595963 0.3654763444093111 16.606216430664062
2 0.7091278654882692 0.7744931606508212 0.5792442690234616 0.4476803453650243 4.998231410980225
0 0.9734928164384336 0.5231352592245022 0.010011449442856923 0.05243600162842954 46.992706298828125
9 0.37737076779596856 0.3128097620264354 0.014348266466636006 0.04187832732749858 26.61423110961914
9 0.29238227822477825 0.3198568141816469 0.014591485847617491 0.04012314289005048 28.162456512451172
9 0.4856976595356949 0.30382663535828214 0.013943440529909534 0.04412946605236523 25.14212417602539
