2 0.05842480075775731 0.5219968158137331 0.089668629873273 0.05056488820295174 54.41304016113281
2 0.8579072951051403 0.5340000405866174 0.058418256770877086 0.04403708033506315 45.86082458496094
2 0.734488325427237 0.6113464640629762 0.18686422186006735 0.23442312517945818 13.629264831542969
2 0.13292265074545156 0.5253429491310422 0.09357637776766689 0.048447306700097004 50.31907653808594
2 0.4800113987285346 0.6272138929849951 0.21076862131457963 0.18006598203767143 12.571545600891113
2 0.22661553405662038 0.5309579608527999 0.10890140182705257 0.04432387303327656 46.08790588378906
2 0.5837192857196004 0.5061366098348361 0.24658747379658702 0.3095106633750402 18.88010597229004
2 0.7373123983450288 0.7689629698063433 0.43422275339087446 0.45874072705398006 7.192712306976318
9 0.43835628617677486 0.32989848486484524 0.012951973325453392 0.03807387173043164 28.82986831665039
9 0.3607547063757567 0.33659737270279017 0.01303730994368596 0.03641456435625401 30.336214065551758
9 0.5376830487961812 0.32132335104057425 0.012766373179159629 0.040210642911706396 27.384899139404297
