2 0.7206029454771201 0.6266902435795063 0.24120477313377742 0.30794787882141783 11.02670955657959
2 0.043446386419775884 0.5131608071260929 0.08689277283955177 0.0529334992397123 48.00128173828125
2 0.38745734778862984 0.6506823321047361 0.2799360646448826 0.24414298578670823 9.942920684814453
2 0.13770686694144288 0.518710590894458 0.12177932692731863 0.048058326551766894 43.65517807006836
2 0.5194656218587683 0.48924493910025374 0.2872271860118113 0.3772492683866592 16.217544555664062
2 0.6916096935560603 0.7671621519279276 0.6142806128878795 0.4623423628108114 4.623571395874023
0 0.9668194734341595 0.5061220840586704 0.010826755487423623 0.05227772365271177 46.96409225463867
9 0.3640503226124493 0.2942019744059424 0.014735359526187208 0.04283336070019922 26.242761611938477
9 0.27741017511552 0.3016302917744079 0.015061281658207137 0.0410464295871954 27.800283432006836
9 0.47437805060625043 0.28474179213750517 0.01421594914514479 0.045123987827599576 24.76349639892578
