2 0.1376294365545059 0.5224479760815008 0.08143529521116111 0.04708483791786844 56.42229080200195
2 0.947520525152594 0.5409745930138952 0.10245894969481217 0.05002710400256827 43.29933166503906
2 0.7577247077957435 0.5949171092507659 0.17227227947719825 0.1948901424976437 15.856475830078125
2 0.2063767055384498 0.5256767850416808 0.08562412740351971 0.04522663677901961 52.40000534057617
2 0.5382676399089127 0.6077677460109758 0.1767212633578521 0.14671843854136868 14.849884986877441
2 0.8072557063956363 0.5774419569859972 0.10526016769049984 0.09797368995683564 22.05464744567871
2 0.2933117160061349 0.5310760614064925 0.10064082407513625 0.04153674611181568 48.2486572265625
2 0.6296726156325664 0.5077076218330652 0.22387328540194185 0.26902247675047924 21.16275405883789
2 0.7188494687325804 0.6948594902768483 0.29294581987862967 0.32088844512415127 9.423044204711914
9 0.5855552228458545 0.33695671884766354 0.01187013463267561 0.03701478463682972 29.649730682373047
