2 0.10625738968493474 0.5219205552039201 0.08454255981285516 0.0483664898315484 55.560874938964844
2 0.9036356713284799 0.5364358695010449 0.09499628949729022 0.04771372632391879 44.10844802856445
2 0.7487776649695679 0.5996142696602064 0.1778434021168569 0.20969135504321595 14.91292953491211
2 0.17722753765484442 0.525058050832543 0.08864181282819678 0.046441367181018434 51.509578704833984
2 0.5159859479317193 0.6139600829376086 0.18919766533593652 0.15909657717888692 13.882761001586914
2 0.7969354213956902 0.5782382348329986 0.10711765512483051 0.10247280628231858 21.12074089050293
2 0.266792066002682 0.5304001602627189 0.10380590396376049 0.042549395250039646 47.326297760009766
2 0.6117199693270408 0.5058134443626167 0.23239853239668884 0.2847409899748132 20.19580841064453
2 0.7235504735438858 0.7222484298276788 0.3394956927483188 0.3744031405320819 8.475930213928223
9 0.4714419089913044 0.338077400900475 0.012279451581131084 0.036226212343729525 30.126392364501953
9 0.39741752236313693 0.34471819310064944 0.012292913330110733 0.03461239402846167 31.61582374572754
9 0.566408738589707 0.3295570369341486 0.012194814195139458 0.03830924137393965 28.689054489135742
