2 0.7250608745331615 0.637058617281204 0.22338797549052003 0.28568470532127577 11.705029487609863
2 0.06296507325393438 0.5279629047157843 0.10224675774404707 0.0518009401703482 48.586875915527344
2 0.41698261520016705 0.6566670594093102 0.25739180134728545 0.22473794932748448 10.621109008789062
2 0.7590511229096986 0.5935452658695695 0.11620864472270798 0.12277186356426817 17.937271118164062
2 0.16379775394580423 0.533894310713491 0.11782072267991851 0.04724886117651017 44.27360153198242
2 0.5394367334083043 0.5083329725557454 0.27456307074405595 0.35686452556363074 16.908447265625
2 0.7198981698513864 0.7747654476948564 0.5577036602972272 0.4471357712769537 5.288341999053955
0 0.9791031323768604 0.5259173252650934 0.009616017897351559 0.05243857843284555 47.129119873046875
9 0.38677627177715646 0.3174116638106894 0.014155314643680972 0.0412914690144372 26.90560531616211
9 0.3029086910600183 0.3243387447931597 0.014376044827812406 0.03955011011956927 28.44694709777832
9 0.49375311230027247 0.3085749679476433 0.01378110343947736 0.043526307944211196 25.438655853271484
