2 0.7204321959021247 0.6341609644877351 0.24082664463915704 0.3079687858941837 11.035841941833496
2 0.04345060354397722 0.51943115104965 0.08690120708795444 0.052960919568978415 48.00882339477539
2 0.38758601699156314 0.6577633874958198 0.27968745674808004 0.24456114691147324 9.952299118041992
2 0.13776315586928545 0.525030720584863 0.12167807864240651 0.04810021374083007 43.663169860839844
2 0.519544044206183 0.4963830756973138 0.2868410490208316 0.37693834630452205 16.226299285888672
2 0.6918923075466322 0.770863787406089 0.6137153849067356 0.45493909185448866 4.63356876373291
0 0.96798271267822 0.51252030598529 0.010631464093674436 0.052017616992194815 47.227439880371094
9 0.3642906391213476 0.30098798183887693 0.01467994800733119 0.04272964918962885 26.250070571899414
9 0.2777494643980676 0.30835082282242043 0.014991233246038849 0.04095131475925934 27.807443618774414
9 0.474480254613449 0.2916122216320647 0.01418139878289143 0.04500875623366196 24.77089500427246
