2 0.7205904615254949 0.6270785849533812 0.24117519999906079 0.30794750847284774 11.027199745178223
2 0.04344716032900684 0.5135221218628618 0.08689432065801368 0.0529329403087172 48.00173568725586
2 0.38746344338905214 0.6510696146921251 0.27992664904217035 0.24416325276597417 9.943449020385742
2 0.13771033965535534 0.5190696341658539 0.1217748282087719 0.04805733963674458 43.65564727783203
2 0.5194631729564362 0.48962849856786 0.28720855591269207 0.3772309588330848 16.218027114868164
2 0.691617229495754 0.7673615792723947 0.6142655410084921 0.46194350812187723 4.624109268188477
0 0.9671584100455654 0.5063932503034673 0.010840153424468868 0.05221467107390887 47.02839660644531
9 0.3640567568211825 0.29457626134458675 0.014733455017171493 0.04282770889415455 26.243179321289062
9 0.2774224024781232 0.30200512364387055 0.015058535232594872 0.041041173487934623 27.800697326660156
9 0.47437645712050036 0.2851154417962092 0.014215238063385427 0.04511780934770809 24.7639102935791
