2 0.8070603312506057 0.5121455397423667 0.023583108135445063 0.02533512701865559 77.18878936767578
2 0.7201600655509358 0.6468275272573933 0.24023383543678234 0.30805812393517684 11.051342010498047
2 0.043443077241364036 0.5299552812707069 0.08688615448272807 0.05301983056023052 48.02155685424805
2 0.3877890602077902 0.6697197950263782 0.2792769076710554 0.24530498022153735 9.96817398071289
2 0.13782922980117812 0.5356543431743743 0.12151193493173773 0.0481866151953777 43.67668151855469
2 0.5196901083094098 0.5084337426582302 0.28620553258211423 0.37647536532654435 16.241151809692383
2 0.6923708152011588 0.7771105702785277 0.6127583695976824 0.4424455261096113 4.650514602661133
9 0.36470041070500353 0.3123948935591001 0.014584599350319749 0.042561247868826535 26.262468338012695
9 0.2783191716322204 0.3196366543210404 0.014871455289886093 0.04079723010560349 27.8195858001709
9 0.47466621455666996 0.30317501879108816 0.014120858406529102 0.04482115498607442 24.783464431762695
