2 0.7201593680195058 0.6467855677262703 0.24023475334903954 0.3080569527160751 11.051307678222656
2 0.04344281803583147 0.529921795551314 0.08688563607166294 0.05301953994827069 48.02153015136719
2 0.38778786900999995 0.6696807391926471 0.2792779714259797 0.24530184519084608 9.968138694763184
2 0.13782903417636644 0.5356203695222849 0.12151222161369624 0.04818619734082574 43.67665100097656
2 0.5196891375945727 0.5083945530542706 0.2862071270101904 0.37647613013852677 16.241121292114258
2 0.6923678522901515 0.7770902221134746 0.6127642954196971 0.44248622243971736 4.65047550201416
0 0.9635774807963169 0.5217312766654766 0.009302669508688965 0.049657402351245994 49.341732025146484
9 0.3646986877260707 0.3123582665523239 0.014584933517605925 0.04256174942127605 26.2624454498291
9 0.2783170192738207 0.31960053839327557 0.014871866576555204 0.04079768647686899 27.819562911987305
9 0.47466509579194693 0.30313773624966334 0.014121082717689803 0.04482171723562389 24.7834415435791
