2 0.7201612158892579 0.6466603611370841 0.24023955280412612 0.3080552837011603 11.051158905029297
2 0.04344206974337227 0.5298198845841063 0.08688413948674455 0.053018795064274205 48.02141189575195
2 0.3877858086182918 0.6695636106609204 0.27928186120094584 0.24529398768260724 9.967988967895508
2 0.13782856382593686 0.5355171778284762 0.121513847880855 0.04818511215879562 43.67652893066406
2 0.5196871689296337 0.5082763667021637 0.2862132487747951 0.3764799321590898 16.24098014831543
2 0.6923625915679752 0.7770290215382436 0.6127748168640496 0.4426086235901795 4.650312900543213
2 0.8271087767497567 0.5375955268555406 0.04758900833878921 0.06372691131169472 35.21604919433594
0 0.964784181928604 0.5220377487586839 0.009419054521621062 0.05021012857038709 48.830039978027344
9 0.3646942938997103 0.31224707758863035 0.01458592184370805 0.04256334402789136 26.262332916259766
9 0.2783111470933062 0.3194907658168191 0.014873090904316821 0.040799140629529496 27.81945037841797
9 0.47466277537352763 0.3030247278641953 0.014121734687550624 0.0448235004102468 24.783323287963867
