2 0.7201789157458516 0.6457286086569015 0.24027653650872804 0.3080427324359563 11.050125122070312
2 0.04344293940220331 0.5290574505797334 0.08688587880440662 0.053013505699290864 48.020572662353516
2 0.38777382984120223 0.6686894920756017 0.2793090234138977 0.24523518415357348 9.966930389404297
2 0.13782576765510962 0.5347458638014221 0.12152581165965148 0.048177449683715956 43.67563247680664
2 0.519675340392559 0.5073955909589235 0.2862575598153387 0.37650823648124604 16.239994049072266
2 0.692331429134418 0.7765726288178125 0.6128371417311639 0.44352140903104154 4.649171829223633
2 0.9240452198186347 0.537662419095476 0.050374509335539885 0.06509791227331296 36.03993225097656
0 0.9667386943321931 0.5220412409066713 0.00952600598148079 0.051105317884491464 48.02549362182617
9 0.3646636218765933 0.3114174561950287 0.014593123163262722 0.04257522870840319 26.261520385742188
9 0.2782693767522615 0.3186711558834088 0.014882058014464461 0.04080998791300838 27.81865692138672
9 0.4746476559767324 0.30218224000847416 0.014126420310885457 0.04483677743198167 24.782499313354492
