2 0.7201597964761022 0.6468206360270154 0.2402336515242366 0.3080575195305743 11.05134105682373
2 0.04344309868381721 0.5299499203324083 0.08688619736763442 0.05301977070919506 48.02155685424805
2 0.38778912342253147 0.6697133493633727 0.27927670670936183 0.2453041397037975 9.968173027038574
2 0.13782933037477982 0.5356489023979325 0.12151181570692172 0.04818653538950168 43.67668151855469
2 0.5196901527072098 0.5084274787805501 0.286205323945058 0.3764751548879084 16.241151809692383
2 0.6923708391541696 0.7771072839762146 0.6127583216916608 0.4424520987142373 4.650513172149658
0 0.9614061091987278 0.5210703843931307 0.009092933412231274 0.048662578882680385 50.2919807434082
9 0.36470023093365844 0.31238911587873575 0.014584645953403419 0.04256130942231806 26.262470245361328
9 0.27831895309689925 0.31963095250019147 0.014871514090602667 0.04079728593823628 27.8195858001709
9 0.47466608944525435 0.30316914408165796 0.01412088774364112 0.044821224227698464 24.783464431762695
