2 0.8046292520811813 0.5229288444858906 0.03250527879603615 0.03519359893926444 56.48647689819336
2 0.720184742253289 0.6454414049671794 0.24028839419306525 0.30803854100047107 11.049806594848633
2 0.043443580662181104 0.5288198387731657 0.08688716132436221 0.05301202216496381 48.02030944824219
2 0.3877706943603322 0.668418469031987 0.2793166083880838 0.24521674988834663 9.96660327911377
2 0.13782505006420345 0.5345059152376958 0.121529392324843 0.04817533357483539 43.675357818603516
2 0.5196724561253291 0.5071233338689976 0.2862707806690869 0.37651676467547196 16.23969078063965
2 0.6923234490754311 0.7764314156399375 0.6128531018491379 0.4438038353867917 4.648820400238037
2 0.9325594999050191 0.5375816221475893 0.05057855807039602 0.06512112523852431 36.128517150878906
0 0.9669207113840876 0.5218586421526654 0.009506527599571601 0.05118872831046184 47.95216751098633
9 0.36465486692466953 0.3111603691728204 0.014595251118919295 0.042578889080787996 26.26127052307129
9 0.2782571841613861 0.3184168230571457 0.014884735831036888 0.04081333437461271 27.81841278076172
9 0.47464371411987916 0.30192160946573116 0.01412776551326711 0.04484085885733469 24.782249450683594
