2 0.720163498095631 0.6465663981527001 0.2402424062454649 0.30805296206942206 11.051074028015137
2 0.04344179920271589 0.5297438199911906 0.08688359840543178 0.05301820607907659 48.021339416503906
2 0.3877860239249 0.6694756226804919 0.2792834620343214 0.24528720134741244 9.967897415161133
2 0.13782878387359962 0.5354401595300434 0.12151497799370232 0.04818427190462082 43.676448822021484
2 0.519686586974027 0.5081881514765393 0.28621695403097175 0.3764819091680138 16.24089813232422
2 0.6923623065290271 0.7769832161743999 0.6127753869419459 0.44270023431786665 4.650216102600098
2 0.8536118089879385 0.5376030736854691 0.04831415564530084 0.06408924150644502 35.428443908691406
0 0.9653097066604764 0.5221330584968018 0.00946718197412233 0.05045080964170995 48.61075210571289
9 0.3646916857690452 0.3121643186211476 0.014586635235082801 0.04256448589469569 26.262264251708984
9 0.2783074979551794 0.31940904363427447 0.01487398030851722 0.04080018168293714 27.81938362121582
9 0.4746616251038934 0.3029406377183699 0.014122197542523085 0.04482477762293102 24.78325653076172
