2 0.8055435565214082 0.5201173930834526 0.02931447267145504 0.03173377071942263 62.4608154296875
2 0.7201611205610543 0.6467322822315198 0.24023703545072628 0.3080564115292107 11.051241874694824
2 0.04344255850229529 0.5298782466309417 0.08688511700459058 0.05301923451767665 48.02147674560547
2 0.3877876290257492 0.6696308341606804 0.27927954073300787 0.24529863184100997 9.968071937561035
2 0.13782896153274007 0.5355762934568628 0.12151292360100552 0.048185751175851 43.67659378051758
2 0.5196887512009444 0.5083441445543598 0.2862096162295377 0.37647788756469897 16.241056442260742
2 0.6923670131661406 0.7770641272398734 0.6127659736677188 0.4425384121869198 4.6504034996032715
0 0.9642639141534411 0.5219090659326324 0.009369011784393644 0.04997174626804607 49.049339294433594
9 0.3646970770034733 0.3123107821831366 0.014585350822322873 0.04256243683206429 26.262393951416016
9 0.27831475408056894 0.31955364537627196 0.014872384975317565 0.040798313638036376 27.81951141357422
9 0.4746644014711723 0.3030894919776971 0.014121355941020097 0.04482248552348789 24.783388137817383
