2 0.720166598592278 0.6464237123659803 0.24024915239429534 0.3080522427104457 11.05089282989502
2 0.04344156420298129 0.5296261791469177 0.08688312840596259 0.053017453785887514 48.02119445800781
2 0.38778333886977784 0.6693416029566829 0.2792887152835831 0.24527916906772962 9.9677152633667
2 0.13782797498827976 0.5353212188311256 0.12151690048973604 0.04818316857507432 43.67629623413086
2 0.5196845630059356 0.5080526009831982 0.2862244129340541 0.376487229977581 16.240724563598633
2 0.6923559036516633 0.7769130823154093 0.6127881926966734 0.4428405020358478 4.650018692016602
2 0.8713051531837337 0.5375672452039277 0.04893630960799533 0.06421219296097991 35.588260650634766
0 0.9656634871496411 0.5221356127246887 0.009497173920756108 0.050612632068136654 48.46446228027344
9 0.36468672863703566 0.3120362907293741 0.01458775078893787 0.04256636733993474 26.26211929321289
9 0.2783007401577428 0.31928252206920027 0.014875368666735445 0.040801900067070906 27.819242477416992
9 0.47465919073963236 0.3028106725816586 0.01412292420539435 0.044826877879365956 24.783109664916992
