2 0.7201592187568853 0.6468102328419284 0.24023408716488137 0.30805753339175385 11.051325798034668
2 0.04344293803827088 0.5299414809748575 0.08688587607654176 0.053019708614725936 48.02154541015625
2 0.38778820367097905 0.669703677517044 0.279277378299143 0.24530361208474083 9.968157768249512
2 0.13782907331189087 0.5356403437442073 0.12151191485994725 0.04818644150756013 43.67667007446289
2 0.5196895746618693 0.5084176205908354 0.28620602378390503 0.37647559421075516 16.24113655090332
2 0.6923688031067432 0.7771021976139697 0.6127623937865136 0.4424622714387272 4.650496006011963
0 0.9627319533330873 0.521496980368435 0.009220731799257642 0.049270011164942173 49.70719528198242
9 0.36469956642344015 0.3123798316253925 0.014584736442068535 0.04256144945088519 26.262460708618164
9 0.27831816433587137 0.319621799340614 0.0148716240117015 0.04079741350723887 27.819576263427734
9 0.4746656005189376 0.30315969145959687 0.014120950460691895 0.04482138099164629 24.78345489501953
