2 0.7201594214720275 0.6467510430568478 0.24023645159005935 0.3080569995439419 11.05125904083252
2 0.04344247161445565 0.5298934147984073 0.0868849432289113 0.05301935384190426 48.02149200439453
2 0.3877864381027546 0.6696484319816993 0.2792796638264503 0.24530009424818744 9.968090057373047
2 0.1378286261453866 0.5355916457641876 0.12151270960817229 0.04818591882646761 43.676612854003906
2 0.5196881695127008 0.5083617107351626 0.2862092371897678 0.37647759528437047 16.241073608398438
2 0.692364621292095 0.7770732671315375 0.6127707574158101 0.4425201324035918 4.650423049926758
0 0.9640912939766394 0.5218909085283672 0.009352457339527831 0.04989279674703351 49.12245178222656
9 0.3646971565672563 0.3123272395198545 0.01458521653993411 0.042562215346547305 26.262409210205078
9 0.2783150475656435 0.3195699031989412 0.0148722153524396 0.040798111666483505 27.81952667236328
9 0.4746641834972226 0.303106205453872 0.0141212718913179 0.04482223784327599 24.783403396606445
