2 0.804889595407053 0.5223878203898749 0.03159465388060123 0.0340989620486748 58.08043670654297
2 0.7201721023043334 0.6461020040159788 0.2402611145491247 0.3080468169252967 11.050556182861328
2 0.0434423792656318 0.5293629807424169 0.0868847585312636 0.05301561131726862 48.02091598510742
2 0.387779726890799 0.6690395240121151 0.27929709362008076 0.24525799296380346 9.967368125915527
2 0.1378273022374285 0.5350550027453594 0.12152092491976897 0.048180521311403934 43.67599868774414
2 0.5196806447481633 0.5077488456148009 0.2862391280067265 0.37649611109519604 16.24040412902832
2 0.6923462073797588 0.7767555800891247 0.6128075852404824 0.4431555064884172 4.6496453285217285
2 0.8978020751353745 0.5374455131607263 0.0496365905710221 0.06464897827384541 35.8057861328125
0 0.9661982186709219 0.5221343628122392 0.009531527699595754 0.05085744574620621 48.245033264160156
9 0.36467641198613426 0.31175030425229633 0.014590204830927989 0.04257041521512267 26.261857986450195
9 0.2782866787746491 0.31899993196523074 0.014878431676872472 0.040805594835325754 27.818986892700195
9 0.47465412255696626 0.3025203213304937 0.014124511006106066 0.044831399653668114 24.78284454345703
