2 0.7201626963557086 0.6466855697798543 0.24023896397385536 0.30805586229350257 11.051191329956055
2 0.0434423486926095 0.5298401562255617 0.086884697385219 0.05301896103748838 48.02143478393555
2 0.3877875246944025 0.6695871173450461 0.27928083906420326 0.24529575977080087 9.968019485473633
2 0.13782893408234892 0.5355377310058074 0.12151353518612742 0.04818535200434859 43.676551818847656
2 0.5196884514943012 0.5083000050606539 0.28621174599129884 0.37647936693706885 16.241008758544922
2 0.6923664851927522 0.7770412765641553 0.6127670296144955 0.4425841135383559 4.650347709655762
2 0.81839257222393 0.5375876185769255 0.047350572340929986 0.06361144316626066 35.15102005004883
0 0.9646104914531437 0.5220250370918258 0.00940250520263064 0.05013040896847032 48.90317153930664
9 0.36469569302586224 0.31226923016699126 0.014585717120346897 0.04256303565232494 26.262353897094727
9 0.27831280204115993 0.31951261846904666 0.014872839709063446 0.040798859817475774 27.81947135925293
9 0.4746638128428375 0.3030472653285585 0.014121596206096876 0.04482315501340761 24.78334617614746
