2 0.7201598576156174 0.6467663536237779 0.24023573270080945 0.30805697874870086 11.051275253295898
2 0.0434426680698451 0.5299059988012631 0.0868853361396902 0.05301943577593571 48.02150344848633
2 0.38778745344469956 0.669662764576711 0.27927880116774534 0.24530087839741122 9.968106269836426
2 0.13782889795792272 0.5356043796407826 0.12151249409713973 0.048186041175421024 43.67662048339844
2 0.5196888330077615 0.5083762723500616 0.2862082006804238 0.37647694636614093 16.2410888671875
2 0.6923668657365871 0.7770807912497872 0.6127662685268259 0.4425050841670921 4.6504411697387695
0 0.9639195804640797 0.5218700332882225 0.009335612019634065 0.04981408489331107 49.195556640625
9 0.3646979749174577 0.31234099160890105 0.014585090250405774 0.04256200889399214 26.262418746948242
9 0.2783160556078377 0.31958348332307596 0.01487206003314806 0.04079792323203485 27.819536209106445
9 0.47466473466399817 0.3031201786478972 0.01412118704308557 0.044822007205260916 24.78341293334961
