2 0.8052608976553401 0.521284663986693 0.030308884500539146 0.032617943208734235 60.47087860107422
2 0.7201625727013434 0.6466201669361399 0.24024104313081152 0.3080547262244174 11.051109313964844
2 0.04344190466830486 0.5297875797026611 0.08688380933660972 0.053018535748710516 48.02136993408203
2 0.387785817465616 0.6695262180461006 0.2792829329425344 0.24529142871227616 9.967937469482422
2 0.1378285771489014 0.535484411149218 0.12151437790562315 0.0481847311219179 43.67647933959961
2 0.5196868877860722 0.5082385772831681 0.2862150406318145 0.3764811265243394 16.240930557250977
2 0.6923622772348643 0.7770094443967036 0.6127754455302714 0.4426477778732594 4.650258541107178
2 0.8447216793257414 0.5376118569340522 0.04807213030539881 0.06398090561497771 35.353553771972656
0 0.9651339979641899 0.5220725216586207 0.009451324893725355 0.050370336571766094 48.68383026123047
9 0.36469307409481166 0.3122116443151916 0.014586246212565823 0.04256385329531098 26.26228904724121
9 0.27830945042860544 0.31945582833671965 0.014873490308921655 0.040799604352360186 27.819408416748047
9 0.47466222348701326 0.30298865824036975 0.014121952067427668 0.04482407085536244 24.783281326293945
