2 0.023316123399294467 0.5268827511610619 0.04663224679858893 0.05680936344977494 49.94655227661133
2 0.7201600655509358 0.6468275272573933 0.24023383543678234 0.30805812393517684 11.051342010498047
2 0.23461921156695997 0.532384067073424 0.1147759795281216 0.05818411182237937 40.39370346069336
2 0.3877890602077902 0.6697197950263782 0.2792769076710554 0.24530498022153735 9.96817398071289
2 0.24891011920414063 0.5606291039666925 0.16419292135366767 0.08622117810582375 26.016510009765625
2 0.5196901083094098 0.5084337426582302 0.28620553258211423 0.37647536532654435 16.241151809692383
2 0.6923708152011588 0.7771105702785277 0.6127583695976824 0.4424455261096113 4.650514602661133
9 0.36470041070500353 0.3123948935591001 0.014584599350319749 0.042561247868826535 26.262468338012695
9 0.2783191716322204 0.3196366543210404 0.014871455289886093 0.04079723010560349 27.8195858001709
9 0.47466621455666996 0.30317501879108816 0.014120858406529102 0.04482115498607442 24.783464431762695
