2 0.029038351350905822 0.5270551105345013 0.058076702701811644 0.05713557057297508 49.39362335205078
2 0.7201600655509358 0.6468275272573933 0.24023383543678234 0.30805812393517684 11.051342010498047
2 0.26090099524853966 0.5324861652475656 0.11632045041526687 0.058986862944334084 39.665992736816406
2 0.3877890602077902 0.6697197950263782 0.2792769076710554 0.24530498022153735 9.96817398071289
2 0.2119736779100787 0.5649622005492645 0.18338720708261225 0.09298314925495765 24.715068817138672
2 0.5196901083094098 0.5084337426582302 0.28620553258211423 0.37647536532654435 16.241151809692383
2 0.6923708152011588 0.7771105702785277 0.6127583695976824 0.4424455261096113 4.650514602661133
9 0.36470041070500353 0.3123948935591001 0.014584599350319749 0.042561247868826535 26.262468338012695
9 0.2783191716322204 0.3196366543210404 0.014871455289886093 0.04079723010560349 27.8195858001709
9 0.47466621455666996 0.30317501879108816 0.014120858406529102 0.04482115498607442 24.783464431762695
