2 0.03056777156925984 0.527102857736504 0.06113554313851968 0.057222902368116224 49.24761199951172
2 0.7201600655509358 0.6468275272573933 0.24023383543678234 0.30805812393517684 11.051342010498047
2 0.26812968930588155 0.5326043373414098 0.11660898787468471 0.05911940240927349 39.47886276245117
2 0.3877890602077902 0.6697197950263782 0.2792769076710554 0.24530498022153735 9.96817398071289
2 0.20189161739767358 0.566143467577034 0.18855383555338134 0.0948214469724632 24.396421432495117
2 0.5196901083094098 0.5084337426582302 0.28620553258211423 0.37647536532654435 16.241151809692383
2 0.6923708152011588 0.7771105702785277 0.6127583695976824 0.4424455261096113 4.650514602661133
9 0.36470041070500353 0.3123948935591001 0.014584599350319749 0.042561247868826535 26.262468338012695
9 0.2783191716322204 0.3196366543210404 0.014871455289886093 0.04079723010560349 27.8195858001709
9 0.47466621455666996 0.30317501879108816 0.014120858406529102 0.04482115498607442 24.783464431762695
