2 0.733552 0.606851 0.178176 0.162063 0.931397
2 0.881102 0.556012 0.097590 0.101651 0.733467
7 0.840447 0.515298 0.172755 0.136340 0.617528
2 0.934731 0.553097 0.058484 0.091452 0.469180
2 0.541946 0.527257 0.029038 0.022688 0.439290
2 0.475797 0.516405 0.048572 0.033578 0.433357
2 0.975136 0.558528 0.048756 0.068484 0.364429
2 0.916948 0.553349 0.090738 0.094263 0.335933
2 0.591981 0.528656 0.069728 0.028046 0.321254
2 0.971033 0.563902 0.037523 0.054323 0.318259
2 0.985436 0.558209 0.028317 0.062924 0.257270
