2 0.690572 0.619142 0.188270 0.178563 0.927768
2 0.865745 0.561124 0.052447 0.074269 0.654515
2 0.588442 0.576738 0.069501 0.091501 0.633099
2 0.281553 0.518995 0.054692 0.043087 0.602786
2 0.778579 0.563016 0.107775 0.134330 0.589256
7 0.698947 0.487982 0.183359 0.120522 0.587579
2 0.833148 0.558621 0.056031 0.107340 0.411672
2 0.360448 0.531451 0.034797 0.022633 0.396214
7 0.698368 0.519548 0.182904 0.181579 0.346938
2 0.855627 0.561215 0.030107 0.071535 0.289687
2 0.417958 0.529914 0.079437 0.035622 0.253722
