2 0.627505 0.783781 0.451807 0.430535 0.956339
2 0.826770 0.533199 0.040282 0.039382 0.790059
2 0.398637 0.637964 0.196607 0.182292 0.761725
2 0.699436 0.581057 0.201545 0.176432 0.697670
7 0.543426 0.491558 0.278854 0.231859 0.535181
2 0.185003 0.533546 0.106154 0.038522 0.512287
2 0.110900 0.535371 0.048722 0.028390 0.455993
7 0.544205 0.547455 0.278610 0.338411 0.420302
2 0.198548 0.537370 0.079897 0.033365 0.339033
2 0.217628 0.538714 0.042287 0.031443 0.285811
2 0.077512 0.525413 0.060747 0.046716 0.268282
2 0.025132 0.522490 0.050265 0.051879 0.264821
