2 0.691005 0.618461 0.187545 0.179570 0.919358
2 0.786284 0.559833 0.111781 0.127041 0.741521
2 0.871241 0.557730 0.053893 0.073568 0.634036
2 0.296388 0.519459 0.050098 0.037667 0.529415
5 0.710258 0.484259 0.184068 0.112948 0.495217
2 0.840923 0.552320 0.064776 0.104606 0.458111
2 0.597682 0.572316 0.062067 0.085608 0.437243
7 0.710330 0.483718 0.184815 0.111530 0.400286
2 0.376490 0.527375 0.033614 0.024436 0.350400
2 0.879151 0.558239 0.039716 0.068648 0.320024
2 0.815602 0.554432 0.107824 0.111128 0.311758
2 0.864200 0.559861 0.036081 0.072020 0.285414
