2 0.626053 0.782797 0.431305 0.432928 0.958637
2 0.828533 0.534947 0.040986 0.037301 0.730500
2 0.403862 0.636087 0.196374 0.181535 0.730119
2 0.701299 0.581880 0.198801 0.175368 0.700186
7 0.543009 0.489267 0.272018 0.216087 0.604562
2 0.114924 0.535277 0.049264 0.030030 0.541412
2 0.189888 0.534848 0.104301 0.038845 0.493835
7 0.541400 0.543674 0.268061 0.320400 0.409475
2 0.091938 0.527194 0.081939 0.045389 0.285042
2 0.210655 0.538146 0.066105 0.034114 0.279447
2 0.079522 0.527581 0.058082 0.043678 0.265330
