2 0.328529 0.656403 0.250261 0.207004 0.886593
2 0.607043 0.793975 0.730431 0.410616 0.844040
2 0.667507 0.553086 0.218333 0.131993 0.766477
2 0.793722 0.522159 0.032176 0.033956 0.706145
7 0.484591 0.486755 0.294919 0.246734 0.599836
2 0.124818 0.532833 0.113109 0.038730 0.537985
0 0.978585 0.534492 0.028265 0.062562 0.433638
9 0.816395 0.388559 0.008389 0.025631 0.375795
0 0.957782 0.514657 0.015067 0.037870 0.277118
2 0.039025 0.530374 0.060510 0.037572 0.276322
0 0.958671 0.520821 0.017228 0.050715 0.270939
