2 0.661075 0.665998 0.241587 0.249131 0.912464
2 0.964461 0.535704 0.070786 0.045771 0.691536
2 0.737286 0.580244 0.138729 0.177201 0.686380
2 0.512236 0.600957 0.130272 0.125418 0.627262
2 0.153233 0.518501 0.070319 0.048925 0.554122
7 0.621119 0.499611 0.215370 0.198683 0.482308
2 0.820349 0.566558 0.051146 0.102213 0.348804
2 0.304471 0.531107 0.091979 0.035175 0.345503
2 0.827709 0.570062 0.036172 0.090776 0.333277
2 0.829043 0.503061 0.023983 0.021966 0.293920
2 0.240556 0.532593 0.037983 0.026735 0.283432
2 0.808776 0.564266 0.067565 0.125342 0.279267
