2 0.692155 0.618225 0.188112 0.178564 0.902882
2 0.790480 0.558626 0.109194 0.126008 0.760491
2 0.876444 0.557786 0.055962 0.073871 0.528408
2 0.306843 0.516926 0.053093 0.039745 0.470465
2 0.842134 0.554318 0.055042 0.104822 0.419811
5 0.715813 0.480540 0.182569 0.106828 0.414852
7 0.715077 0.480800 0.183156 0.106360 0.366308
2 0.440228 0.527303 0.081974 0.032052 0.365163
2 0.603608 0.572807 0.058038 0.083799 0.339829
2 0.867071 0.557493 0.034429 0.072077 0.268819
2 0.382942 0.527187 0.032402 0.024355 0.267497
