2 0.692751 0.617333 0.185885 0.179040 0.929869
2 0.777164 0.562418 0.108461 0.134528 0.696521
2 0.865294 0.560374 0.050762 0.073078 0.663216
2 0.586176 0.576273 0.073006 0.094396 0.597055
2 0.272034 0.519496 0.054667 0.039502 0.546563
2 0.832094 0.556310 0.062498 0.108966 0.521787
7 0.694740 0.491743 0.187750 0.133749 0.499718
2 0.411309 0.528366 0.082933 0.034903 0.384398
2 0.352895 0.529081 0.034116 0.023910 0.311505
2 0.785901 0.575427 0.086943 0.108638 0.288393
7 0.676976 0.522736 0.218484 0.191480 0.272069
