2 0.667175 0.652343 0.222692 0.223979 0.895403
7 0.634167 0.532951 0.205108 0.243300 0.652329
2 0.744463 0.576122 0.135931 0.163826 0.566367
2 0.177539 0.519684 0.066175 0.048497 0.513052
2 0.528139 0.595724 0.119530 0.120103 0.448245
2 0.829223 0.566488 0.045838 0.086242 0.430751
2 0.810271 0.564636 0.070181 0.121823 0.398243
2 0.991797 0.545973 0.015591 0.033202 0.389003
7 0.634444 0.496449 0.205602 0.166388 0.335838
2 0.314744 0.530935 0.071613 0.034535 0.303269
2 0.261884 0.533724 0.036625 0.024760 0.300671
