2 0.663411 0.660689 0.230051 0.237738 0.911936
2 0.739234 0.579178 0.136328 0.170716 0.640747
2 0.505916 0.599603 0.098324 0.121090 0.584669
7 0.627368 0.531334 0.214897 0.246933 0.550659
2 0.978988 0.539967 0.041103 0.043720 0.488674
2 0.829123 0.570320 0.037811 0.088290 0.438030
2 0.295250 0.530891 0.059122 0.033796 0.362797
2 0.163444 0.520385 0.066643 0.049732 0.320181
2 0.928770 0.505349 0.016258 0.021220 0.284935
7 0.162561 0.519383 0.066462 0.049858 0.268633
2 0.311087 0.529984 0.091378 0.037216 0.258496
