2 0.685128 0.632107 0.205108 0.202441 0.901709
2 0.760228 0.570385 0.125399 0.149422 0.723360
7 0.660005 0.492301 0.201501 0.144767 0.697429
2 0.557970 0.588775 0.113054 0.110684 0.668657
2 0.844698 0.567180 0.047339 0.082376 0.480714
2 0.216008 0.520221 0.060210 0.044586 0.410680
2 0.971406 0.507770 0.020174 0.018180 0.407276
2 0.358557 0.530431 0.087039 0.034245 0.298110
2 0.300501 0.532610 0.033370 0.024714 0.292068
2 0.343923 0.531171 0.055910 0.032071 0.274005
2 0.818088 0.563872 0.058161 0.119407 0.260704
