2 0.652179 0.679356 0.256428 0.265241 0.947922
2 0.730533 0.584789 0.145252 0.180154 0.683685
2 0.495520 0.606519 0.135052 0.133917 0.646765
2 0.947838 0.540885 0.098734 0.042544 0.640382
2 0.133270 0.521634 0.072500 0.050163 0.611349
2 0.284448 0.532284 0.095826 0.036271 0.509845
7 0.613464 0.500418 0.231856 0.199140 0.502146
2 0.220307 0.534158 0.038857 0.024965 0.494710
2 0.794911 0.566963 0.063387 0.129023 0.482395
2 0.266974 0.530948 0.058278 0.035808 0.336917
2 0.987542 0.542521 0.024273 0.044233 0.294288
2 0.905311 0.506413 0.015129 0.021562 0.287050
2 0.818520 0.574374 0.036441 0.082619 0.281382
