2 0.678097 0.639813 0.212906 0.211315 0.914284
2 0.757110 0.572686 0.136783 0.160404 0.680737
2 0.199757 0.518065 0.064785 0.046947 0.594149
7 0.649578 0.526322 0.202988 0.225325 0.585420
2 0.545436 0.590613 0.116330 0.114096 0.540994
2 0.839177 0.567974 0.045450 0.085068 0.481434
7 0.649652 0.492146 0.202925 0.155505 0.433572
2 0.345055 0.528493 0.082616 0.036079 0.351177
2 0.956154 0.505561 0.018944 0.020232 0.334971
2 0.330785 0.527717 0.054629 0.034068 0.325417
2 0.281580 0.529909 0.036529 0.025216 0.301642
