2 0.702428 0.641105 0.206464 0.210680 0.882899
2 0.567006 0.591210 0.127670 0.116004 0.749504
7 0.659975 0.489668 0.200013 0.150688 0.625847
2 0.850570 0.567126 0.044483 0.085863 0.503662
2 0.206849 0.517919 0.071621 0.049032 0.477308
2 0.773053 0.572552 0.136847 0.160019 0.426829
7 0.777675 0.571839 0.145119 0.158143 0.425392
2 0.349479 0.530249 0.090374 0.036506 0.392744
2 0.287980 0.530398 0.035878 0.025514 0.322521
2 0.957266 0.505602 0.017958 0.020866 0.277801
2 0.858247 0.566585 0.030062 0.080861 0.254868
