2 0.720226 0.618011 0.184902 0.179452 0.925989
2 0.269954 0.519107 0.053373 0.042080 0.590288
2 0.792558 0.562825 0.114573 0.137813 0.524177
7 0.675505 0.524375 0.239238 0.202751 0.504185
2 0.876729 0.560716 0.045327 0.074050 0.498563
7 0.701155 0.490664 0.189841 0.133228 0.481373
2 0.408846 0.528695 0.085294 0.034974 0.351278
2 0.850609 0.555180 0.062358 0.108843 0.338543
2 0.813661 0.557730 0.131474 0.121378 0.285846
2 0.595997 0.577954 0.078515 0.098518 0.264318
2 0.350992 0.529014 0.034146 0.023936 0.255670
