2 0.692717 0.665725 0.243176 0.249262 0.906007
2 0.758707 0.579999 0.145419 0.176839 0.748583
2 0.537437 0.600755 0.145643 0.128850 0.697854
2 0.968129 0.537864 0.063118 0.040134 0.582690
2 0.158270 0.520315 0.072697 0.047146 0.576398
7 0.632961 0.498561 0.212110 0.186493 0.435928
2 0.308679 0.529774 0.089960 0.036802 0.383043
2 0.295578 0.529489 0.054553 0.033819 0.378864
2 0.821028 0.562188 0.062509 0.128207 0.368778
2 0.840164 0.567640 0.036732 0.087246 0.310427
2 0.091386 0.514976 0.038184 0.020343 0.253498
2 0.226695 0.523576 0.072351 0.042429 0.250183
