2 0.693347 0.663950 0.237704 0.244381 0.888070
2 0.758345 0.578217 0.143630 0.174733 0.743225
2 0.540342 0.599420 0.146227 0.128400 0.725959
2 0.157841 0.518773 0.060257 0.047412 0.567821
2 0.971808 0.537354 0.055539 0.043399 0.536704
2 0.247610 0.532005 0.036187 0.026495 0.506840
7 0.634014 0.497206 0.210338 0.182892 0.449827
2 0.840121 0.567968 0.037387 0.087469 0.385222
2 0.825982 0.562234 0.064117 0.112402 0.370116
2 0.294226 0.530034 0.058877 0.033578 0.298390
2 0.310494 0.529636 0.092362 0.037460 0.262614
