2 0.716792 0.616491 0.184098 0.178865 0.911260
2 0.598376 0.575651 0.072713 0.095761 0.667128
2 0.790433 0.561401 0.108314 0.134568 0.588199
2 0.875657 0.559067 0.047408 0.072988 0.484299
7 0.704970 0.488342 0.191214 0.128347 0.461891
2 0.275959 0.519571 0.056600 0.039663 0.401491
2 0.848258 0.555957 0.065898 0.109943 0.382715
2 0.355683 0.528067 0.033798 0.024553 0.332602
5 0.706399 0.489720 0.190385 0.132020 0.283597
2 0.412432 0.527935 0.086317 0.035571 0.283298
2 0.799886 0.579719 0.086227 0.102868 0.280153
2 0.827917 0.556025 0.105912 0.116119 0.270315
