2 0.712530 0.619116 0.183101 0.178858 0.918814
2 0.281978 0.518911 0.053667 0.042947 0.704442
2 0.602136 0.577822 0.073165 0.090150 0.632186
7 0.706618 0.494529 0.188038 0.135267 0.567363
2 0.791296 0.562227 0.108729 0.131766 0.562761
2 0.876342 0.560554 0.048161 0.073664 0.500288
2 0.363141 0.530278 0.032784 0.023853 0.347742
2 0.407062 0.527883 0.061119 0.031493 0.339914
2 0.850792 0.554929 0.068382 0.104332 0.331778
2 0.800192 0.569835 0.083751 0.114496 0.270734
2 0.814750 0.557766 0.132043 0.117025 0.266643
