2 0.692199 0.658598 0.225433 0.228837 0.886559
2 0.757347 0.579071 0.132134 0.167239 0.777914
7 0.640074 0.509331 0.207467 0.203182 0.633766
2 0.985573 0.547568 0.027904 0.042088 0.605306
2 0.168921 0.519728 0.061213 0.048174 0.576486
2 0.545678 0.600936 0.138398 0.123443 0.552758
2 0.258837 0.534304 0.037647 0.026905 0.488091
2 0.826306 0.564279 0.067567 0.111970 0.442134
2 0.321306 0.531205 0.089298 0.035605 0.411366
2 0.841327 0.568970 0.039258 0.086909 0.402076
2 0.305815 0.531641 0.059558 0.032880 0.294500
