2 0.707549 0.620527 0.183502 0.181319 0.924061
2 0.330336 0.520425 0.052044 0.041195 0.643974
2 0.892281 0.559147 0.054821 0.071923 0.612339
2 0.808690 0.560006 0.105079 0.123257 0.551352
7 0.735015 0.488247 0.178632 0.111475 0.503786
2 0.623304 0.581797 0.045805 0.065786 0.469740
2 0.863993 0.555059 0.066092 0.100450 0.386963
2 0.405222 0.531291 0.031068 0.023078 0.344076
2 0.852589 0.556326 0.069969 0.108094 0.306485
2 0.451961 0.531188 0.065440 0.027982 0.281152
5 0.734955 0.488152 0.177946 0.114731 0.278675
