2 0.682108 0.699162 0.293219 0.306275 0.911292
2 0.496106 0.612565 0.161486 0.143193 0.845656
7 0.602475 0.496396 0.229871 0.194420 0.837240
2 0.743759 0.574408 0.163734 0.165339 0.689399
2 0.888242 0.536221 0.059300 0.040849 0.613266
2 0.106148 0.521100 0.076990 0.051363 0.489552
2 0.243025 0.530015 0.060754 0.037829 0.483188
2 0.195817 0.533469 0.039656 0.026476 0.449098
2 0.900518 0.536750 0.084963 0.041486 0.393311
2 0.928547 0.540560 0.035211 0.035707 0.382661
2 0.262237 0.530068 0.098082 0.038782 0.361355
