2 0.698974 0.643024 0.209768 0.214187 0.880568
7 0.656960 0.494103 0.200691 0.162893 0.594731
2 0.197144 0.516705 0.064552 0.049766 0.586718
2 0.767830 0.572830 0.132721 0.160487 0.525139
2 0.562212 0.591399 0.127776 0.115741 0.517967
2 0.346959 0.528264 0.086119 0.037061 0.473725
2 0.848806 0.565215 0.043261 0.084560 0.404101
2 0.330773 0.526668 0.055720 0.035139 0.369578
7 0.655306 0.528230 0.200043 0.235124 0.367383
2 0.281312 0.529652 0.036362 0.025372 0.334724
2 0.826789 0.563388 0.055429 0.119674 0.317320
