2 0.715143 0.617974 0.182151 0.179323 0.918438
2 0.789822 0.561866 0.107993 0.133247 0.636706
2 0.282419 0.518708 0.060708 0.043196 0.591179
2 0.599139 0.576770 0.072971 0.094133 0.560994
7 0.705155 0.490474 0.189735 0.128684 0.529593
2 0.876245 0.559869 0.046459 0.072336 0.492770
2 0.850785 0.554108 0.067806 0.104891 0.405181
2 0.357008 0.529179 0.033153 0.025234 0.333624
2 0.405204 0.528676 0.063802 0.029339 0.331798
2 0.800963 0.579817 0.082929 0.102154 0.288297
2 0.835481 0.556376 0.091246 0.114521 0.259287
