2 0.681936 0.696268 0.288219 0.299807 0.906604
2 0.499365 0.611493 0.158383 0.141616 0.838971
7 0.605253 0.495550 0.228040 0.190623 0.807214
2 0.744498 0.574603 0.162865 0.165538 0.666134
2 0.108540 0.520451 0.075129 0.049195 0.539854
2 0.895099 0.535321 0.061867 0.043757 0.459329
2 0.908271 0.533729 0.087816 0.045629 0.403585
2 0.934163 0.535120 0.043296 0.048286 0.400423
2 0.266040 0.531861 0.096404 0.036363 0.393219
2 0.921224 0.534222 0.070031 0.048432 0.320773
2 0.199010 0.533074 0.042767 0.025118 0.313559
