2 0.713129 0.617539 0.188156 0.182310 0.910500
2 0.805613 0.558624 0.105147 0.126476 0.656256
5 0.727956 0.484858 0.180923 0.115866 0.472746
2 0.621532 0.571149 0.060980 0.085887 0.470884
2 0.863468 0.553294 0.065864 0.102608 0.430950
2 0.890903 0.557813 0.052677 0.072013 0.408511
2 0.448832 0.527054 0.084227 0.034537 0.394969
7 0.728535 0.484244 0.180599 0.112516 0.319384
2 0.319403 0.517569 0.057290 0.040922 0.316769
2 0.391891 0.527475 0.030555 0.023603 0.316717
2 0.850590 0.553104 0.073303 0.108088 0.271710
2 0.833948 0.553974 0.106496 0.109374 0.267178
