2 0.707419 0.636384 0.204492 0.207544 0.904259
7 0.668111 0.526652 0.199704 0.219128 0.494774
2 0.215794 0.520529 0.063889 0.046147 0.491248
2 0.574253 0.590428 0.122344 0.113421 0.448741
2 0.779659 0.570960 0.132429 0.158440 0.437198
2 0.358434 0.530575 0.088590 0.035041 0.402619
2 0.967163 0.506623 0.017045 0.019116 0.365113
2 0.858693 0.565032 0.041699 0.082810 0.325155
2 0.344087 0.530870 0.058305 0.031664 0.324801
2 0.298713 0.533239 0.036002 0.024714 0.310302
7 0.783447 0.570443 0.140073 0.153079 0.284966
