2 0.681090 0.703783 0.299396 0.312816 0.910373
2 0.493140 0.614115 0.162450 0.147477 0.860105
7 0.600015 0.496401 0.231602 0.195893 0.836522
2 0.742303 0.574895 0.164194 0.164495 0.653032
2 0.256947 0.531752 0.100045 0.039171 0.498127
2 0.893983 0.535990 0.081432 0.042372 0.470245
2 0.879297 0.536486 0.052989 0.039393 0.371806
2 0.905315 0.535364 0.062994 0.045776 0.325674
2 0.191814 0.533424 0.043083 0.029032 0.311244
7 0.099470 0.519826 0.075503 0.053911 0.308409
2 0.097575 0.520231 0.069771 0.048821 0.280082
2 0.240335 0.530621 0.062046 0.037862 0.257939
