2 0.361295 0.668571 0.254128 0.210462 0.924914
2 0.682561 0.797102 0.633273 0.404288 0.916180
7 0.505391 0.517870 0.285677 0.296057 0.780255
2 0.693912 0.549063 0.207497 0.114926 0.768517
0 0.874462 0.534644 0.025693 0.063733 0.588294
2 0.800651 0.525515 0.028378 0.028196 0.444389
2 0.134113 0.535874 0.106277 0.042413 0.436697
2 0.799581 0.537076 0.028115 0.055434 0.354295
2 0.047457 0.535386 0.059911 0.038502 0.319024
2 0.039225 0.528480 0.075099 0.053135 0.287177
2 0.165597 0.540168 0.046292 0.032592 0.260598
