2 0.682692 0.796478 0.633774 0.405642 0.925878
2 0.360729 0.667936 0.253151 0.209793 0.924070
2 0.694278 0.548721 0.208154 0.114796 0.788966
7 0.505192 0.518092 0.285508 0.297158 0.765141
2 0.133706 0.535804 0.111516 0.044120 0.467200
2 0.799492 0.537640 0.028943 0.052890 0.435686
2 0.800025 0.530389 0.029200 0.035759 0.404575
0 0.900425 0.537387 0.025364 0.060979 0.354446
2 0.047780 0.535217 0.059911 0.038864 0.323850
2 0.039742 0.527925 0.075131 0.054327 0.276741
2 0.165564 0.540038 0.046802 0.032419 0.273598
