2 0.1386367984937273 0.5204356054360738 0.0794819652453408 0.04626721337497891 57.328121185302734
2 0.9499000358494867 0.539625543164026 0.0976999283010267 0.051339721481645784 42.55384063720703
2 0.699288410000973 0.5893773335799113 0.18790368750105046 0.1879971665928583 16.027507781982422
2 0.2051053082444541 0.5235632332187904 0.0836986862922812 0.044492179544320276 53.24413299560547
2 0.48533538517573405 0.6018214348985118 0.1823386023621234 0.1408851838140911 15.321115493774414
2 0.7681588672369499 0.5736523037089232 0.11051055410121857 0.0957958248388524 22.159210205078125
2 0.2893425698554454 0.5288386919475732 0.09847206984837187 0.04088989321056202 49.004554748535156
2 0.5934766654802892 0.5053258961770621 0.23445771880250332 0.2617257195173276 21.486530303955078
2 0.5915152772613193 0.680056950551076 0.2817562870850668 0.2983355469947533 9.6884765625
9 0.5644606762277768 0.3373795286478775 0.011943790376188201 0.036432425982789396 30.043407440185547
