2 0.8294085394508126 0.5342540687725943 0.05216086120043528 0.0436204606931343 45.66846466064453
2 0.6497527902117424 0.6136441806195682 0.2165573841834848 0.23788564556167024 13.190402030944824
2 0.10467475264463949 0.5261734848078725 0.09425537094158237 0.04869903350440963 50.66074752807617
2 0.3899023998695065 0.6298167897288272 0.2331576038651852 0.1830914641042175 12.485503196716309
2 0.7226824940052514 0.5844896523829037 0.11868173200081833 0.11060319749241387 19.35287094116211
2 0.19769593286736198 0.5317892592987914 0.10937722961832544 0.044536289703380305 46.31850051879883
2 0.5222850370315021 0.5068485778910762 0.2693105378357639 0.31290074139641905 18.61468505859375
2 0.5074153528500646 0.7696395066088901 0.42408859001668947 0.45738765344888643 6.847063064575195
0 0.9829911963657195 0.525012242768161 0.012718404956502338 0.052042053242426556 47.53878402709961
9 0.39733053910740035 0.3295222342653329 0.013343743345651915 0.03831230018725862 28.785306930541992
9 0.3207588677212677 0.3362553411086725 0.013415799377641258 0.03664721895679113 30.397207260131836
9 0.4953090457587972 0.3209059375190775 0.013175333243501786 0.0404558806855459 27.20383071899414
