2 0.7842298516943556 0.5226174163882 0.03401594466770841 0.036067985571488714 54.9035758972168
2 0.6031605491066243 0.6440631458779089 0.25655464349848056 0.3080281489599676 10.804941177368164
2 0.27962590745060656 0.6671170115168952 0.31207146048130474 0.24513596010531502 10.159791946411133
2 0.684721117932177 0.5935454246128639 0.12866560009086114 0.12745806789187442 16.98627281188965
2 0.11201699226180298 0.5333487323663849 0.12153688162683896 0.04816575273327817 44.15055465698242
2 0.4523529971771987 0.5058117762072195 0.31559177333198934 0.37656585796321496 16.212093353271484
2 0.4143371719068842 0.775751842893695 0.8286743438137684 0.4451629808792765 4.49561882019043
2 0.9256966335107046 0.5368076222764419 0.05065742557032682 0.06547287149794401 35.798980712890625
0 0.9427288212711171 0.5208499645886567 0.009020497819061557 0.05144272706520453 47.17338180541992
9 0.3240287447014115 0.3099192177657293 0.015023503900944923 0.04259699776465625 26.46933364868164
9 0.2391793675440413 0.31718873884215965 0.015284023084572551 0.04082990114844487 28.135332107543945
9 0.4320486527487191 0.3006636361869486 0.014594291728273867 0.044861035308250086 24.84436798095703
9 0.9849981274700854 0.33472555508060575 0.014657582311396467 0.03687488505511055 33.90031433105469
9 0.9679396494448715 0.35115180010805835 0.012935216276710682 0.03292333357809196 37.335960388183594
