2 0.8226866085847921 0.5350133957990307 0.046194360198973494 0.04298743054795029 46.156471252441406
2 0.6445709589184716 0.6187369689853717 0.22093799401057124 0.2455724327866568 12.862981796264648
2 0.09313682177126914 0.5279496633863319 0.09563923685981579 0.049225406222627055 50.370723724365234
2 0.3777184842753596 0.6355379461251061 0.24129149361917812 0.1897686906396513 12.162067413330078
2 0.7183084819601412 0.5872455144256925 0.11987497075923503 0.11269798432071343 19.02849006652832
2 0.18728348463182437 0.5335745422531224 0.11080650589690022 0.04498565048338199 46.01509475708008
2 0.5141410051772799 0.5084232004689491 0.27448310130015 0.3202809808652722 18.283863067626953
2 0.49683124714882476 0.7711384988240644 0.4574444678173066 0.4543896690185377 6.521459102630615
0 0.9782474138519892 0.5262262964528686 0.012587197508979187 0.052194014955491363 47.30079650878906
9 0.38850539199273115 0.3287594546137874 0.013537829938138624 0.03881992342452062 28.463712692260742
9 0.3109557440045152 0.3355695009454891 0.013631784866404761 0.03714033367904951 30.081846237182617
9 0.48768487711712416 0.32004912641629235 0.01333862626855542 0.04098115891721993 26.877676010131836
