2 0.7831070535786979 0.5192480795327632 0.03543022585381361 0.0376799054427307 52.9068489074707
2 0.603171939511291 0.6383853032991424 0.25672254394037025 0.30798913497525293 10.797800064086914
2 0.03121117679662341 0.5229479857560011 0.06242235359324682 0.05297923980960667 48.593021392822266
2 0.2795033041912175 0.6617532591262938 0.3123388297912426 0.24480340560881775 10.152770042419434
2 0.6847439429683058 0.5883359804218526 0.12872384994234243 0.1273088302442823 16.979259490966797
2 0.11198650656406957 0.5285797090163302 0.12161527547196496 0.048127546239968955 44.14451217651367
2 0.45222287343292145 0.500407021420872 0.3159313859415773 0.3767737198124047 16.205398559570312
2 0.4147185242200406 0.7729500556214595 0.8294370484400811 0.4507665554237478 4.487752914428711
2 0.9665380101128804 0.5326275288938385 0.052436140386006524 0.06629751052065946 36.10596466064453
0 0.9434557814149499 0.5161624279584209 0.010422388592340459 0.05188445439823314 46.80110549926758
9 0.3238083146715245 0.3048016772727714 0.015072485682527836 0.042672409114834886 26.46383285522461
9 0.23889006355791897 0.31212460495937133 0.015343448949408284 0.04089890896297632 28.129961013793945
9 0.43192482772147395 0.295477323088443 0.014628349803344487 0.04494503397409377 24.838764190673828
9 0.9853543803766693 0.32944915422611437 0.014727735591630209 0.03693681317430664 33.89496612548828
9 0.9682481244500738 0.34592942515414526 0.012994474502258435 0.032973551068571694 37.33050537109375
