2 0.09511289418153347 0.5212528220506734 0.08354441294046136 0.047946909991924413 56.33863067626953
2 0.8909251695105227 0.5369042203746187 0.10035664960689028 0.04849400175882157 43.26291275024414
2 0.6773855939228355 0.5968937926498634 0.1973023871284566 0.20443982495939517 14.9150972366333
2 0.1644130484576175 0.5244018163880495 0.08760105799774402 0.04604164998133309 52.22072219848633
2 0.44814764129592316 0.6108005587455434 0.19885647246225313 0.15477390550059977 14.205151557922363
2 0.7474151280422872 0.5768953873225777 0.11315292761700246 0.10087515344097508 21.059303283691406
2 0.25194010392693983 0.529741699057824 0.10248471563130843 0.04220506136831448 47.943138122558594
2 0.5639659287715175 0.5054196327977091 0.2461172331949772 0.2793558400795945 20.36031150817871
2 0.5587180593920467 0.7111156526031366 0.31903550180393647 0.3547059482993399 8.571861267089844
9 0.4431891310358659 0.33947207104930943 0.012398660511464099 0.03581896342221158 30.492345809936523
9 0.37138092986886423 0.34602746811099255 0.012378388643852767 0.03422121235611719 32.07709884643555
9 0.5353319179025559 0.33105952801025135 0.012360682910638632 0.037881560099560674 28.92836570739746
