2 0.7823951553990836 0.5143650642569482 0.036308835656190586 0.038609245990693486 51.70521545410156
2 0.6031833353534355 0.63164955121614 0.25692907992350494 0.30795866764830926 10.789376258850098
2 0.031211673483163636 0.5173409735812525 0.06242334696632727 0.052950436681185986 48.58633041381836
2 0.27934857075926384 0.6553920250809064 0.31266353823804066 0.24441822049646844 10.14449691772461
2 0.6847719439184528 0.582157382787882 0.1287963553389948 0.12713723407029098 16.970983505249023
2 0.11194051167098987 0.5229214148172229 0.1217106906218483 0.04808431816003972 44.13740158081055
2 0.45206416291985363 0.49399044866298103 0.3163428214744637 0.3770390789594598 16.197509765625
2 0.41516666750177267 0.7696231895614571 0.8303333350035453 0.4574202875437523 4.478466987609863
0 0.9426881016988168 0.5103431522787059 0.010742400756945214 0.05208369410938618 46.60262680053711
9 0.32354051170294373 0.2987192023053416 0.015131086162223084 0.04276407480590905 26.45737075805664
9 0.23853870238967656 0.3061058961532527 0.01541448357141903 0.04098284541689917 28.123655319213867
9 0.43177406839732607 0.2893127210357829 0.014669173561621784 0.04504706317274332 24.83218002319336
9 0.9857868497897255 0.32318027122655757 0.014811605239386738 0.037012242830769426 33.8886604309082
9 0.9686234597536458 0.3397256933669648 0.013065312391785211 0.033034836118674527 37.324066162109375
