2 0.7813821714107776 0.5146896587856546 0.037371074360339374 0.03984832728556331 50.1114616394043
2 0.6032305124829771 0.6303725952561038 0.2569553890100749 0.3079534348812744 10.787792205810547
2 0.279343647962166 0.6540768691239403 0.3126952693765659 0.24434446064989757 10.142801284790039
2 0.6847942711158551 0.5809779082214988 0.12882586944213759 0.12712875895707165 16.969451904296875
2 0.11194434015396151 0.5216825072594664 0.12172238920651829 0.04809335289785488 44.1358528137207
2 0.45208507571759426 0.4927083548773185 0.31640650521382474 0.3770936660815388 16.19595718383789
2 0.4153378770894314 0.7689534082875608 0.8306757541788627 0.4587598500915451 4.476673603057861
0 0.9412691788059183 0.5094944017650848 0.01074091837919755 0.05233642987312459 46.34717559814453
9 0.323537814322329 0.2974535536094231 0.015136451078842594 0.04278222509810137 26.456005096435547
9 0.23851774640460754 0.30483005175811195 0.015422597098679963 0.04099981720060497 28.122285842895508
9 0.431796952175209 0.2880598495581326 0.014670642463716632 0.04506677735122144 24.83083724975586
9 0.98592268552328 0.3220538163976475 0.014834488617958774 0.03702372014602723 33.88759994506836
9 0.9687439354427578 0.3386072802489856 0.013084903412447724 0.03304390700932991 37.322975158691406
