2 0.07656079078142804 0.523845029789755 0.0855901617997116 0.04882157054623998 55.7791862487793
2 0.8668308258785438 0.5374218833200659 0.08371114265929847 0.04695332094965132 44.005584716796875
2 0.6716668690371196 0.6042301220984395 0.20367546841513406 0.21571826395692595 14.28719711303711
2 0.14723790493073677 0.5269942543144389 0.08960639328642438 0.04687603963782583 51.64189147949219
2 0.43218887034248255 0.6189332102576122 0.20966251633749655 0.16406629572387077 13.574079513549805
2 0.7424811747656787 0.5811918697497069 0.1151522600615853 0.10432913511365749 20.438995361328125
2 0.23643336954572397 0.5323656900694709 0.10461141519274123 0.04293660338836702 47.3425407409668
2 0.5530599224557499 0.5076859875659718 0.253695137307774 0.29077011026487093 19.723031997680664
2 0.5451017764752174 0.737203731824925 0.3459529803477768 0.39849140663069593 7.941616535186768
9 0.4303939497581875 0.3379093331508687 0.012695631346955727 0.03665801845501526 29.865562438964844
9 0.3570167389531981 0.34463166979438065 0.012701883143172277 0.03502505915915938 31.458498001098633
9 0.5245249937798899 0.32928484479151665 0.012619029260682701 0.038765725792841044 28.297273635864258
