2 0.0503440151123149 0.5218100060265464 0.08834279102883202 0.050034924422197646 55.22573471069336
2 0.8431072059648218 0.5351397010445945 0.06446199607381953 0.04502647613223121 44.91384506225586
2 0.6592434631436099 0.6087441014093917 0.21092284970285835 0.22817766371108272 13.649828910827637
2 0.12288224789986985 0.5251795789631041 0.09225011609622967 0.047955634698962024 51.06727600097656
2 0.40843477522003124 0.6239533299505489 0.22264333373904394 0.17457468530364784 12.939275741577148
2 0.7311208598830669 0.5824705753113428 0.117194921501665 0.10794826977501071 19.808208465576172
2 0.21424009348973666 0.5308058125370647 0.10732401251447929 0.04391862205496466 46.74371337890625
2 0.5355942760143841 0.5063714611558928 0.2625264302567651 0.30320502962442736 19.07826805114746
2 0.523695623630591 0.7655949359131584 0.3852057632651169 0.45380832632747825 7.304433822631836
0 0.9920727253483956 0.5250073324506193 0.012806188603291635 0.051891555662421596 47.88383483886719
9 0.41160860450415515 0.3321357845066292 0.013083519756107498 0.03760399931935815 29.23577880859375
9 0.3364067423786745 0.3387731327336647 0.013124180695712473 0.03595315023963164 30.839019775390625
9 0.5079415775710057 0.32363256068120777 0.012958677074699665 0.03973152430348936 27.66069221496582
