2 0.1244819299831536 0.5218781424561842 0.08076818689696763 0.04683348322440456 57.04317092895508
2 0.9372860964435876 0.5409957106216647 0.11477185736779771 0.050458162205041734 42.68003463745117
2 0.6912223484518176 0.5933935611927624 0.1903978635730027 0.19253451091737145 15.708043098449707
2 0.1918173481405422 0.5251094498481026 0.08491927035572455 0.044994504744728325 52.9495735168457
2 0.4732131105153066 0.6060191164948685 0.18686741667035556 0.14469368845186192 15.000570297241211
2 0.7603751840885707 0.5765614326803072 0.11115417377403891 0.09723969572347757 21.843294143676758
2 0.27704337484772906 0.5305051877111804 0.0996992609960026 0.04134269438771776 48.69926834106445
2 0.5834189403624582 0.5072557903517634 0.23765668837682757 0.26646899569227955 21.16309928894043
2 0.5806456272855769 0.6900143744427962 0.29147286329381944 0.31292350984324835 9.367847442626953
9 0.4648756414452355 0.34561287368057536 0.012058383274456297 0.03477854337883912 31.281024932861328
9 0.5546526307848423 0.33744879408879147 0.012072016740343083 0.03680760382566822 29.722734451293945
