2 0.7833366669393835 0.5203515451309144 0.0351397376730499 0.03734849436171672 53.306766510009766
2 0.6031671096155414 0.640022486712285 0.25667346125018203 0.30799824716636365 10.79986572265625
2 0.031209812883097748 0.5243117132968651 0.062419625766195495 0.05298655904903793 48.594669342041016
2 0.27953839014813076 0.6633001743756513 0.3122607830052962 0.24489798427206955 10.154802322387695
2 0.6847359157145632 0.5898381728244285 0.1287066398853688 0.1273511373244438 16.981287002563477
2 0.11199535145844144 0.5299558428641333 0.12159251442095076 0.048138313644518926 44.14625930786133
2 0.4522595406761254 0.501966455944616 0.3158326207245363 0.37671161637128653 16.207334518432617
2 0.4146042439783958 0.7737584903856818 0.8292084879567916 0.44914968589530313 4.490027904510498
2 0.9586375264171548 0.533955853296122 0.05223473465738038 0.06631715971093333 36.045433044433594
0 0.9432957276913401 0.5175493318906302 0.009780858185619468 0.05179438790277208 46.87611389160156
9 0.3238714254837587 0.30627908070282933 0.015058340014807992 0.0426504527617485 26.465425491333008
9 0.23897323833271594 0.3135866477886282 0.015326287742168127 0.04087881421350342 28.13151741027832
9 0.4319597905720096 0.2969745109963261 0.0146185142846606 0.04492058114815567 24.84038734436035
9 0.9852492739706913 0.3309714845192473 0.01470739154192191 0.036918768008899316 33.89651107788086
9 0.9681569381350921 0.34743607538237586 0.012977290287326637 0.03295890977876087 37.33207702636719
