2 0.7949521119811889 0.5322239074503774 0.03822904126691362 0.04133482839503755 48.37002182006836
2 0.6191782717552407 0.637058617281204 0.24384633034330205 0.28568470532127577 11.448755264282227
2 0.04509854612652396 0.5279629047157843 0.09019709225304792 0.0518009401703482 49.1389274597168
2 0.3162543031743555 0.6566670594093102 0.28534735823000257 0.22473794932748448 10.777177810668945
2 0.6975065036001 0.5935452658695695 0.12582493575449438 0.12277186356426817 17.62621307373047
2 0.138608339005429 0.533894310713491 0.11774330100126484 0.04724886117651017 44.72182083129883
2 0.47505976337370315 0.5083329725557454 0.3010606208436235 0.35686452556363074 16.857450485229492
2 0.43185673834300187 0.7747654476948564 0.6940369123811487 0.4471357712769537 5.123460292816162
0 0.9538981218234153 0.5259173252650934 0.00968733960234558 0.05243857843284555 46.560176849365234
9 0.34734690326679635 0.3174116638106894 0.01453627391693979 0.0412914690144372 27.085411071777344
9 0.26503274236439045 0.3243387447931597 0.014727578336157732 0.03955011011956927 28.734174728393555
9 0.45234228052001085 0.3085749679476433 0.014201312845854797 0.043526307944211196 25.475425720214844
9 0.9815464441046843 0.35680198489657067 0.012865584584122125 0.03255612150692749 37.92366027832031
