2 0.029257756169756285 0.5247377759847338 0.05851551233951257 0.051665112684815495 54.417667388916016
2 0.8198600508846305 0.5345793242790904 0.04388677007709596 0.042683165973895876 46.39969253540039
2 0.6422769683650567 0.620460902700258 0.2232309903817079 0.24963034478328067 12.69918441772461
2 0.08762396035251072 0.5280592286261601 0.09631023192126903 0.049482644144746124 50.22576904296875
2 0.3717695263342822 0.6376327361097984 0.24553303780732877 0.1932298616240402 12.00030517578125
2 0.7164256545649005 0.5877991261004959 0.12050706102966213 0.11376108419927333 18.866243362426758
2 0.18232559870408144 0.5336825714991311 0.11150625214892268 0.0452040694178758 45.863399505615234
2 0.5103112003819261 0.5083454906007024 0.2771590428200598 0.3241162262962303 18.11835289001465
2 0.49165694733657017 0.7714651635999186 0.47613882481860736 0.45373633946682945 6.3586039543151855
0 0.9761944711417574 0.5260075983005478 0.0125471215095323 0.05228040914564397 47.177913665771484
9 0.3843075550945685 0.3275329015232308 0.013634929765520665 0.03908719543995687 28.303022384643555
9 0.306255963339632 0.3343932191264255 0.013738095148612961 0.03739848005758839 29.92430877685547
9 0.484110026499588 0.3187599393216125 0.0134226781426795 0.04125983578226805 26.71468162536621
