2 0.7828739825006764 0.5178717758671868 0.0357252432277968 0.03801077266356834 52.506595611572266
2 0.6031755762089279 0.636430505969092 0.25678237628646705 0.30797940386540357 10.795331954956055
2 0.03121203449385347 0.5213201661865112 0.06242406898770694 0.05297066577790244 48.591060638427734
2 0.27945877378319856 0.659906697172817 0.3124331113583536 0.2446911661420601 10.150345802307129
2 0.684752305171907 0.5865425422724501 0.1287447701007649 0.12725866621270576 16.976835250854492
2 0.11197446689545448 0.5269370366842081 0.12164268835079856 0.048114822798603574 44.14242935180664
2 0.45217735573482276 0.4985448959156467 0.3160504244252243 0.3768493129073761 16.20308494567871
2 0.41484971697106693 0.7719846595578925 0.8296994339421339 0.4526973475508814 4.485035419464111
2 0.9733824212045532 0.5309002976462498 0.05073515759089364 0.06643640029290565 36.169437408447266
0 0.9432257628412573 0.5144817036472826 0.010543050948585875 0.05195124859671929 46.73509216308594
9 0.32373148582522226 0.30303707025330806 0.015089436697937053 0.042698802803514346 26.461933135986328
9 0.23878915510362164 0.3103784227565034 0.015364003550979805 0.040923069914798826 28.128108978271484
9 0.43188176136643985 0.2936889852794804 0.014640149478012399 0.04497442164822135 24.836830139160156
9 0.9854796228088247 0.3276306568865784 0.014752044300970879 0.03695851772233172 33.89311599731445
9 0.9683567899278054 0.3441297407354491 0.013015006755872971 0.03299117178980354 37.32861328125
