2 0.11765981725800291 0.5224479829212023 0.08139362602727226 0.04708485223837655 56.89623260498047
2 0.9263845842601535 0.5409746099527388 0.11241373695652024 0.05002712589803393 42.758182525634766
2 0.6875943373996913 0.5949172287648506 0.19172961453990678 0.19489038745324305 15.542708396911621
2 0.18542982958945609 0.5256767932123958 0.08551670566870664 0.04522665130450387 52.79759216308594
2 0.46738203783138493 0.6077678700762564 0.18926366610846934 0.14671862420612447 14.834813117980957
2 0.7569167623704275 0.5774420183897033 0.11151036194951791 0.09797377478905045 21.679779052734375
2 0.2711571115497689 0.5310760718177142 0.1003083490726403 0.04153676049968391 48.54164505004883
2 0.5786948045556883 0.5077076290067571 0.23933026157961235 0.2690227266264791 20.995769500732422
2 0.5754641109747517 0.6948599279909993 0.2967680597298454 0.32088922989078605 9.201945304870605
9 0.4597451310900141 0.3451405531862688 0.01213020080506555 0.03498291375319057 31.116485595703125
9 0.5499885155210245 0.33695663362233086 0.01213011357799254 0.037014805318198396 29.5570011138916
