2 0.7846510316585095 0.5229052696488246 0.033492719770160884 0.035476628273002575 55.70098876953125
2 0.6031603029447663 0.6450810019296032 0.25652340138724794 0.30803402614433406 10.806303977966309
2 0.27965126127038675 0.6680780931712929 0.3120209235937624 0.2451940990929684 10.161126136779785
2 0.6847183933946508 0.594480285239235 0.12865508553471372 0.12748481576246828 16.987611770629883
2 0.11202410532665363 0.5342041528435599 0.12152262263198953 0.04817273288765722 44.15170669555664
2 0.45237847672014386 0.5067812207711788 0.31552973573867754 0.376528049532315 16.213376998901367
2 0.41426648226181056 0.7762539949193852 0.8285329645236211 0.4441586768278961 4.49710750579834
2 0.9088123761236679 0.5374010605713813 0.050068698003844614 0.0651688356199559 35.680213928222656
0 0.9424396575154659 0.5216111079594794 0.00917993626434388 0.05127270951007723 47.32098388671875
9 0.3240701278271803 0.310837092432374 0.015014672993140965 0.04258351685076117 26.470396041870117
9 0.239233192710901 0.3180969687792683 0.015273316760127581 0.040817563253540856 28.136367797851562
9 0.4320726147641589 0.30159392687888986 0.01458813976005019 0.044846021829136495 24.8454532623291
9 0.9849361224257525 0.3356724816166941 0.01464504628616592 0.03686386783858853 33.90134811401367
9 0.9678862458852746 0.35208905922741207 0.012924630263602244 0.03291441113081478 37.33701705932617
