2 0.7878423411457128 0.5198821753317849 0.029699188263171195 0.03157931391882718 62.46943283081055
2 0.6031568648982224 0.6467510251004303 0.25648062513968944 0.30805699954420984 10.808199882507324
2 0.031203718183230655 0.5298934115378027 0.06240743636646131 0.053019353586801654 48.60130310058594
2 0.2796769324130039 0.6696484173842658 0.31195136392760214 0.24530008830638583 10.163000106811523
2 0.6847122346995598 0.5960104812727633 0.12864146401342424 0.12753327728193342 16.989471435546875
2 0.11202824862715836 0.5355916423405687 0.12150026292193603 0.048185918534947136 44.15331268310547
2 0.4524152710827102 0.5083616990093176 0.3154362830334026 0.37647759528457 16.215145111083984
2 0.41416819723541026 0.7770732570107808 0.8283363944708205 0.44252015264510514 4.499222755432129
2 0.7611953922702159 0.5375309437121119 0.046097644388092385 0.06330822282827964 34.605384826660156
0 0.9400855569831073 0.5218909053306837 0.009080898731759435 0.04989279674704111 48.567264556884766
9 0.3241335622119771 0.3123272341466879 0.015000093720801633 0.04256221544132466 26.471826553344727
9 0.23931573648825705 0.319569898033004 0.015255711862385196 0.04079811175409165 28.137767791748047
9 0.4321092019360776 0.30310619981689135 0.014577882878159809 0.04482223794758783 24.846906661987305
9 0.9848385863704167 0.33722370445503763 0.014625226589688456 0.03684608904508002 33.902732849121094
9 0.9678019884718273 0.3536245335677637 0.012907899484345897 0.032899990694411796 37.33843231201172
