2 0.787505384493998 0.520351303861669 0.03010305336072272 0.031888869392141195 61.673980712890625
2 0.6031559788298282 0.6467107620577413 0.25648169341017285 0.30805582749845606 10.808164596557617
2 0.03120347361542434 0.5298608207246175 0.06240694723084868 0.05301909842212216 48.60127639770508
2 0.2796758394984998 0.6696106729310762 0.3119527214741036 0.2452970447254641 10.162965774536133
2 0.6847117020142266 0.5959737624974903 0.12864176409012396 0.1275319384855106 16.989437103271484
2 0.1120280837350283 0.5355586495743299 0.12150076061549944 0.048185557752416064 44.153282165527344
2 0.45241388024341245 0.5083239525933743 0.31543843058574755 0.37647829867479066 16.215112686157227
2 0.4141669909196331 0.7770536451462472 0.8283339818392662 0.4425593763741722 4.49918270111084
2 0.7782611180374817 0.5375748639110904 0.04655039951611062 0.06350489666619763 34.7029914855957
0 0.9403548942261728 0.521924794609685 0.009112391128922925 0.05005094692512646 48.42074203491211
9 0.32413176883960887 0.3122918386207578 0.015000444026532334 0.04256269588766198 26.471803665161133
9 0.2393135464535844 0.3195349378558179 0.015256133605482114 0.04079854980577652 28.137744903564453
9 0.43210796764411696 0.30307024537448 0.014578131222592494 0.044822775307041096 24.846881866455078
9 0.9848403119907796 0.3371865662942236 0.014625674727349436 0.03684649701929671 33.9027099609375
9 0.9678034637710932 0.3535877614222399 0.012908278185912447 0.032900322168534946 37.338409423828125
