2 0.7866195073134243 0.521491460893944 0.03117452032391188 0.032827283066305446 59.68429946899414
2 0.6031572807013068 0.6465663981527001 0.2564843720083601 0.30805296206942206 10.808011054992676
2 0.031202927797892462 0.5297438199911906 0.062405855595784925 0.05301820607907659 48.601158142089844
2 0.2796755647083633 0.6694756226804919 0.31195760909909764 0.24528720134741244 10.162814140319824
2 0.6847127940073947 0.5958417594991848 0.12864253698280181 0.1275273898827789 16.989286422729492
2 0.11202824415796418 0.5354401595300434 0.12150266448149719 0.04818427190462082 44.15315246582031
2 0.4524114449427336 0.5081881514765393 0.3154456924615242 0.3764819091680138 16.214969635009766
2 0.4141769407213017 0.7769832161743999 0.8283538814426034 0.44270023431786665 4.499009609222412
2 0.821913495622537 0.5376030736854691 0.0477424353092597 0.06408924150644502 34.99290466308594
0 0.9410368245339346 0.5221330584968018 0.00918933171850389 0.05045080964170995 48.05451965332031
9 0.3241267147142056 0.3121643186211476 0.015001720074138192 0.04256448589469569 26.471689224243164
9 0.23930690478654318 0.31940904363427447 0.015257667953532117 0.04080018168293714 28.13763427734375
9 0.4321051415799779 0.3029406377183699 0.014579038313703385 0.04482477762293102 24.84676742553711
9 0.9848484938075719 0.3370525269918162 0.014627326036326105 0.03684801749184535 33.9025993347168
9 0.9678105287306447 0.35345508445524193 0.012909670882521707 0.03290155740252565 37.338294982910156
