2 0.7869831534866629 0.5210452473261624 0.030727258694575155 0.03242307887251006 60.48039245605469
2 0.6031564140738541 0.646637330921111 0.256483734802865 0.3080553157503881 10.808079719543457
2 0.031203024688036943 0.5298012669384424 0.062406049376073885 0.05301865605502509 48.6012077331543
2 0.27967470469721345 0.669542220156364 0.311956315593352 0.24529280148342192 10.162880897521973
2 0.684712292385333 0.59590636512021 0.12864231198914244 0.12752979500340156 16.98935317993164
2 0.1120278441705192 0.5354982931189013 0.1215018160655829 0.04818490205239567 44.1532096862793
2 0.4524122111177231 0.508254570146111 0.315442787206039 0.37648090318510463 16.21503257751465
2 0.41417307613307336 0.7770177606532043 0.8283461522661467 0.44263114536025816 4.499087333679199
2 0.8042810699450075 0.5376018049663678 0.04726308849792371 0.06385260974847917 34.867835998535156
0 0.9407628494305431 0.5220523096745673 0.009159350517329523 0.0502901164358201 48.20100402832031
9 0.32412881698776563 0.3122265766521022 0.015001123468925404 0.04256365359415332 26.471738815307617
9 0.23930972217535168 0.31947055764621185 0.015256944798024308 0.04079942261852598 28.13768196105957
9 0.4321062409858151 0.30300385095515714 0.014578622153445076 0.044823847019034746 24.846817016601562
9 0.9848447043428541 0.33711772413105834 0.014626525127900969 0.03684731227458227 33.90264892578125
9 0.9678072517430065 0.35351964884233233 0.012908994046774258 0.032900984470065675 37.33834457397461
