2 0.7871596207950406 0.5208121695884982 0.030512604655060116 0.03223394851971795 60.8783073425293
2 0.6031565795488383 0.6466606171466844 0.2564832139706811 0.3080558968771522 10.808097839355469
2 0.031203138160132475 0.529819889215871 0.06240627632026495 0.05301881456055402 48.601226806640625
2 0.27967501972218506 0.6695638962345457 0.31195551730514637 0.2452944844018179 10.162900924682617
2 0.6847123516123308 0.5959276157841145 0.1286421863967111 0.1275305797445031 16.989370346069336
2 0.11202787187712265 0.5355171848497211 0.12150151261276744 0.048185131010347604 44.153228759765625
2 0.452412837919609 0.5082763540035256 0.3154415791641082 0.37648042152134376 16.215049743652344
2 0.41417266636959227 0.7770290638146842 0.8283453327391845 0.44260853903729813 4.499109745025635
2 0.795549438384634 0.5375955360283493 0.04702250773364769 0.06372694104501075 34.81057357788086
0 0.9406266019818048 0.5220377501839633 0.00914396762706704 0.050210146481452056 48.27425765991211
9 0.32412977586305924 0.31224695489889753 0.015000912729655036 0.04256337154238826 26.471750259399414
9 0.23931092020380296 0.3194906520155752 0.015256693065130417 0.04079916592202981 28.137693405151367
9 0.43210686333197473 0.3030245933753831 0.014578469989451226 0.044823530906024256 24.84682846069336
9 0.9848435902430137 0.3371393439313079 0.014626270642138617 0.03684706823717032 33.90266036987305
9 0.96780629521175 0.35354104787169915 0.012908779521844105 0.0329007858580434 37.338356018066406
