2 0.7860581337424689 0.5220527158206586 0.0318338558257063 0.033573986830502944 58.489479064941406
2 0.6031579295752469 0.646328392646403 0.2564906912689351 0.30804979713128544 10.807753562927246
2 0.03120355884229276 0.5295482689577065 0.06240711768458552 0.053016876607303476 48.6009521484375
2 0.27967201309813006 0.6692518699487344 0.311967662607054 0.24527215080818277 10.162558555603027
2 0.6847139810373046 0.5956236207720969 0.12864453833575673 0.1275205012591939 16.98903465270996
2 0.11202811058671099 0.5352424468125183 0.12150580603642028 0.04818236842195178 44.15293502807617
2 0.45240642739781556 0.5079628860929929 0.3154591426041238 0.3764891420604261 16.214731216430664
2 0.4141905740619226 0.7768664759387949 0.8283811481238452 0.44293371478907684 4.498720169067383
2 0.8483265429283875 0.537525698851398 0.0485695410411594 0.06434399071613495 35.19520950317383
0 0.9414524398982134 0.5221459240145191 0.009229889040031414 0.05069394281197398 47.834659576416016
9 0.3241179825259638 0.311951960363422 0.015003802403294741 0.0425675182243298 26.47149658203125
9 0.23929547170053717 0.3191991655603041 0.015260179666858081 0.0408029479238351 28.1374454498291
9 0.43210021997361847 0.30272508978907847 0.014580506875188304 0.04482816719581806 24.84657096862793
9 0.984862879310691 0.3368312524792008 0.014630154085896518 0.036850565831136106 33.90241241455078
9 0.967823020376759 0.35323606396875373 0.012912058000720594 0.03290362478000203 37.338104248046875
