2 0.7852689011786005 0.522611564873203 0.032763452714157926 0.03463803348825978 56.89605712890625
2 0.603157586063173 0.645728336561962 0.25650671823330573 0.3080421193095532 10.80705738067627
2 0.031204432102421072 0.5290574429630759 0.062408864204842145 0.05301348597149902 48.600406646728516
2 0.279660892142896 0.6686891933403395 0.3119939631152109 0.24523468219205902 10.161876678466797
2 0.6847151998485975 0.5950736725167504 0.12864932085216996 0.12750288876738192 16.98834991455078
2 0.11202541126916335 0.5347458536494311 0.12151406084949469 0.04817743056868218 44.15235137939453
2 0.4523914754064412 0.5073955931034035 0.3154934322299752 0.37650774704441103 16.214082717895508
2 0.4142246754199096 0.7765725774389725 0.8284493508398192 0.44352151178872157 4.497948169708252
2 0.8833256984501221 0.5374771480718763 0.04927742026114279 0.06498691807811419 35.455440521240234
0 0.9420124736427212 0.5219685686059925 0.009251215769737309 0.05102229386221585 47.541255950927734
9 0.324093571819177 0.3114175740231532 0.015009138896186602 0.04257520126588654 26.47097396850586
9 0.23926415059390527 0.3186712650035687 0.015266601211261138 0.04080996268774778 28.136934280395508
9 0.4320854965989982 0.302182369406823 0.014584293091582323 0.04483674701434992 24.846036911010742
9 0.9848964893095472 0.3362726599681505 0.014637184284899352 0.036856999443762695 33.90189743041992
9 0.9678519099406993 0.35268319610500226 0.01291798820192247 0.03290884550041728 37.33757781982422
