2 0.7868035188886082 0.521284663986693 0.030945978318622225 0.032617943208734235 60.082420349121094
2 0.6031569196666502 0.6466201669361399 0.25648374372612753 0.3080547262244174 10.808061599731445
2 0.03120304068702923 0.5297875797026611 0.06240608137405846 0.053018535748710516 48.601192474365234
2 0.27967526609701493 0.6695262180461006 0.31195652942418095 0.24529142871227616 10.162862777709961
2 0.6847126081475037 0.5958907494749734 0.12864231025652295 0.12752918356699172 16.989336013793945
2 0.11202802746034476 0.535484411149218 0.12150202565919778 0.0481847311219179 44.15319061279297
2 0.4524122062851582 0.5082385772831681 0.3154433969258858 0.3764811265243394 16.215015411376953
2 0.4141747808350852 0.7770094443967036 0.8283495616701704 0.4426477778732594 4.4990668296813965
2 0.813068958642571 0.5376118569340522 0.04750643170112123 0.06398090561497771 34.92801284790039
0 0.9408996197938594 0.5220725216586207 0.009174418543795637 0.050370336571766094 48.12776184082031
9 0.32412840485270533 0.3122116443151916 0.01500127194504497 0.04256385329531098 26.471723556518555
9 0.23930913623278155 0.31945582833671965 0.015257123538349432 0.040799604352360186 28.137666702270508
9 0.4321060721532856 0.30298865824036975 0.014578727452443485 0.04482407085536244 24.8468017578125
9 0.9848456848128051 0.33710189789364153 0.014626713155624693 0.03684748540097421 33.90263366699219
9 0.9678081022965732 0.35350397983846116 0.012909152629930642 0.032901125421219424 37.33833312988281
