2 0.7884934129160384 0.5189058610424907 0.028916863606904708 0.03085181083504529 64.06068420410156
2 0.6031568852494648 0.646789931050415 0.2564792309770469 0.3080569469497809 10.80825138092041
2 0.031204036867016477 0.5299252624267343 0.062408073734032954 0.05301956849207512 48.601348876953125
2 0.27967809351244843 0.6696847677152056 0.3119490498318895 0.24530208159099953 10.16305160522461
2 0.6847120389224384 0.5960462803571492 0.12864107213297982 0.12753432096481676 16.989521026611328
2 0.1120285385316043 0.5356238917845896 0.1214996830122963 0.04818624051861242 44.15335464477539
2 0.45241638811013707 0.5083986587896582 0.31543370505755713 0.3764759487771565 16.215192794799805
2 0.4141651039118334 0.7770923517292583 0.8283302078236668 0.4424819632081499 4.499279022216797
2 0.7281607160122125 0.5374417174425206 0.04546280369340405 0.06334321853491198 34.346229553222656
0 0.9395513429763446 0.5217010078546847 0.00901799803617287 0.04957942598501669 48.8602294921875
9 0.3241352861096764 0.312362106179646 0.014999731385577642 0.042561691244282274 26.471866607666016
9 0.2393179451787018 0.31960431861169086 0.015255279083469242 0.0407976335469612 28.137805938720703
9 0.43211024464416337 0.3031416521182338 0.014577621390335638 0.04482165200777788 24.846946716308594
9 0.9848361957896969 0.33726029250600276 0.014624763559556997 0.03684564791671219 33.90277099609375
9 0.967799929202654 0.35366072904351525 0.012907509693003916 0.03289963277084351 37.338470458984375
