2 0.7858649445562502 0.5222227464647402 0.03206248914832166 0.03383441649903929 58.091156005859375
2 0.603158220849934 0.6462207387162087 0.256493786326405 0.3080489477655055 10.807618141174316
2 0.27966992130224594 0.6691508322975501 0.3119728236981075 0.24526583777381028 10.16242790222168
2 0.6847145210324175 0.5955248023663327 0.12864548454422364 0.12751748325720547 16.988901138305664
2 0.11202763445446833 0.535152980360132 0.12150731113506799 0.04818151180164032 44.15282440185547
2 0.45240388362213046 0.5078608115739777 0.31546554102425445 0.37649290296065496 16.2146053314209
2 0.4141983468824653 0.7768136360130394 0.8283966937649306 0.4430393946405877 4.498572826385498
2 0.8571011384690086 0.537477653072246 0.04881205289050461 0.06448737867888121 35.25834655761719
0 0.94159193535738 0.5221447487360422 0.009240460318338695 0.05077556833566821 47.76134490966797
9 0.32411367988824547 0.3118556594011008 0.01500476327083472 0.042568921770352985 26.47139549255371
9 0.239289887992917 0.31910401616885187 0.015261335882741672 0.04080422930300098 28.137346267700195
9 0.4320977162890909 0.302627308236321 0.01458118847226686 0.044829734700686075 24.846467971801758
9 0.9848693484609371 0.3367307924211431 0.01463143827652047 0.03685173891325477 33.90230941772461
9 0.9678286001089993 0.35313664374421494 0.012913141001891115 0.03290457621720411 37.3380012512207
