2 0.788173797988682 0.5194002286944761 0.029300326484247186 0.031232673603022287 63.265018463134766
2 0.6031574050675687 0.6467785677065623 0.2564790282136842 0.3080563486430148 10.808248519897461
2 0.03120410134878828 0.5299162592949163 0.06240820269757656 0.05301948339131657 48.601341247558594
2 0.2796788321719652 0.66967415011841 0.31194891046298373 0.24530100699168766 10.163045883178711
2 0.6847123279163565 0.5960359967794282 0.12864101682970885 0.127533872736862 16.989519119262695
2 0.11202876590251223 0.5356147619561387 0.12149980442925268 0.0481861229025774 44.15334701538086
2 0.45241656271140795 0.5083881543540099 0.31543392643661555 0.37647592679639263 16.21518898010254
2 0.4141663741989322 0.7770868707416843 0.8283327483978644 0.4424929251832982 4.499273777008057
2 0.7445616484595386 0.5374661896489912 0.04570077045900378 0.06338589722058563 34.473941802978516
0 0.9398175699597031 0.5217594868976547 0.009049408972212514 0.049735607563599904 48.71372985839844
9 0.3241351430229422 0.31235233507573124 0.014999824087544578 0.042561812892373374 26.471864700317383
9 0.2393176996732302 0.31959467613469883 0.015255391683469094 0.04079774418880172 28.13780403137207
9 0.43211024448134616 0.30313171617533075 0.014577685768415005 0.04482178844035445 24.846946716308594
9 0.9848368333005701 0.3372499379994047 0.014624884737955868 0.03684575419657127 33.902774810791016
9 0.9678004847703581 0.3536504716789254 0.012907612090317211 0.0328997193875909 37.33847427368164
