2 0.7876747249313483 0.5201173930834526 0.029901830915743832 0.03173377071942263 62.071685791015625
2 0.6031574046090493 0.6467322822315198 0.2564806777723553 0.3080564115292107 10.808181762695312
2 0.031203724485139882 0.5298782466309417 0.062407448970279764 0.05301923451767665 48.601287841796875
2 0.27967746041077407 0.6696308341606804 0.31195164457462643 0.24529863184100997 10.162981033325195
2 0.6847125658294114 0.5959934080152431 0.12864149307690553 0.12753264552809507 16.98945426940918
2 0.1120284230225824 0.5355762934568628 0.12150049030802985 0.048185751175851 44.15329360961914
2 0.4524152618549311 0.5083441445543598 0.3154369833142996 0.37647788756469897 16.215126037597656
2 0.41417010928519365 0.7770641272398734 0.8283402185703873 0.4425384121869198 4.499201774597168
2 0.7697023532533797 0.5375557661924439 0.04632129117149808 0.06340470057832648 34.65284729003906
0 0.9402202431515811 0.5219090659326324 0.009096585114996447 0.04997174626804607 48.49399948120117
9 0.3241331187254143 0.3123107821831366 0.015000251219508931 0.04256243683206429 26.471813201904297
9 0.23931509704918932 0.31955364537627196 0.015255902868224092 0.040798313638036376 28.137752532958984
9 0.4321090326552214 0.3030894919776971 0.014577992596771394 0.04482248552348789 24.846891403198242
9 0.9848397043379671 0.33720646169308555 0.014625439950053498 0.03684627680921809 33.90272521972656
9 0.9678029588394295 0.35360745968139895 0.012908079670465478 0.032900143239105784 37.33842468261719
