2 0.7923010332635072 0.5146896587856546 0.03661712889452218 0.03984832728556331 50.30046844482422
2 0.6552917952382653 0.6303725952561038 0.23564307234824522 0.3079534348812744 10.893689155578613
2 0.037335879291626045 0.5160843377820625 0.07467175858325209 0.052955389996582725 48.29195785522461
2 0.3334442186705915 0.6540768691239403 0.29623980152835416 0.24434446064989757 10.027667999267578
2 0.7164585092249671 0.5809779082214988 0.12317808640059613 0.12712875895707165 17.108171463012695
2 0.12484700890417803 0.5216825072594664 0.1217226344773559 0.04809335289785488 43.89394760131836
2 0.4858180818508825 0.4927083548773185 0.30171399726937675 0.3770936660815388 16.197795867919922
2 0.5754234287835269 0.7689534082875608 0.8466531424329461 0.4587598500915451 4.513522148132324
0 0.9538523409346175 0.5094944017650848 0.01073192054694716 0.05233642987312459 46.62263107299805
9 0.34387583435904034 0.2974535536094231 0.014919622856821302 0.04278222509810137 26.344528198242188
9 0.2580693869967474 0.30483005175811195 0.015222211819855835 0.04099981720060497 27.957015991210938
9 0.4531363018119031 0.2880598495581326 0.014431938527639687 0.04506677735122144 24.791738510131836
9 0.9846939936778303 0.3386072802489856 0.013319283978689533 0.03304390700932991 37.610137939453125
