2 0.7944857657212734 0.5229052748628666 0.03287504716094347 0.035476628720518266 55.891517639160156
2 0.6550115333324086 0.6450810378452163 0.235071167553641 0.3080340261322676 10.912031173706055
2 0.037325518633430727 0.5285209413916799 0.07465103726686145 0.053010192871383754 48.307010650634766
2 0.33371018993470136 0.6680781223659242 0.29567344285224784 0.2451941109714455 10.046208381652832
2 0.7163755051360927 0.5944803021539282 0.12297965062862926 0.12748482009232653 17.126178741455078
2 0.12492464369111503 0.5342041596908393 0.12152824054363576 0.04817273347038464 43.90988540649414
2 0.4860246191541713 0.5067812442261945 0.30090844103465386 0.3765280495227127 16.215232849121094
2 0.5766626124635741 0.7762540151649681 0.8441747750728518 0.4441586363367305 4.533823013305664
2 0.9249235624631218 0.5374010691578011 0.05043752850153582 0.06516883571438192 35.9401741027832
0 0.9547724055454176 0.5216111145318791 0.009325364735694452 0.05127270950970958 47.596893310546875
9 0.34435768418135193 0.3108371031815558 0.014806290898070673 0.04258351666066623 26.35903549194336
9 0.25873818501471746 0.3180969791137748 0.015080700318762352 0.0408175630778288 27.97123146057129
9 0.45335642574322654 0.301593938155987 0.014358789859726606 0.04484602161991269 24.80643653869629
9 0.9838049802269002 0.35208906766137515 0.013153553702536125 0.03291441100952802 37.624107360839844
