2 0.7932989803555637 0.5178717758671868 0.035038262783942176 0.03801077266356834 52.696292877197266
2 0.6551432090715155 0.636430505969092 0.23540200522433918 0.30797940386540357 10.901144981384277
2 0.03733110696034547 0.5213201661865112 0.07466221392069095 0.05297066577790244 48.2982177734375
2 0.33354084892393526 0.659906697172817 0.2960226117279192 0.2446911661420601 10.035289764404297
2 0.7164126826372271 0.5865425422724501 0.12308561677365626 0.12725866621270576 17.115478515625
2 0.12487589791718387 0.5269370366842081 0.121645152696587 0.048114822798603574 43.90054702758789
2 0.48587337798671576 0.4985448959156467 0.3013877772109782 0.3768493129073761 16.204914093017578
2 0.5758944839541975 0.7719846595578925 0.845711032091605 0.4526973475508814 4.521809101104736
2 0.9814681719253271 0.5309002976462498 0.03456365614934587 0.06643640029290565 36.4611930847168
0 0.9557161927097098 0.5144817036472826 0.010530931472249816 0.05195124859671929 47.011451721191406
9 0.3440479711118564 0.30303707025330806 0.014876126317631688 0.042698802803514346 26.350479125976562
9 0.2583208784238323 0.3103784227565034 0.015166853511694112 0.040923069914798826 27.96286964416504
9 0.45319742529302975 0.2936889852794804 0.014405342306813507 0.04497442164822135 24.797740936279297
9 0.984293312385103 0.3441297407354491 0.013247109374048605 0.03299117178980354 37.615726470947266
