2 0.07598586357643915 0.5232671615183312 0.08680400202292995 0.049403774053266014 55.22403335571289
2 0.868904338824449 0.5370028763199736 0.0751821162360422 0.046056724762667756 44.66619110107422
2 0.7067058962771777 0.6072780747567197 0.19489341955187278 0.22207594386966878 14.096867561340332
2 0.14797195203835167 0.5265528766127316 0.09081875312488291 0.04739734355026026 51.11380386352539
2 0.46230573749692383 0.6220521672019792 0.20772161285798751 0.16932784186561867 13.214160919189453
2 0.7658418309780317 0.5825816135203512 0.11251892499131488 0.10626895622487731 20.28574562072754
2 0.2387453125929491 0.5320811448440248 0.10598956253753916 0.043429751931883476 46.854671478271484
2 0.5739098278594821 0.5076831454417393 0.2487466747763819 0.2970784052364103 19.44754981994629
2 0.6352545306210677 0.7518263089583583 0.3730823771596768 0.42568717691353053 7.693993091583252
9 0.44062334265751774 0.33561016518017384 0.012750848361602007 0.037125136871744624 29.49347496032715
9 0.36561670014208036 0.3422948389019327 0.012782163400312185 0.03547735770406957 31.04094886779785
9 0.5368122478977286 0.3270368706083756 0.01263913357544777 0.039251161267581935 27.98798370361328
