2 0.09598233939235648 0.5219205620861785 0.08454233727626058 0.048366504961504686 55.81183624267578
2 0.8906181047238886 0.5364358839521415 0.09378385758282504 0.047713746137211466 43.859580993652344
2 0.7114518900499707 0.5996144046269705 0.18906746385491657 0.20969163915425637 14.75063705444336
2 0.1664593487396399 0.5250580590464108 0.08860936197526256 0.046441382489243566 51.722164154052734
2 0.4780373957357241 0.613960224682895 0.19655965862346064 0.15909679442183233 13.878353118896484
2 0.770732544152717 0.5782382997335533 0.11059994138095686 0.10247289872607857 20.932065963745117
2 0.25541632635070755 0.5304001707362055 0.10366138404586439 0.042549410347546335 47.48599624633789
2 0.5850009886300278 0.5058134500680267 0.24104300474334217 0.2847412699027171 20.115129470825195
2 0.6354364798125347 0.7222490102673899 0.33094312299346174 0.374404201030754 8.350485801696777
9 0.4540158888166831 0.33807731796577123 0.012408933082054263 0.03622623216894599 30.15190887451172
9 0.3807202562287839 0.3447181168968062 0.01241179161467637 0.03461241213314886 31.691356658935547
9 0.5480477927752796 0.32955694494634713 0.01233856183985893 0.0383092635340484 28.649887084960938
