2 0.8202795535403331 0.5320191110686328 0.03915933083273193 0.04168902188942536 47.84995651245117
2 0.6789353335605735 0.6290160645210685 0.21737487241039777 0.2709176476861671 12.046311378479004
2 0.07435746601255767 0.5268915051276674 0.09948393249977452 0.050776280372747395 49.276180267333984
2 0.391265789092089 0.6474251338701931 0.25544535407315433 0.21136682245610994 11.159196853637695
2 0.7389011313523183 0.590118275251277 0.11897419703117262 0.11927195882258934 18.253469467163086
2 0.17229301943163078 0.5326864145649703 0.11494063866429313 0.04636288515862197 44.93305206298828
2 0.5243343046586574 0.5070877642457041 0.27869656102511325 0.3436362030807533 17.36224937438965
2 0.6285688604583033 0.7727286344888893 0.6130826711086341 0.451209397688888 5.649664402008057
0 0.9798788864200965 0.5248236813910541 0.010486546574694722 0.052519664412678746 47.07159423828125
9 0.38495780438272154 0.32036518914400114 0.013970760221502232 0.04040800864524491 27.460750579833984
9 0.30366802327904674 0.32734809334945325 0.0141275614898278 0.03867097193025221 29.044832229614258
9 0.4888375176225457 0.3114408765816813 0.013682904229207482 0.04264162849801795 25.930971145629883
