2 0.12764480991576355 0.5224479706931875 0.08141444906866739 0.0470848377100333 56.65658950805664
2 0.9399420557766001 0.5409745858154391 0.1134151553485373 0.05002710315023051 43.02544021606445
2 0.7226598787394548 0.5949170873261453 0.1820007513859987 0.19489014095272805 15.688921928405762
2 0.19590344909769633 0.5256767794848116 0.08557040431672697 0.04522663636023527 52.59576416015625
2 0.5028253108806497 0.6077677270198003 0.18299228349565977 0.14671843331308698 14.830231666564941
2 0.7820864607644094 0.5774419435585119 0.10838519566141314 0.09797368718033239 21.859800338745117
2 0.2822345917920528 0.5310760555274305 0.10047457293183987 0.041536745616529536 48.39166259765625
2 0.6041840115414534 0.5077076050750705 0.2316015945794626 0.2690224767465428 21.070899963378906
2 0.6427570812428589 0.694859457318547 0.28605551947529373 0.3208884267368435 9.293817520141602
9 0.4766116573327243 0.3451406210185669 0.012013267532548277 0.03498289540632615 31.094682693481445
9 0.567772082264509 0.3369567094252061 0.012000119380581431 0.037014784786280064 29.597335815429688
