2 0.792477288442068 0.5110869210098445 0.036390091486816045 0.03951814691849892 50.694419860839844
2 0.6553062395388899 0.6266899377192375 0.23578458122456514 0.3079472662205652 10.889124870300293
2 0.03732729313136336 0.5131607922121322 0.07465458626272672 0.052933478973409054 48.288475036621094
2 0.33334599542397664 0.65068200439426 0.2964180339200114 0.244142474090013 10.023199081420898
2 0.71646286090907 0.5776050179724744 0.12321439662015587 0.12702089696952124 17.103668212890625
2 0.12480364406211178 0.5187105731329132 0.1217803715638716 0.04805830683896645 43.89020919799805
2 0.4857108776210347 0.4892449184451656 0.3019372714829691 0.3772487771372457 16.193527221679688
2 0.5750383486429461 0.7671620809831604 0.8474233027141078 0.46234250470034577 4.508500099182129
0 0.9542502279915652 0.5061220717342048 0.010832562243865751 0.05227770424077799 46.68239974975586
9 0.3436997395788618 0.2942020813431524 0.014954268547142824 0.04283333315744098 26.341064453125
9 0.25784694945864783 0.30163039029751365 0.015263579769739133 0.04104640428364925 27.953659057617188
9 0.45302483533981236 0.28474191028885987 0.014456959240686018 0.04512395727765922 24.78818130493164
9 0.9848738469077872 0.33516393199100747 0.0133551128384366 0.03308043815497991 37.60654067993164
