2 0.825882136052305 0.5319105709701578 0.04020422405294599 0.04197061427117599 47.353057861328125
2 0.6824183321552117 0.6242740570718627 0.21331778179595606 0.2621045069140699 12.35295295715332
2 0.0851939217920464 0.5269889775511158 0.09806850936679552 0.05019254595128719 49.548919677734375
2 0.4024229786073741 0.6425227484957492 0.24666472895455588 0.2037192723146184 11.46576976776123
2 0.7422162713845941 0.588071909917049 0.11780080711302987 0.11695286511364433 18.557483673095703
2 0.1820070927429946 0.5326093460116745 0.11348158223330931 0.04581402705773152 45.21888732910156
2 0.5314833739329525 0.5066442962030989 0.2733548284465004 0.33566531926345616 17.674484252929688
2 0.6266215872832088 0.7717195751753869 0.5582864478415852 0.45322751631589275 5.954072952270508
0 0.9845145400935087 0.5239921996052764 0.011464518655558753 0.05247785402405447 47.2071418762207
9 0.39284029371030016 0.32254556704666193 0.013742798626190267 0.03988181480954761 27.764240264892578
9 0.31257087773141434 0.3295822000806964 0.013880035020044146 0.03815891820487011 29.34233856201172
9 0.4954608202510997 0.31354868422440874 0.013482600413811385 0.04209836039122161 26.23858642578125
