2 0.09154085637877044 0.5229175361164006 0.08505164384412472 0.048588777884863044 55.66734313964844
2 0.8848997185660661 0.5369606410836297 0.08960291841127821 0.04733308707686912 44.04694747924805
2 0.7106618568267385 0.6019130999935405 0.19042451613524647 0.2126139396773557 14.590754508972168
2 0.16235829103035562 0.5260600858257178 0.08910952154232447 0.04665388699129547 51.57273483276367
2 0.47464321240490903 0.6164340927577514 0.19913281663919125 0.16150565150444662 13.715743064880371
2 0.7699096864182948 0.5797325312382448 0.11105565755834867 0.10337785783518227 20.774049758911133
2 0.2517305867612113 0.5314158648707795 0.10419349607370831 0.042738529780524726 47.331077575683594
2 0.5826616627001961 0.5067829887993589 0.24282254466631487 0.2876741404397701 19.951814651489258
2 0.6356810033126364 0.729467057732536 0.3403402333772601 0.3858943118580761 8.189842224121094
9 0.4510673178504665 0.33805005180608394 0.012482946527336114 0.03643677263547618 29.990541458129883
9 0.3773724473070096 0.34473113850735637 0.012492909266111296 0.03481363713707081 31.531843185424805
9 0.5456085962399466 0.3294782409850425 0.01240220209639653 0.03853181196684574 28.4877872467041
