2 0.7940581893244492 0.5223054779944535 0.033649872026514704 0.036380499528698707 54.69491195678711
2 0.6550365752131254 0.6433522942131864 0.23513826137477345 0.3080231711740669 10.909804344177246
2 0.03732607448280755 0.5270839096368543 0.0746521489656151 0.05300194259948954 48.30521011352539
2 0.33367400847768414 0.666446775151015 0.29574526906478177 0.245094500476583 10.043977737426758
2 0.7163815351344336 0.5928930026652648 0.1230003919765893 0.12743900699831145 17.12398910522461
2 0.1249136995696139 0.5327533826982477 0.1215517493894445 0.04816070066200995 43.9079704284668
2 0.48599219900048796 0.505135804582125 0.30100475524134845 0.3765915623279374 16.213117599487305
2 0.5765036098246477 0.775401611174168 0.8444927803507046 0.4458634443183307 4.531373500823975
2 0.9502878475454924 0.5363842757353898 0.05135143984644874 0.06562885549899533 36.132598876953125
0 0.9552686877891376 0.5202895666792443 0.009020818095808347 0.051529018789478076 47.37553787231445
9 0.34429382946445575 0.3092798594644975 0.014820335052930733 0.04260637622860275 26.357275009155273
9 0.2586528653036042 0.31655632770468567 0.015098001786334747 0.04083847851508088 27.969511032104492
9 0.4533226121825198 0.30001533703057465 0.01436818748861679 0.04487148822251663 24.804645538330078
9 0.983899499426019 0.3504971688163824 0.013172106423125829 0.03292959613821894 37.62238311767578
