2 0.13441194101649484 0.5218781544463758 0.08079382398970193 0.04683349759229072 56.80714416503906
2 0.9459085874219741 0.5409957349407609 0.10568282515605165 0.05045818529144763 42.95269012451172
2 0.7259253597921826 0.5933936990275299 0.18091564196302834 0.19253475145078752 15.856234550476074
2 0.202235919445851 0.5251094633287035 0.0849780024058332 0.04499451952600331 52.751407623291016
2 0.5082448056493425 0.6060192557934532 0.18077870920236033 0.14469387410282708 14.999676704406738
2 0.7853797496530645 0.5765615063157595 0.10809167727021163 0.09723978198496108 22.025283813476562
2 0.2880662023834587 0.5305052037353 0.09987086214177593 0.04134270911978044 48.55295181274414
2 0.6087054057045722 0.5072558136355946 0.2300873673841527 0.26646924084987683 21.24109649658203
2 0.6455950682907994 0.6900148236291608 0.27945833492474037 0.31292427418501056 9.462004661560059
9 0.5723412387580771 0.33744871894537876 0.011944908780452734 0.03680762413211913 29.766189575195312
