2 0.7936069748301533 0.5203515515268229 0.034472095766559185 0.037348506186168806 53.496673583984375
2 0.6550864048460157 0.6400227653397511 0.2352635562112545 0.30799886012165817 10.90564250946045
2 0.037328924375352866 0.5243117224583458 0.07465784875070573 0.052986578887592894 48.30185317993164
2 0.3336104091172354 0.6633004788952481 0.29587702701310403 0.24489848796204516 10.039803504943848
2 0.716395027658024 0.5898382646853308 0.12304081366212782 0.1273512782596159 17.119901657104492
2 0.12489624633057016 0.5299558546214103 0.1215963308588465 0.048138332880524826 43.90440368652344
2 0.485934691716283 0.5019664583056964 0.3011874930297936 0.37671210634139646 16.209177017211914
2 0.5762130201140666 0.7737585456159002 0.8450739597718668 0.44914957543486633 4.526777744293213
2 0.9736921851652778 0.5339558697485433 0.050115629669444384 0.06631719186047014 36.32984924316406
0 0.9557497002288282 0.5175493383478891 0.009752488860723107 0.051794406962144324 47.15250015258789
9 0.3441757460038227 0.3062789650769314 0.014847089216533271 0.042650480252404754 26.3540096282959
9 0.2584936711012174 0.31358654082456283 0.015131033170532548 0.0408788394789823 27.96632194519043
9 0.45326212961911955 0.2969743838534479 0.014385986507847837 0.044920611625312246 24.801326751708984
9 0.9840862341870553 0.3474360039621127 0.013208079056791555 0.0329589262297863 37.61918258666992
