2 0.7939098873378128 0.5218464967424673 0.03391989788231087 0.03669816309262508 54.29576873779297
2 0.6550512205497971 0.6424675321074582 0.23517129222917832 0.30801599152037934 10.908711433410645
2 0.03732721160409955 0.5263475915788292 0.0746544232081991 0.05299777568205155 48.3043212890625
2 0.33365878415922334 0.6656107615330185 0.29577946871766625 0.24504194049531525 10.042877197265625
2 0.716385786209579 0.592081277184787 0.12301086078813872 0.12741546253465863 17.122915267944336
2 0.12490979725000699 0.5320102838088905 0.12156350559912368 0.048154668595877026 43.90703201293945
2 0.4859778428354974 0.5042939260881317 0.30105262776306047 0.37662284521157585 16.212081909179688
2 0.5764299509028772 0.7749651744002279 0.8446400981942458 0.4467363178662106 4.5301642417907715
2 0.9586192011625339 0.5357984519570174 0.051812300407955814 0.06587175078239016 36.19843292236328
0 0.9554036894576835 0.5195756569198176 0.00886380093005612 0.051616337562224834 47.30145263671875
9 0.3442631666829752 0.30848301237309916 0.014827429073112963 0.04261802139492177 26.356414794921875
9 0.258611341681655 0.3157677616023269 0.015106762021316333 0.04084913296078546 27.968669891357422
9 0.45330717151315203 0.2992078269045415 0.014372904727524172 0.044884462021886506 24.803773880004883
9 0.9839491715607555 0.34968395888543113 0.013181643888861005 0.03293734120037711 37.62154769897461
