2 0.7928165438604151 0.5124937083135138 0.03587225432936436 0.03890445190794556 51.493682861328125
2 0.6552576011110839 0.6291137450071083 0.2356857666521346 0.30795040982810135 10.892142295837402
2 0.03732996888543232 0.5152280887734042 0.07465993777086465 0.052940274663635045 48.29096603393555
2 0.33339525426629735 0.6529966769309797 0.2963213826292738 0.24427511274736302 10.02625846862793
2 0.7164487709428887 0.5798315751804537 0.12317867854034681 0.12707417254324693 17.106632232666016
2 0.1248242990446608 0.5207895494787765 0.12174695253392676 0.04806874237100134 43.89284896850586
2 0.4857453119759667 0.491573174854819 0.30180032363758397 0.3771433162935606 16.196401596069336
2 0.5752481806782719 0.7683697961243319 0.8470036386434563 0.45992707441800273 4.511843681335449
2 0.9926868396160764 0.5244927384714149 0.012126320767847365 0.06669391435565264 36.65918731689453
0 0.9549215001080378 0.50814452776502 0.010806138443973379 0.052149510552822964 46.8123893737793
9 0.3437815252639194 0.2964253918688512 0.014935704002697392 0.04279915540371987 26.34345817565918
9 0.2579610968916969 0.3038360056549985 0.0152402966129363 0.041014985565233864 27.95600700378418
9 0.453061501286324 0.28698809689544624 0.014445124453568825 0.04508608580873291 24.79060173034668
9 0.9847205668454295 0.33738829782037877 0.013326992844970853 0.033058335582222376 37.608829498291016
