2 0.7931419007450442 0.5162231939890214 0.03532325009267456 0.0383225468053921 52.295631408691406
2 0.6551800589587393 0.6341609644877351 0.23548978929307463 0.3079687858941837 10.898340225219727
2 0.03733153615980481 0.51943115104965 0.07466307231960961 0.052960919568978415 48.295955657958984
2 0.3334973208583487 0.6577633874958198 0.2961146071487122 0.24456114691147324 10.032475471496582
2 0.7164243036896889 0.5844607652599607 0.12311398555249375 0.12720071935911637 17.11272430419922
2 0.12486133379960032 0.525030720584863 0.12167644037950415 0.04810021374083007 43.89814758300781
2 0.4858345348247073 0.4963830756973138 0.3015147041075244 0.37693834630452205 16.202260971069336
2 0.5756964352412672 0.770863787406089 0.8461071295174656 0.45493909185448866 4.518706321716309
0 0.9554762710038389 0.51252030598529 0.01064114647186265 0.052017616992194815 46.945167541503906
9 0.3439663093282129 0.30098798183887693 0.01489455772145104 0.04272964918962885 26.348289489746094
9 0.2582104845204186 0.30835082282242043 0.015189578401772652 0.04095131475925934 27.960729598999023
9 0.45315596440978345 0.2916122216320647 0.014417644996826684 0.04500875623366196 24.795513153076172
9 0.9844248834306126 0.34203966013131815 0.013271808292879328 0.03301179070016563 37.61357879638672
