2 0.06831943075643288 0.5223523748956032 0.08757885298167302 0.04974393115006509 55.08576965332031
2 0.8618936232500377 0.5361855371663673 0.07043137090098806 0.04552531618379296 44.89653396606445
2 0.702873028820141 0.6080585231066549 0.19636234714132372 0.22518142576030087 13.937390327453613
2 0.14083614168594438 0.5257133855608531 0.09155438298821855 0.04769285302052684 50.97005844116211
2 0.4557507691880734 0.6229680485496181 0.21079810217628558 0.17195042248204506 13.054110527038574
2 0.76204516067759 0.5826085938633352 0.11291339588281657 0.10713569991789695 20.127714157104492
2 0.23221269133443456 0.5313252116432396 0.10673086772637388 0.04369845639273706 46.704647064208984
2 0.568715686214446 0.5070434075187349 0.2507911338110035 0.3001433660815597 19.285667419433594
2 0.6320638452590983 0.7586225264465654 0.38457205244076537 0.4395671614614205 7.534441947937012
9 0.4350624982364494 0.33382350563411495 0.01285196187945642 0.03736523176756956 29.335357666015625
9 0.3595819756367621 0.3404551941733534 0.012893687519383301 0.03571657335964984 30.885440826416016
9 0.5318038971591128 0.32532301107432005 0.012725961490273163 0.039491067822213066 27.82819366455078
