2 0.8034474476688023 0.5308157972677556 0.0378216235043648 0.041180872011046366 48.81556701660156
2 0.6646408611098245 0.6382618395104033 0.22637477449779153 0.29052414694875983 11.409897804260254
2 0.048048280183458816 0.5273591886918025 0.09609656036691763 0.05207843826641079 48.72972869873047
2 0.35949760637741746 0.6584522407112181 0.2766055073207837 0.22914335489397575 10.533082962036133
2 0.7255951063127362 0.5932097510794117 0.12119809947312188 0.1238562353275382 17.621124267578125
2 0.14542792034850963 0.5332640140659841 0.11859290793967552 0.04747129528471439 44.356754302978516
2 0.5026514709027228 0.5073427613391525 0.29074191460764315 0.361268574620824 16.71843910217285
2 0.6204835714114463 0.7747419309804704 0.7565328571771076 0.4471828047057259 5.021974086761475
0 0.9634755739869804 0.5247072299107268 0.00967714643017148 0.05243350041066375 46.77253723144531
9 0.36209681942089367 0.3152645634931951 0.014449026336588788 0.04159000417900355 26.841251373291016
9 0.27843532309630337 0.32224957216353334 0.01466675295189912 0.039841733207297836 28.44060516357422
9 0.4687704160516917 0.30635734308024637 0.014078455533432899 0.043832963413170445 25.299245834350586
