2 0.04770387632370899 0.5219968302434708 0.08970423817058147 0.05056492120677475 54.6881103515625
2 0.8456168055647229 0.5340000658173164 0.057126324444665366 0.04403711428312085 45.63593292236328
2 0.6935301818736996 0.611346801877421 0.2007161678771734 0.23442383380110027 13.475419044494629
2 0.12170418386108961 0.5253429664642916 0.0935808901679923 0.048447339946116275 50.556182861328125
2 0.43795968682010417 0.6272142480477005 0.22011516780336693 0.18006653601976597 12.591536521911621
2 0.7528921866861722 0.5832421109720567 0.11408032185554173 0.10964913065202786 19.66977310180664
2 0.21478722372584227 0.5309579830487798 0.10879506814464152 0.04432390570132061 46.27213668823242
2 0.555088397047441 0.5061366229150112 0.2567626418426518 0.3095113248732022 18.816871643066406
2 0.6249745231965118 0.7689630341898277 0.42205651705141 0.4587405982870113 7.072930335998535
9 0.4200924998131662 0.32989830223824157 0.013102758879397214 0.038073915522007284 28.87818145751953
9 0.3432369725264921 0.33659720444288077 0.013176028492943248 0.03641460442893424 30.436279296875
9 0.5184643536118497 0.3213231491647525 0.012933338048828569 0.04021069173242098 27.365650177001953
