2 0.054313874525352836 0.521651131586526 0.08900281028296202 0.05029818298560906 54.82024383544922
2 0.8503972555663837 0.5343171610805437 0.06122521588492125 0.04453247389877468 45.38532638549805
2 0.696351897195353 0.6097435624238062 0.1992249754887827 0.23123185697916582 13.629061698913574
2 0.12782944510170421 0.5250093639015041 0.09291117177303058 0.04819923646512436 50.69373321533203
2 0.4436944827981011 0.6252807943853501 0.21691356988981014 0.17725285418971537 12.745341300964355
2 0.7556421546620378 0.5825898374149687 0.11367566436596477 0.10877956874698824 19.822078704833984
2 0.22035186668156972 0.5306300581016223 0.10811120465120932 0.04411906592583914 46.41592025756836
2 0.5593910924382135 0.5059866406013216 0.25472936110182837 0.3063107821181669 18.972854614257812
2 0.6269514051271339 0.7685944680054895 0.40872407907210206 0.45947773065568764 7.226319789886475
9 0.42485176092513943 0.3307685867391525 0.01301964949523049 0.037839049048212337 29.030309677124023
9 0.34845370621006977 0.3374362537910423 0.013081993407802694 0.03618396768682708 30.585704803466797
9 0.5226771049281653 0.3222300083653481 0.012865325473447653 0.03997119712103875 27.519594192504883
