2 0.1104184916984323 0.5215571495412712 0.08304408092787732 0.047739751094812266 56.22406005859375
2 0.9120854358094397 0.5378876019584538 0.10490085366822544 0.04888477260703861 43.36052322387695
2 0.7157064377451098 0.5963870686524866 0.1854362022373952 0.2019930466150347 15.208159446716309
2 0.17984746600154222 0.524723255248027 0.08714683550801286 0.04584512131177787 52.14850616455078
2 0.4892445452668021 0.6100265081916134 0.1896441625911579 0.15275023470357763 14.342885971069336
2 0.7750633021203528 0.5770079785644282 0.10942566514363905 0.10014530098680074 21.384376525878906
2 0.2675509854722218 0.5300748859765305 0.10211727895742487 0.04204205778635095 47.928043365478516
2 0.5933501427082201 0.505975406380171 0.23623351524398067 0.2767778365375142 20.58160400390625
2 0.6374276046015839 0.706849012040871 0.30715250641388814 0.34588329147250974 8.810393333435059
9 0.46407799371088543 0.34086140445691554 0.012209032706767375 0.035613440599895796 30.61216926574707
9 0.5566748813393814 0.33250734155330897 0.0121660298211973 0.03766731414512342 29.112390518188477
