2 0.7937590741895719 0.52120690669703 0.03419249967068472 0.03702091311164546 53.896385192871094
2 0.6550667140375954 0.6413706240434942 0.2352116137708381 0.3080067311969357 10.907350540161133
2 0.03732823126867214 0.5254346878010631 0.07465646253734427 0.05299266879182324 48.30322265625
2 0.3336381195043465 0.664574118910618 0.2958218668958355 0.24497640486583871 10.041511535644531
2 0.7163896125229292 0.5910751891510253 0.12302402129588319 0.1273862737329846 17.121580123901367
2 0.12490418928894759 0.5310890326599469 0.12157809710527474 0.048147257507347496 43.90586471557617
2 0.48595877297088985 0.5032503018229176 0.3011122424208792 0.37666150099848233 16.210792541503906
2 0.5763360256118989 0.7744240385854491 0.8448279487762023 0.44781858949576836 4.528660297393799
2 0.9668616089559183 0.5350011534137384 0.05228258450950796 0.06615989477018136 36.264530181884766
0 0.9555743243343726 0.5186756095828169 0.00924450490627382 0.051704777649928535 47.22713851928711
9 0.34422430117737035 0.30749511123911233 0.014836218353561192 0.042632479078338004 26.355350494384766
9 0.2585590327113829 0.31479007898179445 0.015117618035075442 0.04086236365888324 27.967628479003906
9 0.45328713976534235 0.298206767769191 0.014378746018002153 0.04490056504090045 24.802690505981445
9 0.9840099728871761 0.3486761522597962 0.013193466765565098 0.03294695363164263 37.620506286621094
