2 0.8274370529605086 0.5327571358622848 0.041590446883348675 0.04214497130887018 47.102787017822266
2 0.6830813154787067 0.6229202637432995 0.21142973327095582 0.25788340970783824 12.50573444366455
2 0.08943044659202322 0.5273192969152746 0.09750522965290895 0.04996414841467778 49.6861686706543
2 0.4067379108617939 0.6408311652573657 0.2427156752994845 0.20018451646444135 11.6192045211792
2 0.7428398690901159 0.5879246525697153 0.11722122934270518 0.11587853612892807 18.708845138549805
2 0.18577169279804145 0.532937718572505 0.11288055105728662 0.045615537153676056 45.36245346069336
2 0.5340143098590479 0.5071637117587469 0.27092380215305467 0.33180762246567064 17.83023452758789
2 0.6245857963983181 0.771605385293897 0.5345425587513362 0.4534558960788726 6.106166839599609
0 0.9856328197338251 0.5246120167813165 0.01202352271749818 0.052426055219978285 47.27691650390625
9 0.39590528873536757 0.32414904877665857 0.01365352579709972 0.03962103120389049 27.91598129272461
9 0.3161111034377069 0.3311255001106975 0.013784428273503846 0.03791038959395271 29.491321563720703
9 0.4979179410557494 0.3152291449412729 0.01340264823305587 0.041821696109998086 26.392108917236328
