2 0.7966170031836937 0.5198821753317849 0.029203836689715046 0.03157931391882718 62.66149139404297
2 0.6549871721518901 0.6467510251004303 0.23501559365538072 0.30805699954420984 10.913924217224121
2 0.03732313380513884 0.5298934115378027 0.07464626761027768 0.053019353586801654 48.308536529541016
2 0.3337320289318014 0.6696484173842658 0.29561541001556424 0.24530008830638583 10.048117637634277
2 0.7163687497918213 0.5960104812727633 0.12296282010037451 0.12753327728193342 17.128036499023438
2 0.12492851940419383 0.5355916423405687 0.12150648630462141 0.048185918534947136 43.91150665283203
2 0.48605193415439374 0.5083616990093176 0.3008226672004817 0.37647759528457 16.217018127441406
2 0.5767827380270618 0.7770732570107808 0.8439345239458764 0.44252015264510514 4.535935878753662
2 0.7768866304322783 0.5375309437121119 0.046380624402940884 0.06330822282827964 34.78317642211914
0 0.9520885017927354 0.5218909053306837 0.009216678898912867 0.04989279674704111 48.84196472167969
9 0.3444154883389582 0.3123272341466879 0.01479265381149708 0.04256221544132466 26.360496520996094
9 0.2588155160035249 0.319569898033004 0.015063962388298935 0.04079811175409165 27.9726619720459
9 0.45338682799649743 0.30310619981689135 0.014349575933198688 0.04482223794758783 24.807918548583984
9 0.983717215002609 0.3536245335677637 0.013136214275943137 0.032899990694411796 37.62553405761719
