2 0.7946225176207022 0.5229288376912324 0.03263146798382943 0.035193588279610055 56.29011917114258
2 0.6550032243473505 0.6454411154915816 0.23505817699137432 0.3080379278944344 10.912469863891602
2 0.037324340734091604 0.528819827981804 0.07464868146818321 0.05301200218948443 48.307376861572266
2 0.3337134788535287 0.6684181561445851 0.2956608651096797 0.24521624220410643 10.046656608581543
2 0.7163724088804042 0.5948105407328164 0.12297576112771236 0.12749470391745765 17.126609802246094
2 0.1249248413622681 0.5345059017531788 0.12152359843857377 0.04817531417701759 43.9102668762207
2 0.4860287686581105 0.507123324648604 0.300889953660916 0.3765162752193849 16.21565055847168
2 0.5766867295225049 0.7764313544539512 0.8441265409549903 0.44380395775876436 4.534310340881348
2 0.9164760120290176 0.5375816042196033 0.05020716114113344 0.06512109412616551 35.86470031738281
0 0.9546078955154498 0.5218586342033036 0.009362121282292524 0.05118870969445766 47.670413970947266
9 0.3443688312912403 0.3111604817852442 0.014803417394389173 0.04257886172620051 26.359384536743164
9 0.2587536582862461 0.31841692716083847 0.015077152694200902 0.040813309230839756 27.971576690673828
9 0.4533614924767966 0.3019217333950147 0.01435687800955937 0.04484082853615745 24.80678939819336
9 0.9837841266516028 0.3524198434038202 0.013149698410007349 0.032911292723315166 37.62443923950195
