2 0.796278315889924 0.520582486138052 0.029792389786674978 0.032051392742427076 61.468021392822266
2 0.654989217697447 0.6466855697798543 0.23501768352567687 0.30805586229350257 10.913871765136719
2 0.037322924854331065 0.5298401562255617 0.07464584970866213 0.05301896103748838 48.30849838256836
2 0.3337323379191868 0.6695871173450461 0.2956172164775879 0.24529575977080087 10.048063278198242
2 0.7163695485272638 0.5959505722257457 0.12296329163748987 0.12753126813455873 17.127986907958984
2 0.12492866124165998 0.5355377310058074 0.12150733549327072 0.04818535200434859 43.911460876464844
2 0.4860514485475787 0.5083000050606539 0.30082564383945243 0.37647936693706885 16.216968536376953
2 0.5767806774005036 0.7770412765641553 0.8439386451989928 0.4425841135383559 4.535873889923096
2 0.8026355485355402 0.5375876185769255 0.04706709605517245 0.06361144316626066 34.94874954223633
0 0.9525506951137046 0.5220250370918258 0.009265407709090123 0.05013040896847032 48.622459411621094
9 0.3444135620727531 0.31226923016699126 0.014793193601479349 0.04256303565232494 26.360458374023438
9 0.2588128331992232 0.31951261846904666 0.015064622839366049 0.040798859817475774 27.972625732421875
9 0.45338596134193654 0.3030472653285585 0.014349943628183703 0.04482315501340761 24.807880401611328
9 0.983720762940216 0.3535643192392368 0.013136878700852783 0.03290055369686801 37.6254997253418
