2 0.7968390581385094 0.5194002314874822 0.028817299074537228 0.031232681755249514 63.45722198486328
2 0.6549875646952033 0.6467788419094198 0.23501441374468102 0.30805696182225945 10.913957595825195
2 0.03732343292430779 0.5299162672221356 0.07464686584861557 0.05301950314567161 48.30856704711914
2 0.3337334275475991 0.6696744504703305 0.2956137835594279 0.24530150973921783 10.048151016235352
2 0.7163689856925514 0.5960360860109889 0.12296241417991038 0.1275340131912679 17.128070831298828
2 0.12492888463462495 0.5356147724380533 0.12150608392532797 0.04818614204919669 43.91153335571289
2 0.48605296931226527 0.5083881535300199 0.30082078832459364 0.37647641614746075 16.21704864501953
2 0.576787346573877 0.7770869232679409 0.8439253068522461 0.4424928201307846 4.535973072052002
2 0.7602427388176828 0.5374662028400248 0.04595202748574123 0.06338592658415643 34.64160919189453
0 0.9517830651498942 0.5217594913987634 0.009184331813364532 0.049735625137691974 48.988277435302734
9 0.3444168661653516 0.3123522178242226 0.014792410081604868 0.04256184030915283 26.360523223876953
9 0.25881723910832366 0.3195945675610029 0.015063667036964434 0.040797769391068384 27.972686767578125
9 0.45338771999480987 0.3031315873930731 0.014349405993361486 0.04482181882844344 24.807945251464844
9 0.9837158696992101 0.35365039900994555 0.013135925770197954 0.032899735805218044 37.62556076049805
