2 0.7961620675368748 0.5208121639150605 0.02999183143420825 0.032233939559410674 61.07005310058594
2 0.654988418654087 0.6466603252241527 0.23501825280737632 0.3080552837023184 10.913838386535645
2 0.03732272108245304 0.5298198780628955 0.07464544216490608 0.05301879455408687 48.3084716796875
2 0.3337312950943774 0.6695635814661027 0.2956181810806905 0.2452939757993089 10.048029899597168
2 0.7163690902088086 0.5959275181972494 0.1229635664129598 0.12753043715404355 17.127952575683594
2 0.12492845537132677 0.5355171709812381 0.12150765734691295 0.04818511157577188 43.911434173583984
2 0.48605047156802444 0.5082763432503177 0.30082706213867205 0.37647993215998554 16.216936111450195
2 0.5767774959313766 0.7770290012965442 0.8439450081372468 0.44260866407357824 4.535837650299072
2 0.8113292396924228 0.5375955184652462 0.04730574951418953 0.06372691122135077 35.00877380371094
0 0.9527054673958196 0.5220377423226326 0.009281510311764274 0.05021012857042079 48.54925537109375
9 0.34441234516918917 0.31224706684214826 0.014793409645231348 0.042563344217475096 26.36043357849121
9 0.2588113562550509 0.3194907554848073 0.015064884443550863 0.04079914080477259 27.97260093688965
9 0.4533851111397629 0.3030247165900703 0.01435009465245829 0.04482350061890272 24.8078556060791
9 0.9837216774576423 0.35354111637674024 0.013137120560722026 0.03290076949925591 37.62547302246094
