2 0.796505151895288 0.5201173900454286 0.029400324433105363 0.03173376226294122 62.26367950439453
2 0.6549876798996445 0.6467320081220317 0.23501553899800576 0.3080557983519962 10.913922309875488
2 0.0373232179299755 0.5298782387174709 0.074646435859951 0.053019214764498335 48.308536529541016
2 0.33373284409733806 0.6696305338802616 0.2956150436444623 0.2452981291280587 10.048115730285645
2 0.7163688709261846 0.5959933188238429 0.12296281298772616 0.1275325050854218 17.128036499023438
2 0.12492883435826524 0.5355762829895581 0.12150666099328812 0.04818573203063248 43.91150665283203
2 0.4860520525790146 0.5083441454368934 0.3008229966441316 0.3764773982096776 16.217016220092773
2 0.5767844725312093 0.7770640747644529 0.8439310549375814 0.4425385171377607 4.535931587219238
2 0.7854150890691318 0.537555752899332 0.04660450157898166 0.06340467107464798 34.83576965332031
0 0.9522419189888799 0.5219090613570552 0.00923279338129035 0.04997172852668641 48.76878356933594
9 0.3444151905522046 0.31231089946020985 0.014792791262624227 0.042562409414140745 26.360498428344727
9 0.25881506369454 0.31955375397418917 0.015064133937533752 0.04079828843474781 27.97266387939453
9 0.45338674621272834 0.30308962078727836 0.014349664990229383 0.04482245513408534 24.807920455932617
9 0.9837179917705046 0.35360753237087494 0.01313639167915126 0.0329001268208336 37.62553787231445
