2 0.7958008167996617 0.5214914693042089 0.030633261554399827 0.03282729258382089 59.875762939453125
2 0.6549897382265972 0.6465667078423282 0.2350210468970656 0.3080535752341129 10.913722038269043
2 0.037322287063478184 0.5297438343772627 0.07464457412695637 0.05301822633823139 48.308380126953125
2 0.3337304949301751 0.6694759519007905 0.29562108459302994 0.2452877158179373 10.0479154586792
2 0.7163694526056613 0.5958418654624551 0.12296435676106188 0.12752753461472233 17.127838134765625
2 0.12492837193494276 0.5354401767928956 0.12150886720032686 0.04818429162785065 43.91133499145508
2 0.48604896990147983 0.5081881738385015 0.30083162639146305 0.37648239853380727 16.216829299926758
2 0.5767719576362057 0.7769832887112205 0.8439560847275887 0.44270008924422577 4.535709857940674
2 0.8377628096077454 0.5376030955454031 0.04802832066597984 0.06408927167512157 35.20621871948242
0 0.9531734271151061 0.5221330696634325 0.009328262019628664 0.05045082772483711 48.32969665527344
9 0.34440910754791587 0.3121642120003675 0.014794187414412019 0.042564513127009984 26.36034393310547
9 0.25880706323329217 0.31940894528294056 0.015065834117088561 0.040800206714531106 27.97251319885254
9 0.4533833541895095 0.3029405200864893 0.0143506272077783 0.04482480780824327 24.807762145996094
9 0.9837263243419229 0.35345502012544605 0.013138060968957754 0.032901573702066755 37.62538146972656
