2 0.7963926332535011 0.5203513093380141 0.029595277329347525 0.031888878132371956 61.86586380004883
2 0.6549874801358733 0.6467110540813219 0.2350168967146542 0.3080564406754546 10.913874626159668
2 0.037322893931207246 0.5298608318923966 0.07464578786241449 0.05301911842986606 48.308502197265625
2 0.33373131102827064 0.6696109877766634 0.29561689008433467 0.24529755336523607 10.04806900024414
2 0.7163687900693303 0.5959738601278628 0.12296321508009489 0.12753208108871317 17.127988815307617
2 0.12492837393394252 0.5355586634585607 0.12150701554445087 0.048185577188515016 43.911468505859375
2 0.4860511058484302 0.5083239634098623 0.30082478198076934 0.37647878803190227 16.216970443725586
2 0.5767794212873794 0.7770537077192685 0.8439411574252413 0.44255925122812967 4.535881519317627
2 0.7939962105789643 0.5375748814146237 0.04683388934465982 0.06350492630313964 34.890987396240234
0 0.9523959917465852 0.5219248024059312 0.009249051534652941 0.05005096472277054 48.6955680847168
9 0.3444139760824338 0.31229172670509386 0.014792989059727701 0.04256272321134291 26.360458374023438
9 0.2588135429259857 0.3195348344127039 0.015064371261447496 0.04079857492193395 27.972625732421875
9 0.45338596268557185 0.3030701221893045 0.014349806116002284 0.044822805592746484 24.807880401611328
9 0.9837191898184796 0.35358769293943826 0.013136619497522428 0.032900338526624495 37.6254997253418
