2 0.7973557610429844 0.5181616053333838 0.0278997872336727 0.030230208917542134 65.44706726074219
2 0.6549867743615492 0.6468006439985264 0.23501386768808274 0.3080575461897848 10.913975715637207
2 0.03732345475811085 0.5299336640066085 0.0746469095162217 0.053019654338140265 48.3085823059082
2 0.33373301221600005 0.669694732708696 0.295613400961323 0.24530311557524198 10.04817008972168
2 0.7163686618552523 0.5960559733799333 0.12296232971391563 0.12753475969048156 17.128087997436523
2 0.12492873848956342 0.5356324255546822 0.12150580980854545 0.04818636010948629 43.91155242919922
2 0.4860530287516611 0.508408524126383 0.3008199462817825 0.376475998710521 16.217065811157227
2 0.5767872184901011 0.777097494430352 0.8439255630197979 0.4424716778059625 4.535994052886963
0 0.9510276954115431 0.5215219780757461 0.009104236015497036 0.04934700192014119 49.35413360595703
9 0.34441744107557803 0.3123712604021222 0.014792227312413642 0.04256157841175223 26.360536575317383
9 0.25881804930041163 0.3196133418409497 0.01506344483116906 0.04079753111366219 27.972702026367188
9 0.4533879654751867 0.30315097409803093 0.014349279464366371 0.04482152519798277 24.807958602905273
9 0.9837147529443027 0.35367042549379857 0.013135715915787327 0.032899550725223325 37.625572204589844
