2 0.7960444979901391 0.5210452449240222 0.030199807643391696 0.03242307868240113 60.672027587890625
2 0.6549887116123594 0.6466373129646057 0.23501927262903755 0.30805531575104655 10.913789749145508
2 0.03732253342496478 0.529801263677836 0.07464506684992955 0.05301865579993359 48.308433532714844
2 0.3337306866885378 0.6695422055589426 0.2956193942472776 0.24529279554179684 10.04798412322998
2 0.7163692167937291 0.5959063566628822 0.12296381987775118 0.12752979283766186 17.127906799316406
2 0.12492828487310939 0.5354982896952813 0.12150799840257172 0.048184901760885857 43.91139602661133
2 0.48604990837766626 0.5082545584201562 0.3008284823197727 0.3764809031856157 16.21689224243164
2 0.5767748188991904 0.7770177505323135 0.8439503622016193 0.44263116560203963 4.535787582397461
2 0.8200842240620088 0.537601800764886 0.04754589082504912 0.06385260970379969 35.071067810058594
0 0.9528610054093938 0.5220523064514141 0.009297350709521868 0.050290116435839305 48.476043701171875
9 0.34441136231018066 0.31222657127883974 0.014793617313278995 0.04256365368894899 26.360393524169922
9 0.2588100836007895 0.31947055248018613 0.015065134351886944 0.04079942270615089 27.972562789916992
9 0.4533845352646376 0.30300384531807106 0.014350241898770932 0.044823847123366956 24.807811737060547
9 0.983722902207455 0.3535196446261677 0.0131373527118126 0.03290098453055945 37.62543487548828
