2 0.6549864170411142 0.6468272350000622 0.23501268506857487 0.3080575107514773 10.914024353027344
2 0.03732367057246055 0.5299552700687744 0.0746473411449211 0.053019810549531865 48.30862045288086
2 0.3337337104945832 0.6697194800020806 0.29561200848456043 0.2453044714944117 10.048215866088867
2 0.7163685123711472 0.5960804437166635 0.12296203038457532 0.12753549250544371 17.128135681152344
2 0.12492894111474748 0.5356543292538136 0.12150563509626187 0.048186595755756234 43.911590576171875
2 0.4860534828724018 0.5084337316958211 0.3008186705185831 0.37647487597833046 16.217111587524414
2 0.5767902928049595 0.7771105075787796 0.843919414390081 0.4424456515091073 4.536045074462891
2 0.01512995584235208 0.6021706484857547 0.03025991168470416 0.17176751030588255 15.402399063110352
9 0.34441856254568937 0.312395005411243 0.014791989360374791 0.04256122054796213 26.36057472229004
9 0.258819507069347 0.3196367577040058 0.015063157852504228 0.0407972049919601 27.97273826599121
9 0.45338861474056025 0.3031751419083233 0.01434911162486091 0.0448211247036055 24.807998657226562
9 0.9837133212065636 0.3536952343990579 0.013135444978052746 0.032899303376339006 37.625614166259766
