2 0.7952961167349518 0.5222227528173251 0.031491267422751434 0.033834426384269256 58.282257080078125
2 0.6549941653422431 0.6462210297565006 0.23503305580321998 0.3080495609151898 10.91333293914795
2 0.03732291560682321 0.5294598190664215 0.07464583121364642 0.0530163101409048 48.308067321777344
2 0.33372491705608387 0.6691511463880219 0.29563410906213705 0.24526634604495823 10.047525405883789
2 0.7163708569498901 0.5955248995740785 0.12296804477861667 0.12751762573642855 17.127456665039062
2 0.1249276228126518 0.5351529940903317 0.12151338920308219 0.04818153122294211 43.911006927490234
2 0.48604289698877223 0.5078608217748162 0.300850079366389 0.3764933923557936 16.216463088989258
2 0.5767434209990016 0.7768136980511542 0.8440131580019968 0.4430392705643583 4.535275936126709
2 0.8730493026300827 0.5374776707822584 0.049123438549604104 0.0644874092013843 35.49116134643555
0 0.9538060574550185 0.5221447567244892 0.009381439602613728 0.05077558665238102 48.03681182861328
9 0.3443969403190245 0.3118555472168523 0.014797038566720544 0.04256894910593734 26.360044479370117
9 0.2587908376285527 0.31910391247116976 0.015069325374169995 0.0408042544297888 27.97222328186035
9 0.45337689875669485 0.30262718476421135 0.014352564720718719 0.044829765000061694 24.80746078491211
9 0.9837448911062942 0.35313657504634566 0.013141654071537223 0.032904592582009284 37.62508773803711
