2 0.7948966980198867 0.5226115714772861 0.03216801952207904 0.034638043827189935 57.086875915527344
2 0.6549991992103763 0.6457286266141591 0.23504924547804018 0.30804273243216473 10.9127779006958
2 0.03732360752941799 0.5290574538403576 0.07464721505883598 0.05301350595429166 48.30763244628906
2 0.33371682370439115 0.6686895066729595 0.29565189767485633 0.24523519009380623 10.046971321105957
2 0.7163715856457598 0.595073769299808 0.1229728441685859 0.12750303112196204 17.126911163330078
2 0.12492543395891731 0.5347458672250535 0.12151995920039232 0.048177449975140396 43.91053771972656
2 0.48603315356181104 0.5073956026857811 0.3008757550231479 0.376508236478234 16.2159423828125
2 0.5767052982713345 0.7765726389398091 0.844089403457331 0.4435213887870483 4.534657001495361
2 0.8993596315479776 0.537477165877136 0.04963268734552084 0.06498694899707291 35.702247619628906
0 0.9542855278457087 0.5219685765693733 0.009394079932377064 0.05102231235737137 47.81694030761719
9 0.34437841547356907 0.3114174615690649 0.014801137359886696 0.0425752286134608 26.359622955322266
9 0.25876656500313944 0.3186711610501497 0.015074335943125794 0.04080998782524864 27.971811294555664
9 0.45336641975167047 0.30218224564641194 0.014355362942242988 0.04483677732748653 24.80702781677246
9 0.9837691656196664 0.3526831271909721 0.013146679246270221 0.03290886187196285 37.624664306640625
