2 0.03100402564544987 0.5273061025731273 0.06200805129089974 0.05759489871457424 48.92792510986328
2 0.6549864170411142 0.6468272350000622 0.23501268506857487 0.3080575107514773 10.914024353027344
2 0.2853680960722097 0.5332779746190581 0.1176378729358471 0.0596056345605519 38.869041442871094
2 0.3337337104945832 0.6697194800020806 0.29561200848456043 0.2453044714944117 10.048215866088867
2 0.7163685123711472 0.5960804437166635 0.12296203038457532 0.12753549250544371 17.128135681152344
2 0.13339992117168809 0.5713333566914562 0.21639536732299852 0.10290494150918539 23.371105194091797
2 0.4860534828724018 0.5084337316958211 0.3008186705185831 0.37647487597833046 16.217111587524414
2 0.5767902928049595 0.7771105075787796 0.843919414390081 0.4424456515091073 4.536045074462891
9 0.34441856254568937 0.312395005411243 0.014791989360374791 0.04256122054796213 26.36057472229004
9 0.258819507069347 0.3196367577040058 0.015063157852504228 0.0407972049919601 27.97273826599121
9 0.45338861474056025 0.3031751419083233 0.01434911162486091 0.0448211247036055 24.807998657226562
9 0.9837133212065636 0.3536952343990579 0.013135444978052746 0.032899303376339006 37.625614166259766
