2 0.644405 0.627084 0.205141 0.192078 0.891369
2 0.517776 0.581124 0.075639 0.108511 0.790458
2 0.731348 0.567869 0.120922 0.146025 0.692127
7 0.646536 0.491042 0.202360 0.142010 0.608398
2 0.822555 0.564291 0.051200 0.073910 0.537353
2 0.218826 0.518854 0.061351 0.043783 0.462957
2 0.790853 0.559948 0.069467 0.118687 0.354043
2 0.342601 0.526605 0.055634 0.033877 0.325903
2 0.830674 0.564080 0.036861 0.074126 0.273060
2 0.972484 0.505708 0.017881 0.017774 0.261756
2 0.300304 0.529781 0.033496 0.024151 0.261417
2 0.812294 0.564012 0.040726 0.085351 0.252473
