2 0.561514 0.716050 0.312390 0.328399 0.930154
2 0.401956 0.613980 0.126087 0.149566 0.789575
2 0.673107 0.593454 0.162545 0.200723 0.764266
7 0.554102 0.491189 0.244814 0.181924 0.594755
2 0.166328 0.535036 0.044446 0.028579 0.522268
2 0.233753 0.534808 0.097052 0.037598 0.502704
2 0.870348 0.537741 0.064604 0.043944 0.492232
2 0.861125 0.536105 0.067686 0.038698 0.489137
2 0.882242 0.537455 0.041629 0.043541 0.414804
2 0.741446 0.571728 0.073697 0.148828 0.395900
2 0.075500 0.521855 0.078175 0.051075 0.357526
2 0.774771 0.577423 0.044187 0.096544 0.351894
2 0.847108 0.538464 0.040361 0.034944 0.289198
2 0.211496 0.533823 0.053616 0.033426 0.278637
