2 0.582463 0.686885 0.276141 0.281826 0.936007
2 0.425946 0.605751 0.097713 0.132061 0.824671
2 0.684654 0.587162 0.147923 0.182943 0.700318
2 0.916092 0.539841 0.100419 0.044903 0.697820
7 0.572380 0.494675 0.231064 0.189504 0.644452
2 0.197236 0.534148 0.041774 0.025773 0.487796
2 0.263391 0.533046 0.097566 0.035423 0.484025
2 0.780394 0.575714 0.052391 0.091024 0.462171
2 0.108713 0.522103 0.071439 0.048291 0.402683
2 0.756175 0.574910 0.067707 0.143536 0.364646
2 0.789114 0.573053 0.035677 0.086830 0.350767
2 0.243265 0.532504 0.056446 0.034331 0.325027
