2 0.579269 0.690552 0.281781 0.289579 0.930056
2 0.420643 0.606875 0.099216 0.133716 0.782976
2 0.680851 0.587064 0.151728 0.184727 0.727593
7 0.571302 0.495549 0.234692 0.190516 0.665181
2 0.258023 0.532774 0.095372 0.039273 0.649842
2 0.907629 0.539218 0.096218 0.045772 0.583916
2 0.105593 0.521654 0.074761 0.050380 0.492320
2 0.778710 0.576062 0.051028 0.092575 0.431765
2 0.192847 0.533667 0.043670 0.026069 0.429488
2 0.752396 0.574733 0.062217 0.141517 0.304238
2 0.787319 0.574475 0.033554 0.088610 0.297740
2 0.933466 0.535247 0.047126 0.050541 0.254778
