2 0.659593 0.619752 0.197367 0.179461 0.922197
2 0.545921 0.575906 0.069557 0.104416 0.743602
2 0.759737 0.562949 0.140930 0.137015 0.719427
2 0.836721 0.562664 0.060039 0.073746 0.522236
7 0.667221 0.486793 0.192569 0.125469 0.518343
2 0.254951 0.518870 0.061693 0.043104 0.456513
2 0.850363 0.563150 0.032739 0.068921 0.314958
2 0.827137 0.563063 0.041300 0.082672 0.288099
2 0.388875 0.528460 0.084251 0.033959 0.283868
2 0.331373 0.529622 0.033053 0.025172 0.272038
2 0.374263 0.527788 0.053553 0.032568 0.256816
