2 0.575832 0.691364 0.286956 0.292591 0.925214
2 0.426082 0.606220 0.121495 0.135190 0.780066
2 0.678163 0.587143 0.152970 0.186236 0.750817
7 0.566609 0.489449 0.233196 0.179549 0.643416
2 0.097589 0.521028 0.069897 0.049438 0.549812
2 0.884216 0.538730 0.066130 0.038333 0.484827
2 0.254097 0.532458 0.096618 0.036714 0.447869
2 0.777075 0.574553 0.049877 0.095877 0.407556
2 0.898251 0.539038 0.089304 0.040105 0.392680
2 0.747486 0.575362 0.062919 0.141768 0.379368
2 0.188117 0.532856 0.040941 0.025802 0.332447
2 0.163799 0.524804 0.067386 0.043923 0.277768
2 0.922016 0.537912 0.044105 0.041628 0.258344
