2 0.619159 0.623691 0.232808 0.267619 0.815810
2 0.391013 0.796286 0.690668 0.406012 0.758276
2 0.782081 0.523360 0.034698 0.037364 0.665357
2 0.111249 0.534673 0.112549 0.041510 0.561333
0 0.937884 0.535243 0.022842 0.065300 0.486575
7 0.374836 0.557679 0.473293 0.392220 0.434311
2 0.029511 0.534053 0.054856 0.035270 0.422696
2 0.253946 0.660772 0.222151 0.199555 0.408497
9 0.804633 0.391181 0.009042 0.028450 0.330810
2 0.027578 0.528520 0.055155 0.048037 0.303753
7 0.453791 0.537297 0.307351 0.343636 0.254003
