2 0.607003 0.663961 0.251873 0.244901 0.891574
2 0.458515 0.596042 0.090663 0.125143 0.825390
7 0.600363 0.493217 0.223059 0.189853 0.680724
2 0.795499 0.569055 0.055398 0.095364 0.589542
2 0.961913 0.534260 0.076173 0.049094 0.583181
2 0.704438 0.578644 0.144308 0.171089 0.577523
2 0.145816 0.519648 0.067237 0.047799 0.562275
2 0.294927 0.530788 0.089553 0.037135 0.505379
2 0.233351 0.531628 0.036637 0.025406 0.387278
2 0.801648 0.568047 0.043372 0.085436 0.356700
2 0.918492 0.505204 0.016525 0.017823 0.294304
2 0.723824 0.563786 0.160305 0.135659 0.270009
