2 0.653286 0.617941 0.192738 0.177094 0.931191
2 0.554372 0.570875 0.065494 0.102634 0.812927
2 0.747327 0.563301 0.109057 0.132431 0.770632
2 0.807108 0.556417 0.067241 0.108435 0.569595
2 0.841238 0.561509 0.056646 0.073184 0.477944
2 0.266139 0.519054 0.056675 0.042385 0.447624
5 0.674683 0.481794 0.191340 0.116896 0.406572
2 0.849053 0.561278 0.040899 0.068796 0.387255
7 0.674738 0.481545 0.192042 0.116215 0.381337
2 0.343538 0.528792 0.032833 0.024415 0.327093
2 0.398937 0.528369 0.085207 0.034538 0.275216
