2 0.567044 0.703777 0.301103 0.308435 0.927686
2 0.675104 0.589092 0.157701 0.194284 0.772744
2 0.412335 0.609739 0.123419 0.141217 0.723567
7 0.557573 0.491349 0.242060 0.183137 0.699795
2 0.876293 0.537686 0.082245 0.041109 0.463563
2 0.081845 0.521464 0.071312 0.049149 0.459389
2 0.898862 0.539553 0.034475 0.037451 0.415235
2 0.242147 0.531417 0.096592 0.038810 0.414564
2 0.744186 0.569679 0.067695 0.142885 0.399884
2 0.173476 0.533397 0.043748 0.025815 0.358817
2 0.774957 0.575370 0.045531 0.093272 0.350760
2 0.860542 0.537781 0.051511 0.037502 0.349123
7 0.557092 0.532764 0.242808 0.262785 0.304367
