2 0.612382 0.658311 0.240467 0.233745 0.879360
2 0.704220 0.578840 0.132973 0.166957 0.778434
2 0.469833 0.595972 0.087471 0.120215 0.653895
7 0.607063 0.503903 0.219694 0.188635 0.585129
2 0.798867 0.570152 0.053316 0.086089 0.573169
2 0.159139 0.521199 0.068207 0.048717 0.560490
2 0.305154 0.533009 0.092914 0.036162 0.514144
2 0.975516 0.542840 0.048196 0.048957 0.485788
2 0.806005 0.570539 0.038374 0.080661 0.435553
2 0.768348 0.569608 0.072626 0.136637 0.424044
2 0.779569 0.565811 0.072352 0.121181 0.391823
2 0.927393 0.507588 0.018215 0.018109 0.251678
