2 0.391310 0.791846 0.688004 0.414365 0.828791
2 0.618384 0.616925 0.231623 0.271638 0.753771
2 0.782002 0.520058 0.033996 0.033904 0.731895
2 0.260505 0.646909 0.233728 0.193723 0.624670
2 0.110487 0.526854 0.113600 0.044090 0.454374
0 0.977493 0.528824 0.023120 0.059330 0.362783
2 0.027442 0.524241 0.054692 0.047000 0.309670
2 0.140713 0.533164 0.052528 0.031345 0.307028
0 0.944749 0.504420 0.016333 0.026144 0.286402
7 0.451277 0.508434 0.302309 0.309207 0.283743
0 0.978472 0.522108 0.020099 0.045591 0.268127
