2 0.610395 0.660626 0.242985 0.237307 0.859719
2 0.464503 0.595779 0.085358 0.122576 0.778225
2 0.704687 0.578834 0.137659 0.168369 0.708573
2 0.973072 0.538839 0.053209 0.046818 0.622247
2 0.796446 0.568906 0.056318 0.095334 0.536270
7 0.604535 0.499359 0.221045 0.182452 0.475874
2 0.152885 0.521420 0.065591 0.046661 0.466719
2 0.303188 0.532410 0.093083 0.035009 0.368739
2 0.803368 0.568932 0.042926 0.082814 0.358630
2 0.782046 0.565694 0.078894 0.121116 0.328684
2 0.768410 0.570355 0.072562 0.138063 0.282462
2 0.723254 0.566040 0.160071 0.138499 0.265106
