2 0.621175 0.625710 0.234710 0.267977 0.868921
2 0.123757 0.569190 0.199360 0.087554 0.850060
2 0.395035 0.798389 0.685878 0.401906 0.676585
2 0.244708 0.660777 0.204908 0.195226 0.583272
2 0.019899 0.525870 0.039781 0.054943 0.539810
2 0.256147 0.532918 0.094194 0.064714 0.498717
9 0.804679 0.397084 0.009002 0.024212 0.460714
7 0.450112 0.489489 0.304029 0.244135 0.459463
2 0.802073 0.506828 0.016621 0.014564 0.299374
7 0.255971 0.532268 0.093666 0.065022 0.294363
2 0.730677 0.588623 0.032704 0.095672 0.255706
