2 0.730224 0.625473 0.189360 0.193478 0.900779
2 0.602194 0.584650 0.122366 0.106314 0.842206
2 0.791717 0.566211 0.121320 0.145287 0.693540
7 0.687997 0.492188 0.189919 0.144224 0.648004
2 0.872128 0.561980 0.040865 0.078864 0.445469
2 0.317364 0.529444 0.034135 0.025142 0.404762
2 0.234871 0.518824 0.056940 0.042731 0.394754
2 0.857698 0.558124 0.068037 0.111264 0.358625
2 0.845430 0.560735 0.059944 0.118975 0.320848
2 0.365634 0.528456 0.067019 0.029749 0.313164
2 0.981758 0.503948 0.018234 0.021527 0.277881
