2 0.730866 0.617744 0.180897 0.180794 0.929461
2 0.813609 0.559786 0.107248 0.126893 0.768564
2 0.307010 0.518126 0.054629 0.040145 0.626460
5 0.727605 0.492212 0.181389 0.129054 0.516803
2 0.628607 0.572367 0.070817 0.088918 0.478924
2 0.866600 0.554524 0.056631 0.105686 0.413371
7 0.727457 0.492510 0.180868 0.127252 0.403462
2 0.894282 0.559620 0.046614 0.070951 0.371401
2 0.431964 0.527076 0.059564 0.030672 0.269054
2 0.383746 0.527884 0.034018 0.024947 0.257902
2 0.443460 0.527391 0.080705 0.033055 0.254375
