2 0.722436 0.704947 0.300487 0.311545 0.886182
2 0.513831 0.613896 0.163316 0.148459 0.859571
7 0.613636 0.514854 0.223093 0.232269 0.796104
2 0.766051 0.561092 0.165692 0.134539 0.719084
2 0.901778 0.534771 0.086129 0.045322 0.579521
2 0.196240 0.534236 0.040224 0.027566 0.510724
2 0.104263 0.520963 0.074080 0.052532 0.425879
2 0.916882 0.534783 0.055655 0.046197 0.423325
2 0.886210 0.535899 0.053890 0.040862 0.416505
2 0.262947 0.532736 0.100454 0.035924 0.363011
2 0.247301 0.532038 0.066877 0.034547 0.343429
