2 0.732170 0.619944 0.181304 0.182246 0.921730
2 0.833425 0.558992 0.125246 0.126037 0.663974
2 0.328220 0.519292 0.050516 0.041305 0.553215
2 0.903552 0.559597 0.050405 0.071387 0.537292
2 0.640883 0.569616 0.063456 0.086645 0.475459
5 0.742704 0.486735 0.181115 0.108805 0.373083
7 0.742984 0.487530 0.182611 0.109343 0.365447
2 0.404261 0.529866 0.031033 0.022784 0.329756
2 0.873958 0.554029 0.056666 0.101815 0.309091
2 0.448035 0.527678 0.062297 0.030999 0.299793
2 0.910303 0.558738 0.038239 0.066968 0.295715
