2 0.059644160030776446 0.5216511293554448 0.08898768983421089 0.05029819093356247 54.68364334106445
2 0.8565876266431047 0.5343171609456523 0.061874551272627976 0.04453248195961346 45.49820327758789
2 0.7165934168704373 0.6097436185297235 0.19248081687696084 0.2312320273906563 13.70360279083252
2 0.1334084433258708 0.5250093622355778 0.0929116933982958 0.048199244234585326 50.5760498046875
2 0.4644465138631947 0.6252808582452313 0.21238146726776858 0.17725298131756828 12.73354721069336
2 0.7694251738012159 0.5825898588806588 0.1116817154646822 0.10877961738443387 19.910160064697266
2 0.2262359560875211 0.5306300573190939 0.10816729284002763 0.04411907348310373 46.32455825805664
2 0.5735826799612779 0.5059866246765057 0.2497459938057261 0.3063109440952315 19.003387451171875
2 0.6813228303464571 0.7685944691140274 0.41453984869980093 0.4594777284386118 7.280803203582764
9 0.43392974348545377 0.3307685319604815 0.012945753818392691 0.03783906001745513 29.00618553161621
9 0.35715928149612536 0.3374362029675817 0.01301403614584351 0.036183977721929994 30.535913467407227
9 0.5322319472996275 0.32222994830827445 0.012783462668501944 0.03997120935412862 27.528989791870117
