2 0.1627713529245018 0.5206823285246742 0.07860810962128625 0.04579799841140847 57.27137756347656
2 0.9693255817495415 0.539576586975373 0.05884883650091699 0.05199561896730287 42.920570373535156
2 0.7532294086128625 0.5870703293999887 0.17252478962828333 0.1838419071018187 16.567806243896484
2 0.22934184994176776 0.5236897599015351 0.08289922063705535 0.04407234671850169 53.25290298461914
2 0.5433340372190827 0.5995363380910259 0.1702069841300919 0.1375170255415008 15.6520357131958
2 0.8084223372281232 0.5723003011759169 0.10545247446859174 0.09436738960618629 22.743947982788086
2 0.31373736186676404 0.5288270300964458 0.09780031213300894 0.04048893939287734 49.1003303527832
2 0.6362115005529008 0.5050374514261644 0.22095529568283168 0.2572965057811572 21.92967414855957
2 0.6884397412041909 0.6727752552736761 0.25969759456359587 0.2856065111208237 10.156883239746094
9 0.5963502089940158 0.3388265743588674 0.011637964156283931 0.03606271036160702 30.43231201171875
