2 0.8407554795073414 0.5350134150228569 0.0480868496717084 0.04298744760368811 46.47719955444336
2 0.7084348929766355 0.6187371860176634 0.198295680417388 0.24557282245266643 13.060050010681152
2 0.11023640795556022 0.5279496791231104 0.09560902589509802 0.0492254239126505 49.994773864746094
2 0.4435488877336303 0.6355381679058075 0.22583774880117286 0.18976900648715267 12.084190368652344
2 0.7609473879095072 0.5872456084994593 0.11338787663980532 0.11269809968472122 19.271987915039062
2 0.20530013796394794 0.5335745608289941 0.11094218087008573 0.044985667926552675 45.71717834472656
2 0.5583171514320066 0.5084232297552846 0.2581892559535554 0.3202813350376895 18.34684181213379
2 0.6852941011900398 0.7711385519980922 0.47896963996133535 0.45438956267048225 6.63920783996582
0 0.9947447624557163 0.5262263128682343 0.008010475088567448 0.05219403431016212 47.74225997924805
9 0.4164110988833571 0.32875937082817985 0.013296930265573548 0.03881994600456018 28.36408233642578
9 0.33773093986380565 0.3355694241310916 0.013410008068795276 0.037140354354426086 29.904687881469727
9 0.5170364222458237 0.3200490332738568 0.013072117667369265 0.040981184070152554 26.88011360168457
