2 0.08793353010240754 0.524201526384359 0.08607799701351299 0.04904484091019895 55.23897171020508
2 0.8817330622271276 0.5372799584171564 0.08079813761737242 0.04654640711484925 44.56748962402344
2 0.7288876602277179 0.6059538372405217 0.1872781734781247 0.2189418871079491 14.338183403015137
2 0.15969260605824423 0.5273536535597915 0.09013889684007631 0.047090804757762283 51.15316390991211
2 0.48762505311400345 0.6208550224424774 0.20066314603897306 0.16668666630157092 13.37504768371582
2 0.7821061590905434 0.5820527168031633 0.1102056942031231 0.1053012969022844 20.539133071899414
2 0.25022231543451784 0.532736751626757 0.10535270730313137 0.04312852567198422 46.92645263671875
2 0.5919227831324934 0.5079586017128087 0.24205015463427992 0.2939644030705297 19.650081634521484
2 0.6852563895424455 0.7447187681916211 0.36658410100388783 0.4118875969250746 7.915469169616699
9 0.45417319981937565 0.3371498367599078 0.012571012665565207 0.036888262976826125 29.639516830444336
9 0.3792626279835542 0.3439246979661006 0.012599507079178118 0.03524347568167341 31.15943145751953
9 0.5502768900420061 0.3284574517252598 0.012463610094053501 0.03901144238381915 28.168071746826172
