2 0.7982366731648172 0.5124937153422717 0.0356866394768931 0.03890446473192577 51.590721130371094
2 0.687915812031958 0.6291140197595232 0.2383481746215731 0.30795102257508183 10.957027435302734
2 0.04038944710408202 0.5152280979117917 0.08077889420816405 0.052940294483881656 48.14665603637695
2 0.36044683732721017 0.6529969792158035 0.28808981077668894 0.24427561438559542 9.981706619262695
2 0.7322812560621421 0.5798316660962737 0.12035596889055566 0.1270743129509876 17.18342399597168
2 0.1312755590159953 0.5207895611806104 0.12174689943951338 0.04806876157513468 43.77446746826172
2 0.5026151669596904 0.49157317511448295 0.2944514991718084 0.3771438073745231 16.205636978149414
2 0.6334705163708432 0.7683698494670163 0.7305589672583138 0.4599269677326341 4.559844970703125
0 0.9611908056753155 0.508144534123186 0.010803157830546306 0.052149529873875444 46.9526481628418
9 0.3539524176430455 0.2964252755278255 0.014826959802984097 0.04279918307832292 26.292652130126953
9 0.2677386100863943 0.30383589807818867 0.015139801314069334 0.04101501099239485 27.877822875976562
9 0.4637333133118179 0.28698796889646755 0.014325405457779827 0.04508611650111294 24.77645492553711
9 0.9923623939024759 0.33738822581262523 0.012775212195048069 0.03305835212775854 37.755157470703125
