2 0.09211763472397913 0.5238450260162628 0.08558089558496301 0.048821562826907916 55.38983917236328
2 0.8861047268630229 0.537421876019676 0.08561213422246816 0.04695331133118086 44.36255645751953
2 0.7289902599158375 0.6042300494579727 0.18594218260647088 0.21571811361848908 14.503817558288574
2 0.16353899488216328 0.5269942498582276 0.08964540006284775 0.04687603181861888 51.309181213378906
2 0.49056392493128465 0.6189331342788945 0.19797167504557317 0.164066180053263 13.544711112976074
2 0.7823918596533584 0.58119183555846 0.10972442955992978 0.10432908708597766 20.70292091369629
2 0.2536508465441633 0.5323656844516619 0.10481909210937282 0.042936595676427824 47.08818054199219
2 0.5938393375235906 0.5076859837004362 0.24020345371683988 0.2907699643111662 19.820005416870117
2 0.6827549975387728 0.7372034037272379 0.35530793252782766 0.3984908065185696 8.081707954406738
9 0.4568310392599667 0.3379093751352904 0.012493757564644603 0.036658008311941936 29.807689666748047
9 0.38234884577797634 0.34463170835385815 0.012516531783133611 0.03502504989628519 31.325788497924805
9 0.5523795980716963 0.32928489138342043 0.012394927160451652 0.038765714455295364 28.336795806884766
