2 0.13937748523260243 0.5218781478143169 0.080806608585483 0.046833483432021095 56.691165924072266
2 0.9492004763478104 0.5409957178698055 0.09909904730437935 0.05045816306552953 43.09153366088867
2 0.7432778628258512 0.5933935828509513 0.17617398724420563 0.19253451244109077 15.938315391540527
2 0.20744573914343065 0.5251094553759852 0.08500733244130965 0.044994505160986686 52.65462875366211
2 0.525761988988848 0.6060191352631827 0.1777338464417098 0.14469369356135375 15.008255958557129
2 0.7978826756137796 0.5765614460193664 0.10656023163386064 0.09723969846395586 22.121850967407227
2 0.29357813936309957 0.5305051935614418 0.09995662236926581 0.04134269488070197 48.48243713378906
2 0.6213495010887313 0.50725580695074 0.2263021980958596 0.26646899569483706 21.286357879638672
2 0.6827496552079987 0.6900144067344851 0.28280542658930363 0.3129235275573854 9.52294921875
9 0.5811861611714432 0.33744880346114015 0.011881341049437832 0.03680760367758695 29.792451858520508
