2 0.7994608104122639 0.5229052654164283 0.032681734840592114 0.03547661767617927 55.98897933959961
2 0.6876055533834413 0.6450807311346317 0.23768243408304568 0.30803341305005283 10.976847648620605
2 0.04038528161357081 0.5285209274477615 0.08077056322714161 0.05301017265015018 48.16277313232422
2 0.36073990983922033 0.6680777954396134 0.28749917923819274 0.2451935976191968 10.001788139343262
2 0.7322038501513978 0.5944801974720861 0.12014186018864459 0.12748467573572275 17.202922821044922
2 0.13137505251363485 0.5342041428972524 0.12153100352097397 0.0481727137920398 43.79157638549805
2 0.5028477190721724 0.5067812237331331 0.2935975048229135 0.37652756004193366 16.224510192871094
2 0.6344908616214907 0.7762539442516027 0.7285182767570186 0.4441587781634613 4.581658840179443
2 0.9329789506495034 0.5374010469798786 0.0506219151111843 0.06516880445709172 36.07322692871094
0 0.960938612619466 0.5216111033734612 0.009398073599358625 0.051272690832750045 47.73711013793945
9 0.35450154906152276 0.3108372106185614 0.01470209020144303 0.04258348939227358 26.30833625793457
9 0.2684908137891142 0.3180970782392577 0.014984382206019886 0.040817538013997845 27.893163681030273
9 0.46399835375793547 0.30159405665913547 0.01424410576446622 0.044845991393192786 24.79237937927246
9 0.9917641174964986 0.3520891326417812 0.01326800591393884 0.032914394689769366 37.77043914794922
