2 0.1011198051375354 0.5219205620861785 0.08454246129746716 0.048366504961504686 55.685691833496094
2 0.8971269655976195 0.5364358839521415 0.09439009888280803 0.047713746137211466 43.9831657409668
2 0.7301149065239156 0.5996144046269705 0.18345548945410994 0.20969163915425637 14.828970909118652
2 0.17184339217625516 0.5250580590464108 0.08862560126241689 0.046441382489243566 51.6151123046875
2 0.4970116756282341 0.613960224682895 0.1928787656697894 0.15909679442183233 13.87731647491455
2 0.7838340956450982 0.5782382997335533 0.10885882428249405 0.10247289872607857 21.02447509765625
2 0.26110415728031233 0.5304001707362055 0.1037336608479856 0.042549410347546335 47.40526580810547
2 0.5983605154328567 0.5058134500680267 0.23672084556168765 0.2847412699027171 20.153278350830078
2 0.6794937765566089 0.7222490102673899 0.3352198751699481 0.374404201030754 8.408092498779297
9 0.46272889159129765 0.33807731796577123 0.01234419552769761 0.03622623216894599 30.13766098022461
9 0.38906886414157926 0.3447181168968062 0.012352355665154358 0.03461241213314886 31.652193069458008
9 0.5572282835790214 0.32955694494634713 0.012266691164912302 0.0383092635340484 28.667909622192383
