2 0.7989076045932986 0.5212069132981176 0.03396611355939927 0.037020924769649355 53.99364471435547
2 0.6876748018433316 0.6413709053699637 0.2378345890166872 0.30800734418334946 10.972162246704102
2 0.04038764464585158 0.5254346973685511 0.08077528929170316 0.05299268866432649 48.15896224975586
2 0.3606710820897421 0.6645744255123648 0.2876354916453492 0.2449769095468315 9.99704360961914
2 0.7322183596204622 0.5910752821746513 0.12018999226062999 0.12738641500214976 17.198312759399414
2 0.1313542268702013 0.5310890448473875 0.12158027391468301 0.048147276783474635 43.78752899169922
2 0.5027917464760069 0.5032503058923761 0.29379334599728296 0.3766619908360224 16.220043182373047
2 0.6342516911091383 0.7744240952993915 0.7289966177817235 0.4478184760678836 4.576515197753906
2 0.9737559538573723 0.5350011703307962 0.04998809228525536 0.06615992678799121 36.40771484375
0 0.9617908845539527 0.518675616442774 0.009225595608962522 0.051704796643327666 47.36753463745117
9 0.3543737388679042 0.30749499636458866 0.01473098623286706 0.04263250653487177 26.304607391357422
9 0.2683166912048277 0.3147899727309796 0.015020353061972858 0.04086238889383842 27.889516830444336
9 0.4639353701249703 0.29820664142751757 0.014262916817104843 0.04490059547894576 24.788591384887695
9 0.991973015334707 0.3486760814323494 0.01330861333104949 0.03294697006371983 37.76681137084961
