2 0.11548660315354967 0.521557142865726 0.08304893670362658 0.047739736367687136 56.10166931152344
2 0.9187290619598112 0.5378875865966564 0.10545727532116156 0.04888475178184548 43.48966979980469
2 0.7337928825465301 0.596386942654337 0.1802065617872558 0.20199278341022425 15.287490844726562
2 0.18516068657609328 0.5247232472521641 0.08716791657473372 0.04584510640287365 52.04524612426758
2 0.5075842728378013 0.6100263764557367 0.18624106347653524 0.15275003415299637 14.345357894897461
2 0.7879018135514462 0.5770079160877217 0.10777410755950367 0.10014521262810772 21.477994918823242
2 0.27316656450894444 0.530074875748585 0.10219437282612945 0.04204204306043535 47.851070404052734
2 0.606399898815646 0.5059754006759722 0.23214140641460784 0.27677757204811293 20.622194290161133
2 0.678315499243088 0.7068485115259188 0.31097044333725077 0.3458823835709972 8.86874008178711
9 0.4726530166361373 0.3408614846696011 0.012147435726677092 0.035613421438120685 30.601337432861328
9 0.5657119602757608 0.3325074305313003 0.012097615917355142 0.03766729271936303 29.13333511352539
