2 0.7992440524221767 0.522617419032837 0.03317411795904868 0.03606798580165915 55.19130325317383
2 0.6876247981731702 0.6440631638370293 0.23772588653442417 0.3080281489503963 10.975502014160156
2 0.04038524808236734 0.5276734588341498 0.08077049616473468 0.05300540487914607 48.161685943603516
2 0.3607189636557598 0.6671170261144674 0.28753875788041927 0.24513596604323262 10.000432014465332
2 0.7322075480666181 0.5935454330703269 0.12015525147613693 0.12745807005632082 17.20159912109375
2 0.13136801491503539 0.5333487357900585 0.12154474715335369 0.048165753024548286 43.7904167175293
2 0.5028312505662053 0.5058117879359509 0.2936523342729367 0.37656585795558944 16.22322654724121
2 0.6344210915766968 0.7757518530180334 0.7286578168466065 0.4451629606305998 4.580190181732178
2 0.9499669649589279 0.5368076265882749 0.05121343185704963 0.06547287154497317 36.204654693603516
0 0.9612881744256886 0.5208499678857987 0.009242716950232932 0.05144272706491104 47.58974075317383
9 0.35446528582481174 0.3099192231412403 0.014710059625076044 0.04259699766944136 26.30725860595703
9 0.26844167319820766 0.31718874401026426 0.014994296927658246 0.04082990106043538 27.892112731933594
9 0.4639800934479056 0.30066364182650884 0.01424930243394884 0.04486103520345236 24.791282653808594
9 0.991820931718658 0.35115180432560167 0.013279162657458654 0.032923333517349496 37.769386291503906
