2 0.10581145441962256 0.5213316372440272 0.08403470952408786 0.0481500943468563 55.82587432861328
2 0.9037372383713219 0.5363781114088086 0.09834661448024229 0.048120847826470414 43.805362701416016
2 0.7311459838294729 0.597912494954995 0.182333417224796 0.20699684436247845 14.98336124420166
2 0.17618588783440764 0.5244705220244867 0.08812987712670917 0.046235689972074834 51.76007080078125
2 0.5004407537307141 0.6120533350131208 0.1905693758125403 0.15686838693484073 14.035014152526855
2 0.7850023388502252 0.5772587322605652 0.10848084839089023 0.10164897249738392 21.177173614501953
2 0.2650269871757277 0.5298066518501303 0.10321025075313309 0.042370590494432925 47.555519104003906
2 0.6009122402507335 0.5053185930409435 0.23513727461124884 0.2819937414778572 20.311302185058594
2 0.6787418496959687 0.7161527068699163 0.3265709433988785 0.3641232195206814 8.56313705444336
9 0.46591588205432943 0.33850823043132594 0.012275659797990945 0.0360218009717761 30.294008255004883
9 0.3926444526825525 0.3451101473133136 0.01227675823867791 0.03441588843245974 31.806838989257812
9 0.5599268668449527 0.33003683305284426 0.012208327502145844 0.038094799633404786 28.82483673095703
