2 0.8317591398294775 0.5319105709701578 0.040808008289035635 0.04197061427117599 47.4592170715332
2 0.7048781901980914 0.6242740570718627 0.20486690147631537 0.2621045069140699 12.42447566986084
2 0.09100860143742544 0.5269889775511158 0.09805048186624446 0.05019254595128719 49.42011260986328
2 0.4256806633406718 0.6425227484957492 0.24082120665804646 0.2037192723146184 11.441519737243652
2 0.7568998635100586 0.588071909917049 0.11546347573335991 0.11695286511364433 18.64177894592285
2 0.18812995832595442 0.5326093460116745 0.1135189988892176 0.04581402705773152 45.11634063720703
2 0.5467843287161653 0.5066442962030989 0.26745308446854554 0.33566531926345616 17.697004318237305
2 0.7009148649081008 0.7717195751753869 0.567802757587718 0.45322751631589275 6.006852626800537
0 0.9908216435966439 0.5239921996052764 0.011468165389412976 0.05247785402405447 47.354312896728516
9 0.4023778877625219 0.32254556704666193 0.013657137795561158 0.03988181480954761 27.729427337646484
9 0.32172356061610663 0.3295822000806964 0.013801148619992598 0.03815891820487011 29.281005859375
9 0.5054905060394964 0.31354868422440874 0.013387872419476254 0.04209836039122161 26.238758087158203
