2 0.120688361665966 0.5220130171070307 0.08254282107398324 0.047533428298058344 56.243202209472656
2 0.927189039852912 0.5390697742785591 0.10856536060032296 0.04927324539420119 43.35906982421875
2 0.7354694607864312 0.5960638209428597 0.1791629852653307 0.19961358489428283 15.443648338317871
2 0.1899963878982347 0.5252010131549752 0.08667528477828346 0.04564881596729742 52.19157028198242
2 0.5114624406242444 0.6094454598542902 0.18411883106653743 0.1507461000601945 14.504576683044434
2 0.789700992795722 0.5773165072854918 0.10743512007999034 0.09941968364923304 21.63245964050293
2 0.27756904215074146 0.5305694875526108 0.1016758614301031 0.041880968655780615 48.0026969909668
2 0.6094650177291163 0.5067237786643721 0.23066646729082846 0.27419602959892964 20.781667709350586
2 0.6786045721748291 0.7029245523960985 0.30361122816064723 0.3373509005629248 9.025714874267578
9 0.47634890237681904 0.3424377166535807 0.012084346454193595 0.035404687253073885 30.758928298950195
9 0.5689287934914762 0.3341480976737323 0.01204316013016482 0.03744958088081812 29.291532516479492
