2 0.8040638788550132 0.5271417535080278 0.037397434114880834 0.04077960562396854 49.44354248046875
2 0.6913078141043881 0.6393550685100526 0.231864884539146 0.2997532453364315 11.204205513000488
2 0.045865755271858294 0.5253613194768871 0.09173151054371659 0.052561836772509474 48.35587692260742
2 0.3732129176911788 0.6607906493258211 0.27870013185583753 0.2373521627418046 10.22547721862793
2 0.7372591461257025 0.5915579516012058 0.1195248925129303 0.12582008746186024 17.42922019958496
2 0.14187877439528726 0.5311989201971414 0.1200313992085949 0.04785339072201189 43.99592971801758
2 0.511335552661423 0.5044610922403855 0.2891043749260416 0.36944565489041 16.455284118652344
2 0.6518371027350768 0.774175380781047 0.6938257945298465 0.44831590510457275 4.803388595581055
0 0.9654280730318731 0.5214804741183962 0.010281445814958934 0.05244685473672678 46.79487609863281
9 0.36356568877774065 0.3103676846369646 0.014531439262029766 0.04214650470699749 26.529897689819336
9 0.2784712997948599 0.3174836462272233 0.014775136400209665 0.04038266437729565 28.10874366760254
9 0.47200407705429165 0.3012986802250841 0.014125592756735195 0.04440838980531164 25.018831253051758
