2 0.8301894683459792 0.5314624667090091 0.03962011820907385 0.04181292168530382 47.709327697753906
2 0.7044938387594747 0.6261265676595714 0.20653890732751612 0.2664532936283832 12.272754669189453
2 0.08673168986415915 0.5270169725560563 0.09862942869939181 0.05042720242160559 49.28285598754883
2 0.42158702349681987 0.6446930418972905 0.24472224125254055 0.20739135728922176 11.287945747375488
2 0.7563677006883359 0.5886418263875841 0.11599642590511006 0.1180558546230871 18.491323471069336
2 0.18433345248024355 0.5326456757910139 0.1141334500809505 0.04601977202817198 44.97277069091797
2 0.5443387752556121 0.5065435644254662 0.26980905875202665 0.33959057848320123 17.541593551635742
2 0.7041105175005822 0.7720615252087342 0.5892789649988357 0.45254361624919814 5.856278419494629
0 0.9896288636098642 0.5237792060341843 0.01090857813190016 0.05252020453161771 47.28820037841797
9 0.3993326583458515 0.3213238667458081 0.013747658540012864 0.0401405426010194 27.577665328979492
9 0.31819892533044514 0.3284139688886578 0.01389905866613833 0.03840592701716594 29.131919860839844
9 0.5030567384930034 0.31225874070286874 0.013467621094425009 0.04237222264651064 26.085371017456055
