2 0.020691060115861016 0.5238357515777741 0.04138212023172203 0.053500326148095634 53.174720764160156
2 0.8211627327536224 0.5327122907819546 0.03885938387936527 0.04158458567750667 48.19302749633789
2 0.6995905135105484 0.6321721400480935 0.2135236992543743 0.2757636286090514 11.955175399780273
2 0.07200688606936582 0.5273855994494666 0.10045313905587497 0.05115057216889385 49.0039176940918
2 0.4070836301909212 0.6507998791111609 0.2541420489079665 0.21568284799083304 10.97056770324707
2 0.7498291825839485 0.5918328516708784 0.11702395372874219 0.12045739344331063 18.17585563659668
2 0.1710349104638939 0.5332916455984025 0.11595873189430209 0.04670430389354996 44.67953109741211
2 0.5339944742265358 0.5079938226894465 0.2754070776659147 0.34789737371550133 17.218158721923828
2 0.6909870120966752 0.77362612428661 0.6155259758066495 0.4494144180934464 5.542325973510742
0 0.9811312184779133 0.5259226834864987 0.010117692627498065 0.05248308418624026 47.14035415649414
9 0.38839341510373726 0.31975362123004925 0.01401713248161518 0.04069261641982097 27.2642765045166
9 0.3061168089956433 0.32665422388335286 0.014198690778080503 0.038957341973874626 28.825294494628906
9 0.4934584950823836 0.3109408359671442 0.013695892537762377 0.04292216153992001 25.767057418823242
