2 0.7990208065718343 0.5218465034816451 0.033696908978273044 0.0366981745821493 54.393062591552734
2 0.6876568320598676 0.6424678156314559 0.23779092225713416 0.30801660454185154 10.973514556884766
2 0.04038679492553054 0.5263476014763825 0.08077358985106108 0.05299779558226064 48.160057067871094
2 0.36069171493791485 0.6656110698311951 0.28759661495340283 0.24504244598917735 9.998412132263184
2 0.7322151351158829 0.5920813711544393 0.12017564792507218 0.12741560407673036 17.199644088745117
2 0.13136009653676245 0.5320102963460567 0.1215658824480427 0.04815468790473176 43.788692474365234
2 0.5028085213362432 0.5042939315459862 0.2937359545675478 0.37662333494707745 16.221328735351562
2 0.6343224780907215 0.7749652323205327 0.728855043818557 0.44673620202560127 4.578004360198975
2 0.9667440773920533 0.5357984692182076 0.05200931959911548 0.06587178260420612 36.339664459228516
0 0.9616350519878688 0.5195756640981979 0.00889097803969352 0.051616356490648385 47.44180679321289
9 0.35441127978133175 0.3084828981084826 0.01472250355677207 0.04261804882393544 26.30567741394043
9 0.268367794385952 0.31576765593050726 0.015009779095238485 0.04084915817112217 27.890562057495117
9 0.4639539181577834 0.2992077012131735 0.014257415044725386 0.04488449242838993 24.7896785736084
9 0.9919114833069886 0.34968388853945875 0.013296595020685587 0.032937357617169816 37.767852783203125
