2 0.8018406626220435 0.5174466345562048 0.02729275173745105 0.02963278413887338 66.73932647705078
2 0.6875719814309305 0.6468141446396479 0.23762397088973108 0.3080581417304111 10.97878360748291
2 0.04038307143197794 0.5299444602616548 0.08076614286395588 0.053019748546209056 48.16436004638672
2 0.36075953137397065 0.6697073753972176 0.28744580547464227 0.24530430428931593 10.003763198852539
2 0.7321964379545428 0.5960682187209054 0.1201229766804972 0.1275352603100337 17.204824447631836
2 0.13137858117932077 0.5356433627886241 0.12150878621810139 0.048186490822183514 43.79325485229492
2 0.5028708107704819 0.508421072258695 0.29351304780154913 0.37647593014055813 16.226348876953125
2 0.6345758729367899 0.7771040362936394 0.7283482541264203 0.4424585940793878 4.583812236785889
0 0.9564886528712706 0.5213471482722449 0.009122647291458952 0.049116745888999724 49.71279525756836
9 0.3545583690159592 0.31238296845313007 0.014688422657869626 0.042561427952588715 26.309846878051758
9 0.26856804850776106 0.3196249026789336 0.014967459466314281 0.04079739408482236 27.894641876220703
9 0.4640265426966902 0.3031628709544053 0.014235078043952354 0.0448213567047589 24.793907165527344
9 0.9916715056285745 0.3536826436318786 0.013249730588775432 0.03289944534541389 37.77190017700195
