2 0.8000679538699749 0.5222227464647402 0.03131790372809318 0.03383441649903929 58.37990188598633
2 0.6875839861588238 0.6462207387162087 0.23764341192562088 0.3080489477655055 10.978128433227539
2 0.040382785563858874 0.5294598080436501 0.08076557112771775 0.053016290145627254 48.163822174072266
2 0.36075423875985385 0.6691508322975501 0.28746351260697345 0.24526583777381028 10.003096580505371
2 0.7321995359542719 0.5955248023663327 0.12012906314956295 0.12751748325720547 17.204181671142578
2 0.13137815818628917 0.535152980360132 0.12151635944164604 0.04818151180164032 43.79269027709961
2 0.5028633282744035 0.5078608115739777 0.2935415220582245 0.37649290296065496 16.225727081298828
2 0.634549116989393 0.7768136360130394 0.7284017660212141 0.4430393946405877 4.583082675933838
2 0.8810235280621888 0.537477653072246 0.04927909967228217 0.06448737867888121 35.61080551147461
0 0.9599131849576308 0.5221447487360422 0.009451924964598124 0.05077556833566821 48.1767692565918
9 0.35453922543381755 0.3118556594011008 0.01469315628719331 0.042568921770352985 26.309337615966797
9 0.26854201562361557 0.31910401616885187 0.014973300251651056 0.04080422930300098 27.894145965576172
9 0.4640170748943667 0.302627308236321 0.014238233107812082 0.044829734700686075 24.793392181396484
9 0.9917031021973652 0.35313664374421494 0.01325590233509244 0.03290457621720411 37.77140426635742
