2 0.8005413133225786 0.5212846664046582 0.030257320549630373 0.032617943401380134 60.371768951416016
2 0.6875769947820924 0.6466201848926385 0.237630091491272 0.30805472622370067 10.978565216064453
2 0.040382305392185194 0.5297875829632673 0.08076461078437039 0.05301853600380002 48.16417694091797
2 0.3607592106486495 0.6695262326435063 0.28745102046245574 0.24529143465386405 10.003539085388184
2 0.7321979716860937 0.595890757932297 0.12012463094851578 0.12752918573271999 17.20461082458496
2 0.13137868578060385 0.5354844145728375 0.12151128996181731 0.04818473141342594 43.793060302734375
2 0.5028688589938342 0.5082385890091307 0.2935218509612964 0.3764811265237818 16.22614097595215
2 0.6345703607739809 0.7770094545176018 0.7283592784520383 0.442647757631463 4.583569526672363
2 0.8368088010195841 0.5376118611419997 0.047930711049265495 0.06398090565914138 35.24382400512695
0 0.9590756345392353 0.522072524886916 0.009382100947034289 0.050370336571744945 48.542633056640625
9 0.354552293640101 0.31221164968846665 0.014689998687681727 0.0425638532005127 26.309675216674805
9 0.2685597438165752 0.31945583350275686 0.014969394957657756 0.04079960426473278 27.894474029541016
9 0.46402359150169886 0.30298866387746953 0.014236141557521065 0.044824070751027234 24.793733596801758
9 0.9916816213872192 0.3535039840546334 0.013251699615222323 0.03290112536072409 37.77173614501953
