2 0.7999690012213063 0.5223878332800861 0.031538679326864605 0.03409898211705831 57.981422424316406
2 0.6875847423748027 0.6461025856202807 0.23764788550730997 0.3080480432101411 10.977978706359863
2 0.040382516034626094 0.5293630027179433 0.08076503206925219 0.05301565130182273 48.1637077331543
2 0.36075079787237596 0.6690401518278593 0.2874683692002231 0.2452590093275201 10.002948760986328
2 0.732199054221974 0.5954163393944356 0.12013048375279456 0.12751412884546032 17.20403480529785
2 0.1313767904052485 0.5350550301313652 0.12151802278100265 0.04818056014686489 43.79256820678711
2 0.5028603221025013 0.5077488657187996 0.29354803263570634 0.3764970899034282 16.225587844848633
2 0.634539368451251 0.7767557039066488 0.728421263097498 0.44315525885336904 4.582919597625732
2 0.8898140818046694 0.5374455486129692 0.04948129136459001 0.06464903957593171 35.681697845458984
0 0.9600816311458382 0.5221343788073878 0.009460762840687753 0.05085748249788574 48.10355758666992
9 0.35453411769099297 0.3117500797539722 0.014694127291845716 0.04257046989204927 26.309223175048828
9 0.2685354487767728 0.3189997244468038 0.014974494792222959 0.040805645094051324 27.894033432006836
9 0.4640139967652632 0.3025200742475964 0.014238885552906255 0.044831460259019906 24.793275833129883
9 0.9917085588954075 0.35302746611515023 0.013257133970409507 0.03290561388044966 37.77128601074219
