2 0.8004455936201722 0.5214914693042089 0.03047107173908037 0.03282729258382089 59.973514556884766
2 0.6875766446227403 0.6465667078423282 0.23763148906805742 0.3080535752341129 10.978499412536621
2 0.040381967107916285 0.5297438343772627 0.08076393421583257 0.05301822633823139 48.16413116455078
2 0.3607578099414767 0.6694759519007905 0.28745262576277264 0.2452877158179373 10.0034761428833
2 0.7321974974633667 0.5958418654624551 0.12012525835792653 0.12752753461472233 17.204545974731445
2 0.1313784272893754 0.5354401767928956 0.12151194554156663 0.04818429162785065 43.79301071166992
2 0.5028675589440291 0.5081881738385015 0.2935245202639761 0.37648239853380727 16.2260799407959
2 0.6345662036572821 0.7769832887112205 0.7283675926854357 0.44270008924422577 4.583497524261475
2 0.8456872908711308 0.5376030955454031 0.048171249065579125 0.06408927167512157 35.31621551513672
0 0.9592415726478539 0.5221330696634325 0.009397723749780429 0.05045082772483711 48.469482421875
9 0.3545502273990171 0.3121642120003675 0.014690417400558209 0.042564513127009984 26.30962562561035
9 0.26855709312896625 0.31940894528294056 0.014969913315692307 0.040800206714531106 27.894428253173828
9 0.464022346434681 0.3029405200864893 0.014236418324517941 0.04482480780824327 24.793684005737305
9 0.9916840116274526 0.35345502012544605 0.013252249974665897 0.032901573702066755 37.77168273925781
