2 0.8007233961643528 0.5208121639150605 0.029851581377126735 0.032233939559410674 61.16789245605469
2 0.6875757798246738 0.6466603252241527 0.23762870154825788 0.3080552837023184 10.978614807128906
2 0.04038247322564199 0.5298198780628955 0.08076494645128399 0.05301879455408687 48.16421890258789
2 0.3607592392055058 0.6695635814661027 0.2874498134105992 0.2452939757993089 10.00359058380127
2 0.7321975426811458 0.5959275181972494 0.12012430081428127 0.12753043715404355 17.20465850830078
2 0.1313786736344963 0.5355171709812381 0.1215107526926019 0.04818511157577188 43.79310607910156
2 0.5028692479680804 0.5082763432503177 0.29351996962965177 0.37647993215998554 16.22618865966797
2 0.634571513512597 0.7770290012965442 0.7283569729748061 0.44260866407357824 4.583624839782715
2 0.819219208871341 0.5375955184652462 0.047447382528366555 0.06372691122135077 35.11128234863281
0 0.9587449782533533 0.5220377423226326 0.009350284165684175 0.05021012857042079 48.688926696777344
9 0.3545535774366996 0.31224706684214826 0.014689663106085549 0.042563344217475096 26.309715270996094
9 0.2685614996306247 0.3194907554848073 0.01496898523511564 0.04079914080477259 27.894514083862305
9 0.4640242138202657 0.3030247165900703 0.014235911766213027 0.04482350061890272 24.79377555847168
9 0.9916794779097101 0.35354111637674024 0.013251295665173135 0.03290076949925591 37.77177429199219
