2 0.8006331801880076 0.5210452531009172 0.03005218273911947 0.032423087949642104 60.76983642578125
2 0.687575750751257 0.6466376227978388 0.2376301607060577 0.3080559289253494 10.978567123413086
2 0.040382134643591396 0.5298012780846906 0.08076426928718279 0.05301867606091515 48.164180755615234
2 0.36075773482980533 0.6695425348901188 0.28745166439808867 0.24529331006984711 10.003544807434082
2 0.7321974873096537 0.5959064626872224 0.12012471897764365 0.12752993758814613 17.20461082458496
2 0.1313782015509505 0.5354983069802195 0.12151113545695508 0.048184921486279286 43.793067932128906
2 0.5028683006283735 0.5082545808703853 0.2935218044091397 0.37648139254898727 16.22614288330078
2 0.6345672971866121 0.777017823146376 0.7283654056267759 0.44263102037391466 4.583574295043945
2 0.8279857524803262 0.537601822558085 0.04768731324635722 0.06385263967341148 35.17608642578125
0 0.9589100926087557 0.5220523175536255 0.0093663542381065 0.050290134403963516 48.615753173828125
9 0.35455229041677083 0.31222646469619586 0.014689876509609012 0.0425636809196458 26.309675216674805
9 0.2685598838047682 0.3194704541650125 0.014969241443273051 0.04079944773629962 27.89447593688965
9 0.4640233893357132 0.30300372772691053 0.014236063811982669 0.04482387730682302 24.793733596801758
9 0.9916807548814142 0.35351958032704245 0.013251538631081972 0.03290100082918174 37.771732330322266
