2 0.8009790851058656 0.5201173877045491 0.029266591496729277 0.03173376208253753 62.361602783203125
2 0.6875755005207946 0.6467319901656536 0.2376259950573627 0.30805579835232816 10.97869873046875
2 0.04038304205347385 0.5298782354568676 0.0807660841069477 0.05301921450939773 48.164283752441406
2 0.3607613733889464 0.6696305192828672 0.28744673202994914 0.24529812318631494 10.00367259979248
2 0.7321977104494481 0.5959933103665265 0.12012340902476681 0.12753250291963802 17.204742431640625
2 0.13137921259597818 0.5355762795659409 0.12150976943275034 0.04818573173911411 43.793174743652344
2 0.5028710490899949 0.5083441337110535 0.2935158905737402 0.3764773982099282 16.226266860961914
2 0.634578140918199 0.7770640646437086 0.7283437181636021 0.4425385373792494 4.58371639251709
2 0.7932718189477177 0.5375557487222038 0.046746123993340216 0.06340467102887848 34.930721282958984
0 0.958253063916068 0.5219090581543119 0.009300902598620486 0.04997172852669601 48.90834045410156
9 0.3545565609304672 0.3123108940870323 0.014689062330079605 0.042562409508920984 26.309778213500977
9 0.26856534429965684 0.31955374880824206 0.014968250916596149 0.04079828852235873 27.894575119018555
9 0.4640259876094349 0.30308961515028576 0.014235501614120016 0.044822455238400394 24.793838500976562
9 0.9916759211234785 0.35360752815476226 0.01325055662301644 0.032900126881318215 37.7718391418457
