2 0.8021126144327262 0.5165277649397184 0.026641601212708865 0.02887606826790956 68.33150482177734
2 0.6875731493453261 0.6468206180706817 0.23762331326330233 0.3080575195306025 10.978798866271973
2 0.04038335759070142 0.5299499170718058 0.08076671518140284 0.05301977045408557 48.16436767578125
2 0.36076132926897414 0.6697133347659523 0.28744453244828827 0.2453041337619034 10.003776550292969
2 0.7321969929027015 0.5960743560127981 0.12012268066050513 0.12753530728148632 17.20484161376953
2 0.1313791168333335 0.5356488989743153 0.12150868756855943 0.04818653509797477 43.79326629638672
2 0.5028718282961196 0.5084274670547855 0.29351201784458875 0.3764751548879164 16.226362228393555
2 0.6345801802270827 0.7771072738555593 0.7283396395458346 0.4424521189555478 4.583828449249268
0 0.9558621766390857 0.5211355487536119 0.00905954160681377 0.04881303444477375 50.005340576171875
9 0.35455925492833335 0.31238911050563056 0.014688347595040563 0.04256130951708409 26.309858322143555
9 0.2685690465920458 0.31963094733431113 0.014967371984369593 0.04079728602583421 27.894655227661133
9 0.46402726881763384 0.30316913844474497 0.014235020932750753 0.044821224331997755 24.793920516967773
9 0.9916713163089809 0.3536890548107977 0.013249657860114006 0.03289936525324194 37.771915435791016
