2 0.8016217939474752 0.5181616029398721 0.027802204540300357 0.03023020128839271 65.54521942138672
2 0.6875723470583359 0.6468003697516583 0.2376236718762017 0.308056933008288 10.978767395019531
2 0.04038319531221488 0.5299336560730967 0.08076639062442977 0.053019634583232444 48.16434860229492
2 0.3607604153305698 0.6696944323231775 0.28744517891124494 0.24530261281065824 10.003747940063477
2 0.7321965011882461 0.5960558841296029 0.12012292359855525 0.1275346192304243 17.204809188842773
2 0.1313789294491111 0.5356324150660623 0.12150888448491155 0.048186340962205754 43.793243408203125
2 0.5028710371181228 0.5084085249232759 0.2935130570676501 0.3764755093605975 16.226333618164062
2 0.6345778048675516 0.7770974418804575 0.728344390264897 0.4424717829057515 4.583794593811035
0 0.9569636413993021 0.5215219736930761 0.009170638997234026 0.049346984619618395 49.493404388427734
9 0.35455828099083947 0.3123713776419172 0.014688512982672486 0.042561550995482644 26.30983543395996
9 0.2685678728979888 0.31961345040356387 0.014967574266364747 0.04079750591185061 27.894634246826172
9 0.4640265767458852 0.3031511028677464 0.014235133739607941 0.0448214948104802 24.793895721435547
9 0.9916719856324154 0.35367049815323914 0.013249853383957677 0.032899534307889666 37.771888732910156
