2 0.8003536170037957 0.5216886126561795 0.030680147708243677 0.03306673356634515 59.57514953613281
2 0.6875785696617325 0.6465025262613393 0.23763400861172024 0.30805305453997633 10.978432655334473
2 0.04038182247626624 0.529691010376934 0.08076364495253248 0.05301788022632192 48.1640739440918
2 0.3607572725305665 0.6694156695336366 0.2874548494230448 0.245283948944777 10.00340747833252
2 0.7321981114783083 0.5957829405151849 0.12012595918226754 0.1275257423422863 17.204479217529297
2 0.13137827922513665 0.5353867638254355 0.12151280328399729 0.04818378703181969 43.79295349121094
2 0.502866889152379 0.5081272923896343 0.2935277449087559 0.37648462993717347 16.226016998291016
2 0.6345633184770236 0.7769517751164854 0.7283733630459528 0.4427631164336959 4.5834221839904785
2 0.8545304810791736 0.5375897853056164 0.048464161841691666 0.06415020609778288 35.394256591796875
0 0.9594085773027367 0.52211143831551 0.00941295166750189 0.05053159833187565 48.396297454833984
9 0.3545481749612356 0.3121067515363493 0.014690931525177364 0.042565349218616544 26.309574127197266
9 0.26855424777467096 0.3193521621351603 0.014970548585001076 0.04080097020861295 27.894378662109375
9 0.46402140471204034 0.3028821887024419 0.014236759692441259 0.04482574132255013 24.793630599975586
9 0.9916876692615936 0.35339576440887277 0.013252934357135038 0.03290213885461829 37.77163314819336
