2 0.7997685527281655 0.5226115623206202 0.03198595445683716 0.03463803327367798 57.18442153930664
2 0.6875912126144558 0.6457283186047402 0.23765994679549274 0.30804211931334496 10.977574348449707
2 0.04038346551845393 0.5290574397024528 0.08076693103690787 0.05301348571649844 48.16337966918945
2 0.3607466133760256 0.6686891787430063 0.2874796256473703 0.2452346762518457 10.002535820007324
2 0.7322002895887592 0.5950736640594221 0.12013434408907686 0.12750288660211984 17.203636169433594
2 0.1313759865012641 0.5347458502258009 0.12152283956894135 0.04817743027725796 43.79221725463867
2 0.5028549173371273 0.5073955813765613 0.29356608980315685 0.376507747047423 16.225204467773438
2 0.6345213490578796 0.7765725673169986 0.728457301884241 0.4435215320326693 4.582468032836914
2 0.907376723612273 0.5374771438044401 0.049810288618797105 0.06498691803554701 35.82879638671875
0 0.9604221214622783 0.5219685653358717 0.00946550770959742 0.05102229386233009 47.95702362060547
9 0.3545214922678921 0.31141756864912007 0.014697116650464526 0.042575201360828874 26.308908462524414
9 0.2685184754587222 0.31867125983683076 0.01497818342615681 0.04080996277550736 27.893726348876953
9 0.4640074662895986 0.30218236376888874 0.01424087811818986 0.044836747118844944 24.79295539855957
9 0.9917278590384933 0.35268319188836506 0.013261016493583466 0.0329088455609981 37.77098083496094
