2 0.799868589571036 0.5225626381080162 0.03176231865742041 0.034366915532170084 57.58300018310547
2 0.6875857313744097 0.6459901536762486 0.23765107545904107 0.3080458284598304 10.977860450744629
2 0.040382929132993295 0.5292720301524617 0.08076585826598659 0.053014944280649345 48.163612365722656
2 0.36074930764810953 0.6689350499733568 0.28747161383086545 0.24525133101202112 10.002827644348145
2 0.73219912500377 0.5953135350733 0.1201316147123489 0.1275105829504306 17.20391845703125
2 0.13137676954543712 0.5349628739769867 0.12151942788689606 0.04817954267642888 43.79246520996094
2 0.5028584257712361 0.5076431463280233 0.29355345225839086 0.37649991067657707 16.22547721862793
2 0.634533135599503 0.7767008842279002 0.7284337288009941 0.4432648982108661 4.58278751373291
2 0.8985975986553438 0.5374983219736226 0.04958245726483079 0.06482730571740225 35.75371170043945
0 0.9602512919994001 0.5221298052622899 0.009464872875944774 0.05093970890157756 48.03037643432617
9 0.3545302630705114 0.3116508400698435 0.014695038354904766 0.04257186483085418 26.309133529663086
9 0.2685303522029899 0.3189017755997834 0.014975612977603525 0.04080691542155224 27.893945693969727
9 0.46401189259952036 0.3024191767533853 0.014239501181217862 0.04483302258871691 24.793182373046875
9 0.9917141676441266 0.35292402657459815 0.013258271173198 0.03290658661746226 37.77119827270508
