2 0.8001656546267273 0.5220527220806712 0.031101261417795123 0.03357399656990401 58.7783317565918
2 0.6875811799538454 0.6463286839020915 0.23763965375149276 0.30805041028431424 10.978245735168457
2 0.04038247991150487 0.52954828001246 0.08076495982300974 0.05301689660530862 48.16392135620117
2 0.36075494185096046 0.6692521842043726 0.2874602629765661 0.2452726591582972 10.003216743469238
2 0.7321987381575621 0.595623718072747 0.12012796122980551 0.12752064376538064 17.204296112060547
2 0.13137831249420737 0.535242460576681 0.12151495896997656 0.04818238784649298 43.792789459228516
2 0.5028644828282366 0.5079628964295082 0.29353637083832895 0.3764896314457576 16.225839614868164
2 0.6345532756276232 0.776866538094523 0.7283934487447536 0.4429335904776205 4.583213806152344
2 0.8722072976658817 0.5375257165531895 0.04903679145197393 0.0643440211194184 35.54050064086914
0 0.9597444235948374 0.5221459319905507 0.009440542273066233 0.05069396106984203 48.249961853027344
9 0.3545426434509548 0.3119518482385512 0.014692299122288976 0.042567545557249065 26.309429168701172
9 0.26854671962140053 0.31919906191890307 0.014972240469224685 0.04080297304824221 27.894235610961914
9 0.4640186910946398 0.30272496638040064 0.014237664774015335 0.04482819749213374 24.793485641479492
9 0.9916972180618333 0.3532359953183172 0.013254766915488547 0.03290364114331207 37.7714958190918
