2 0.6875733941086134 0.6468275272573933 0.23762349702026664 0.30805812393517684 10.978799819946289
2 0.17808072498444977 0.5321420795961898 0.11275990244984163 0.05788128070607501 42.08843994140625
2 0.36076123566347906 0.6697197950263782 0.28744473257784775 0.24530498022153735 10.003777503967285
2 0.732197164656819 0.5960805414474779 0.12012267531721854 0.12753563513823796 17.20484161376953
2 0.31049556587291727 0.5515811121452743 0.11466625958734705 0.07273866857897693 29.562814712524414
2 0.5028717725668814 0.5084337426582302 0.29351225310949874 0.37647536532654435 16.226362228393555
2 0.6345799682357447 0.7771105702785277 0.7283400635285107 0.4424455261096113 4.583829879760742
9 0.35455944028315034 0.3123948935591001 0.014688299234058455 0.042561247868826535 26.309858322143555
9 0.2685692702881983 0.3196366543210404 0.014967311562788244 0.04079723010560349 27.8946533203125
9 0.4640274000746598 0.30317501879108816 0.014234989654740182 0.04482115498607442 24.793920516967773
9 0.991671187182092 0.353695165967475 0.013249599429286496 0.032899319732831445 37.771915435791016
