2 0.03199069297964763 0.5247377901960707 0.06398138595929526 0.051665130171053064 54.27111053466797
2 0.8258449123605434 0.5345793432279472 0.044511160488134305 0.04268318278531846 46.50410842895508
2 0.663854425173086 0.6204611260996661 0.21546051970002733 0.24963074743277902 12.757696151733398
2 0.09335404618639552 0.5280592444863617 0.09629782410712104 0.0494826620210147 50.097557067871094
2 0.39403979620777607 0.6376329647388115 0.24021027979051396 0.19323018878361553 11.965194702148438
2 0.7307557536797618 0.5877992215236245 0.11830016777426577 0.11376120169673287 18.942489624023438
2 0.18836180672749875 0.5336825902110822 0.11154913269027522 0.04520408703312673 45.76091766357422
2 0.5251808489234463 0.5083455201485003 0.27160843497614673 0.32411658900084944 18.133337020874023
2 0.5570945784819242 0.7714652183561056 0.48379735949266095 0.4537362299544554 6.383462905883789
0 0.9824801758490328 0.5260076146618693 0.012573244307989118 0.05228042856440118 47.323150634765625
9 0.3936690527641754 0.3275328165219992 0.013553140298373678 0.03908721833163964 28.265287399291992
9 0.31523893078208864 0.3343931411888136 0.01366278612459515 0.03739850102114556 29.860876083374023
9 0.49395554721006696 0.31875984484196973 0.01333221259573808 0.0412598612779142 26.710927963256836
