2 0.1002041475719238 0.521252834163344 0.08354768065649101 0.047946925057004264 56.21223831176758
2 0.8975230422951584 0.5369042422367676 0.10093019894103494 0.04849402302763739 43.386573791503906
2 0.6956568136371443 0.5968939444774458 0.19195077220570722 0.20444009501466537 14.982694625854492
2 0.16974980088916988 0.5244018299837715 0.08762050307091668 0.04604166544056465 52.113059997558594
2 0.4666918126844739 0.6108007130051489 0.1953644973473958 0.15477411688221665 14.193656921386719
2 0.7603378474765462 0.57689546397188 0.11147252511124606 0.10087524592479469 21.144651412963867
2 0.25757954981485837 0.5297417152069408 0.10256014569389871 0.04220507670761331 47.861305236816406
2 0.5771158164440097 0.5054196554133951 0.2419509960542801 0.2793561095160472 20.391263961791992
2 0.5944184695745223 0.7111162121272133 0.3106323961548806 0.35470692310303664 8.609500885009766
9 0.451809655231139 0.3394719988371948 0.01233610027539822 0.03581898266794831 30.474361419677734
9 0.37964014072887475 0.3460274021111123 0.012320962638736 0.03422122992869958 32.03477478027344
9 0.544416077490763 0.33105944741752413 0.012291212493310555 0.03788158161655636 28.942014694213867
