2 0.1294468085059853 0.5218781511303459 0.08078100511389708 0.046833490512154796 56.92448806762695
2 0.9426167513006144 0.5409957264052814 0.11226649739877126 0.05045817417848619 42.815528869628906
2 0.708573403839861 0.5933936409392044 0.18565687817583731 0.19253463194586484 15.779461860656738
2 0.19702650051410342 0.5251094593523438 0.08494863562529201 0.04499451234349394 52.8497314453125
2 0.4907285035465808 0.6060191955282834 0.18382314349378487 0.14469378383203502 14.997123718261719
2 0.772877144311698 0.576561476167551 0.10962296558946472 0.0972397402244406 21.932424545288086
2 0.2825546475579894 0.53050519864837 0.09978505935946053 0.04134270200024004 48.625240325927734
2 0.596061846695974 0.5072558102931658 0.23387212694316079 0.2664691182723005 21.200010299682617
2 0.61007099121503 0.6900146151815906 0.27936876444122555 0.3129239008707616 9.410262107849121
9 0.47326153354908546 0.34561284451318286 0.01200124520260426 0.034778552380500594 31.270414352416992
9 0.563496707549081 0.3374487612032704 0.012008464409773767 0.036807613904850156 29.742956161499023
