2 0.09084513494953986 0.5219205565373688 0.08454221326136196 0.04836650475160187 55.9393196105957
2 0.8841095749045735 0.5364358770486204 0.0931776471175555 0.047713745366471216 43.73771667480469
2 0.692789822816475 0.5996143801803766 0.19467915281884796 0.20969163915678946 14.678032875061035
2 0.1610755791468494 0.5250580533331233 0.08859312351407266 0.04644138205580528 51.830745697021484
2 0.4590640809151784 0.613960204327684 0.20024036435913917 0.15909678844521868 13.885890007019043
2 0.7576316590329258 0.5782382857507412 0.11234096992252507 0.1024728957220431 20.843582153320312
2 0.2497287847162012 0.5304001646987029 0.10358911091989406 0.04254940983767774 47.5684928894043
2 0.5716421413209581 0.5058134323307543 0.2453649440908487 0.28474126990519677 20.081409454345703
2 0.5913814239156577 0.722248972877375 0.32666658834162715 0.37440417792694225 8.303340911865234
9 0.44530332920379856 0.338077308732806 0.01247366734372235 0.036226232312317475 30.16914939880371
9 0.3723720729438259 0.34471810805001546 0.012471224541160397 0.034612412264778625 31.733322143554688
9 0.5388677689106967 0.32955693521794593 0.012410428859310874 0.03830926369321813 28.635009765625
