2 0.7868416717575731 0.5146896529944734 0.036994096833962375 0.03984832673593658 50.205162048339844
2 0.6289346561223803 0.6303725593043323 0.24564543770714653 0.307953434996214 10.836725234985352
2 0.3063942772794188 0.6540768399234497 0.30446743083114697 0.2443444488115507 10.08094310760498
2 0.7006265914867273 0.5809778913033468 0.126001942013638 0.12712875464139628 17.036319732666016
2 0.11839575656223704 0.5216825004110878 0.1217225118434965 0.048093352317827576 44.0140495300293
2 0.4689517932534609 0.4927083313872605 0.30906015782891344 0.3770936661733387 16.19410514831543
2 0.5024130593547197 0.7689533879987085 0.9334041552126597 0.4587598906692496 4.48512077331543
0 0.9475608398720616 0.5094943950553519 0.01073641940586545 0.05233642987676557 46.48414611816406
9 0.33370695364666253 0.2974535428333492 0.015028035589271682 0.042782225293069964 26.39862632751465
9 0.24829369100697682 0.30483004139874215 0.015322403185249411 0.04099981738078767 28.03817367553711
9 0.4424667626658323 0.2880598382514446 0.014551288978035537 0.04506677756586153 24.80948829650879
9 0.9930267116313161 0.3220538069982525 0.01144657673736793 0.03702372029965256 34.034095764160156
9 0.9767190659682912 0.33860727179831923 0.013202095185723906 0.033043907133509465 37.46563720703125
