2 0.07751514472434572 0.5242015169086814 0.08608686176705224 0.04904483290511985 55.499359130859375
2 0.8689653359824805 0.5372799444336118 0.07950868878546491 0.04654639695316587 44.330074310302734
2 0.6902004114514683 0.6059537367737818 0.199415843644549 0.21894173223796093 14.187891006469727
2 0.14877625858105575 0.5273536432321348 0.09011556979467006 0.047090796420715675 51.375614166259766
2 0.4481990022164908 0.6208549229442638 0.20868337933499986 0.16668654048462805 13.389994621276855
2 0.7552862887898693 0.5820526676376108 0.11389395187088536 0.1053012448209445 20.359392166137695
2 0.23869296092531517 0.5327367398001417 0.10521666011583694 0.043128517366994634 47.09638595581055
2 0.5644920956023011 0.5079585793530838 0.2512242582999555 0.29396425388781794 19.582063674926758
2 0.5890340373660531 0.7447183785422546 0.3567486189741175 0.41188693005537547 7.810902118682861
9 0.4364450613249746 0.33714986979749356 0.012707894728905877 0.03688825285501496 29.67694664001465
9 0.3622759306508523 0.3439247279289396 0.012725179128974029 0.03524346643974019 31.2471866607666
9 0.5315975426503654 0.32845748892439947 0.012615574877765323 0.03901143106766147 28.140033721923828
