2 0.03762525137233854 0.5238799986781142 0.07525050274467708 0.05111632442595371 54.55377960205078
2 0.8317888106207573 0.5347944395923476 0.0495667324628466 0.043295564590489444 46.02012252807617
2 0.6679378142741403 0.6163168733885565 0.2113565061312418 0.24161635141793564 13.087955474853516
2 0.10438319318552751 0.5272164855714816 0.09495118202831457 0.048964200788015 50.39190673828125
2 0.40529420220123524 0.6327975302395907 0.23215170214010694 0.18635223457861338 12.293914794921875
2 0.7343587517268937 0.5860192810007256 0.11713537832197052 0.1116257156833037 19.269649505615234
2 0.1982804491826436 0.5328380144537097 0.11014766019206765 0.04476207934074372 46.068790435791016
2 0.5326098123649462 0.5078081309691782 0.26652909684120435 0.3165033415537314 18.46819305419922
2 0.5623324635873904 0.7704668467597628 0.44670875449255526 0.4557329731471408 6.712553977966309
0 0.986637235879581 0.5257857705846161 0.0126977576638454 0.05211233620583949 47.56456756591797
9 0.40198993455450066 0.3293205909275802 0.013361414774503477 0.038560821533098144 28.59121322631836
9 0.3245588010811186 0.3360864545675972 0.013451328936503026 0.03688959661738217 30.180706024169922
9 0.5010381788146844 0.32066499831416795 0.013168391761709752 0.04071168308558121 27.041088104248047
