2 0.7882806559375609 0.5192480767890837 0.03509160960946134 0.03767990519549358 53.00100326538086
2 0.6288485127056241 0.6383852853333047 0.2454350602659987 0.30798913500455277 10.84669303894043
2 0.034270798514624126 0.5229479824951151 0.06854159702924825 0.05297923955532774 48.44590759277344
2 0.30654216961611447 0.6617532445277482 0.30414056073823703 0.2448033996786645 10.090975761413574
2 0.7005740159387436 0.5883359719638239 0.1258923856354286 0.12730882808258615 17.04608917236328
2 0.118437228900151 0.5285797055924768 0.12161686313189154 0.04812754594922042 44.022735595703125
2 0.46906551641070116 0.5004070096855521 0.3086046176341575 0.37677371983578634 16.203554153442383
2 0.5023581102672647 0.7729500454889331 0.9299009091763606 0.4507665756888005 4.496188163757324
2 0.9735709226335503 0.532627524562226 0.05035815473289951 0.06629751042103776 36.24909591674805
0 0.9496931135985223 0.5161624246327469 0.0104149969415549 0.051884454399146185 46.9385986328125
9 0.3339634518321728 0.30480167189215823 0.014966386634144346 0.04267240921098209 26.406484603881836
9 0.24865306302328266 0.3121245997865495 0.015245385462846955 0.0408989090518414 28.045883178710938
9 0.4425792300914241 0.29547731744326844 0.014511562159745972 0.044945034079927615 24.81743812561035
9 0.9927643319805441 0.3294491495321252 0.011971336038911762 0.03693681325011933 34.041439056396484
9 0.9762144990074839 0.3459294209334511 0.013110167677735096 0.03297355112986755 37.47314453125
