2 0.15303343068531397 0.5206823285246742 0.07856659774987328 0.04579799841140847 57.49183654785156
2 0.9625196575268784 0.539576586975373 0.07246068494624325 0.05199561896730287 42.624019622802734
2 0.7198244341516549 0.5870703293999887 0.18115742177262317 0.1838419071018187 16.402978897094727
2 0.21911660059289792 0.5236897599015351 0.0828239272181211 0.04407234671850169 53.435020446777344
2 0.5097561616385637 0.5995363380910259 0.17567766448428657 0.1375170255415008 15.628870964050293
2 0.7840239254401885 0.5723003011759169 0.10829517794315113 0.09436738960618629 22.548269271850586
2 0.3029078427381221 0.5288270300964458 0.09761121935254752 0.04048893939287734 49.23023986816406
2 0.6116539697639373 0.5050374514261644 0.22797052680575108 0.2572965057811572 21.83397102355957
2 0.6248505910278876 0.6727752552736761 0.2630408107439164 0.2856065111208237 10.03808879852295
9 0.5790061956196221 0.3388265743588674 0.01175502965119879 0.03606271036160702 30.372455596923828
