2 0.7895683986898914 0.5229052696488246 0.03318388346555212 0.035476628273002575 55.795528411865234
2 0.6288145102499143 0.6450810019296032 0.24525446869309853 0.30803402614433406 10.855151176452637
2 0.30668072560254406 0.6680780931712929 0.3038471832230051 0.2451940990929684 10.09937572479248
2 0.7005469492653718 0.594480285239235 0.12581736808167154 0.12748481576246828 17.054397583007812
2 0.11847437450888433 0.5342041528435599 0.12152543158781268 0.04817273288765722 44.029937744140625
2 0.4692015479371576 0.5067812207711788 0.30821908838666584 0.376528049532315 16.211528778076172
2 0.5024273210096319 0.7762539949193852 0.9270140674068358 0.4441586768278961 4.505525588989258
2 0.9168679692933948 0.5374010605713813 0.05025311325269033 0.0651688356199559 35.809173583984375
0 0.9486060315304417 0.5216111079594794 0.00925265050001911 0.05127270951007723 47.45819091796875
9 0.33421390600426604 0.310837092432374 0.014910481945605791 0.04258351685076117 26.413070678710938
9 0.2489856888628092 0.3180969687792683 0.015177008539444953 0.040817563253540856 28.052318572998047
9 0.44271452025369273 0.30159392687888986 0.01447346480988837 0.044846021829136495 24.824138641357422
9 0.9925719385110308 0.3356724816166941 0.012356122977938533 0.03686386783858853 34.04779815673828
9 0.9758456130560875 0.35208905922741207 0.013039091983069073 0.03291441113081478 37.479637145996094
