2 0.8007404627672831 0.5322239074503774 0.03802327405574335 0.04133482839503755 48.46774673461914
2 0.6432759566665656 0.637058617281204 0.23398802472588032 0.28568470532127577 11.501627922058105
2 0.04808485218746651 0.5279629047157843 0.09616970437493302 0.0518009401703482 48.998748779296875
2 0.34143542055832427 0.6566670594093102 0.27835873561496727 0.22473794932748448 10.725798606872559
2 0.7127947888896968 0.5935452658695695 0.12322638950271314 0.12277186356426817 17.69686508178711
2 0.14490545251493114 0.533894310713491 0.11776265568257577 0.04724886117651017 44.60717010498047
2 0.4911533919341632 0.5083329725557454 0.2944364860197041 0.35686452556363074 16.862211227416992
2 0.5279238198694896 0.7747654476948564 0.7080738408057454 0.4471357712769537 5.138973712921143
0 0.9601991340874532 0.5259173252650934 0.009669509856275682 0.05243857843284555 46.700172424316406
9 0.3572038693656695 0.3174116638106894 0.014441037731745043 0.0412914690144372 27.035581588745117
9 0.274501368324184 0.3243387447931597 0.014639698311564642 0.03955011011956927 28.65793228149414
9 0.46269459353960507 0.3085749679476433 0.014096264501699707 0.043526307944211196 25.460939407348633
9 0.9894308437566801 0.35680198489657067 0.012978652919342748 0.03255612150692749 38.069496154785156
