2 0.7888498148957556 0.5218464940591033 0.03424440728015221 0.036698162855810734 54.1999626159668
2 0.6288269084760365 0.6424675141464801 0.24532483939622285 0.30801599153548964 10.85181713104248
2 0.03426755294964867 0.5263475883180985 0.06853510589929734 0.05299777542737211 48.450016021728516
2 0.30662559764882225 0.6656107469351924 0.3039628460447543 0.24504193455958478 10.096064567565918
2 0.7005566481800043 0.5920812687271795 0.12584614670494754 0.1274154603709884 17.051122665405273
2 0.11845935831276937 0.5320102803851712 0.12156117475346348 0.04815466830475401 44.027095794677734
2 0.46914713555419874 0.5042939143575691 0.3083695901026135 0.376622845223624 16.20838165283203
2 0.5024009498743572 0.7749651642736041 0.9281553344124811 0.44673633811945845 4.50184965133667
2 0.9504945477973925 0.5357984476525347 0.05161531143370912 0.06587175068395634 36.05914306640625
0 0.9491963116705904 0.5195756536114806 0.008884259408972417 0.051616337562690906 47.16259002685547
9 0.3341149667897557 0.30848300699616393 0.014932364261445896 0.04261802149039795 26.410465240478516
9 0.2488547562285906 0.3157677564329056 0.015203754867614966 0.040849133049034925 28.049772262573242
9 0.44266040230508163 0.29920782126341416 0.0144884035698562 0.04488446212697478 24.821487426757812
9 0.9926457981551733 0.3332425655632135 0.01220840368965359 0.036892167292722655 34.0452880859375
9 0.9759870898631888 0.34968395466701135 0.013066702295438937 0.03293734126127468 37.477073669433594
