2 0.7947117044961138 0.5290135277413044 0.03770154703235573 0.04098415824826285 48.976810455322266
2 0.6372948064455941 0.6389190442560801 0.23896837901418866 0.2952007634524284 11.209183692932129
2 0.042178368100972106 0.5264079671928874 0.08435673620194421 0.05233664086409784 48.75046157836914
2 0.3267360383988773 0.6597377536504372 0.2891314516589273 0.23336390276023034 10.441454887390137
2 0.7077290394932831 0.5924391419243142 0.12443862495674496 0.12486324229633994 17.40634536743164
2 0.13362379351738252 0.5322792433313096 0.11934323924739862 0.047674999974316457 44.3449821472168
2 0.4819001539931948 0.5059467557655493 0.30044449335102874 0.3654754220626284 16.567766189575195
2 0.5179012087558121 0.7744930526990949 0.7921617690932521 0.4476805612684769 4.851463794708252
0 0.9545861416267354 0.5231352419841544 0.010052614009197658 0.05243596257838712 46.567726135253906
9 0.347414118628261 0.31280998181143604 0.014643177634493132 0.04187827436704533 26.75364875793457
9 0.2635966354160688 0.31985701741581085 0.014863791980691377 0.04012309425573196 28.38339614868164
9 0.45424842139536936 0.30382687718030077 0.014268470895350938 0.04412940727726761 25.17283821105957
9 0.9839967522578592 0.35330799743866664 0.013042223224887795 0.03273123489641672 37.80332565307617
