2 0.12265200507809747 0.5224479829212023 0.0814040488395548 0.04708485223837655 56.775733947753906
2 0.933163063225696 0.5409746099527388 0.11291444972960107 0.05002712589803393 42.89095687866211
2 0.7051263244490062 0.5949172287648506 0.18686549227400862 0.19489038745324305 15.613089561462402
2 0.1906663262439936 0.5256767932123958 0.08554356654549078 0.04522665130450387 52.6959114074707
2 0.48510277025420134 0.6077678700762564 0.18612822925420813 0.14671862420612447 14.829475402832031
2 0.7695010744748141 0.5774420183897033 0.10994788539173816 0.09797377478905045 21.767892837524414
2 0.2766955346034423 0.5310760718177142 0.10039147258434217 0.04153676049968391 48.46577072143555
2 0.591438792250029 0.5077076290067571 0.23546619947839803 0.2690227266264791 21.03121566772461
2 0.6054740761500396 0.6948599279909993 0.2841424453563248 0.32088922989078605 9.243112564086914
9 0.4681779594809275 0.3451405531862688 0.012071740157565847 0.03498291375319057 31.1041259765625
9 0.5588798643272207 0.33695663362233086 0.012065122789027605 0.037014805318198396 29.575639724731445
