2 0.7872746996197248 0.5110657703629848 0.036504113075848 0.039206906720628765 50.997711181640625
2 0.6289093198869184 0.6270782962972455 0.24575223122342826 0.307946895803153 10.832645416259766
2 0.3062970936870988 0.651069300952305 0.3046456071042553 0.2441627466917442 10.077025413513184
2 0.7006261753814995 0.5779636499399975 0.12602714424290562 0.12702559628868992 17.032289505004883
2 0.11835526605072641 0.5190696196924862 0.12177619537789475 0.04805732020246728 44.01078796386719
2 0.46883400009560694 0.48962848915138607 0.30927110998903534 0.3772304675752779 16.190330505371094
2 0.5022285490866613 0.7673615180328 0.9347974936190993 0.4619436306010667 4.480641841888428
2 0.9923255153720412 0.5227407460981957 0.01284896925591783 0.06684341254193182 36.56306838989258
0 0.9483269988670147 0.5063932412403128 0.010847926427025478 0.05221465170655576 46.60786819458008
9 0.333532521461914 0.29457637344139975 0.015061477403109147 0.04282768126400521 26.39560890197754
9 0.2480790387252284 0.30200522712721944 0.01536166922690993 0.041041148103404756 28.035261154174805
9 0.4423484946153655 0.2851155653609336 0.014576374454050023 0.04511777870189715 24.806373596191406
9 0.9931030620053687 0.31892255361231014 0.011293875989262792 0.03706443013180699 34.03092575073242
9 0.9768647464351177 0.3355125006618809 0.013231883168229652 0.033077291989522195 37.462406158447266
