2 0.04360254897923465 0.5219968230285996 0.0872050979584693 0.05056490470485797 54.82761001586914
2 0.8394717768505713 0.5340000532019622 0.05648033963963839 0.04403709730908545 45.526058197021484
2 0.673052222444914 0.6113466329699424 0.207641303786804 0.23442347948974357 13.407929420471191
2 0.11609562573775055 0.5253429577976638 0.09358308444660399 0.048447323323100866 50.677001953125
2 0.41693559208741093 0.6272140705160976 0.22478751842045375 0.18006625902829987 12.612250328063965
2 0.7390118696730298 0.583242037486138 0.11611318688646155 0.10964902507001006 19.586702346801758
2 0.2088737156511604 0.530957971950786 0.10874183153293665 0.04432388936729248 46.36690902709961
2 0.5407739781697777 0.5061366163749167 0.2618494474766971 0.30951099412376776 18.792383193969727
2 0.5688087850982521 0.7689630019980331 0.4159709490807784 0.45874066267060043 7.031520843505859
0 0.9918803098477855 0.5244820212571847 0.012797418621407264 0.05197823502199311 47.80178451538086
9 0.41096138415282457 0.32989839355159245 0.013178131224283574 0.03807389362620689 28.907001495361328
9 0.3344789306183018 0.33659728857287885 0.013245367715627676 0.03641458439258316 30.490638732910156
9 0.5088557128977504 0.3213232501027204 0.013016799792671896 0.04021066732204892 27.360977172851562
