2 0.09558380535002861 0.5213316272398527 0.08403115534551653 0.04815007186688791 56.07707977294922
2 0.8906308093368225 0.5363780895934711 0.09716447425984343 0.04812081762741571 43.55650329589844
2 0.6942218088381413 0.5979122985218185 0.19328816300232787 0.20699642907918253 14.831836700439453
2 0.1654661902986299 0.5244705100390264 0.08809402978112638 0.04623566723200745 51.97325897216797
2 0.4629336392532203 0.6120531285839943 0.19773544898571416 0.15686807019719196 14.041266441345215
2 0.758982229985669 0.5772586368191863 0.11190042351785767 0.10164883613185627 20.995569229125977
2 0.2537008421068151 0.529806636506828 0.10306238837240855 0.04237056806189132 47.71631622314453
2 0.574407668152479 0.50531858529683 0.24362064883466383 0.28199332965020274 20.23788070678711
2 0.5928856234724935 0.7161518819214877 0.3183435525493108 0.3641217139967574 8.457870483398438
9 0.44858376210243234 0.3385083538364744 0.012402803057790346 0.03602177156244385 30.323305130004883
9 0.3760380328365913 0.34511026071326856 0.012393477485385773 0.03441586157733617 31.885568618774414
9 0.5416636274714046 0.3300369699159068 0.012349498325730512 0.03809476675736645 28.790077209472656
