2 0.8215251456605905 0.5327571358622848 0.040979724183295985 0.04214497130887018 46.99787902832031
2 0.660918271535027 0.6229202637432995 0.2196510528619594 0.25788340970783824 12.441017150878906
2 0.08364278181111756 0.5273192969152746 0.09752158829140406 0.04996414841467778 49.81538772583008
2 0.38381059072526436 0.6408311652573657 0.24838409362219288 0.20018451646444135 11.649895668029785
2 0.728274599540403 0.5879246525697153 0.11951536274797736 0.11587853612892807 18.628854751586914
2 0.17967667915569047 0.532937718572505 0.11284155348761143 0.045615537153676056 45.46567916870117
2 0.518856748096848 0.5071637117587469 0.27670917705341125 0.33180762246567064 17.812070846557617
2 0.553431284622625 0.771605385293897 0.5257191821550584 0.4534558960788726 6.068025588989258
0 0.9793315111773859 0.5246120167813165 0.01201099597958677 0.052426055219978285 47.130950927734375
9 0.3864254176594479 0.32414904877665857 0.013737942852916407 0.03962103120389049 27.952970504760742
9 0.30701380161293756 0.3311255001106975 0.013862169471255348 0.03791038959395271 29.554468154907227
9 0.48794897381127245 0.3152291449412729 0.013496000477912218 0.041821696109998086 26.394527435302734
