2 0.7882963608810727 0.5216005397111652 0.03722454461631408 0.04022090693352898 49.8402214050293
2 0.630612793137121 0.637382428821442 0.24505384380280526 0.30714003272479407 10.870866775512695
2 0.0354370042822607 0.5216730990519483 0.0708740085645214 0.05293029734615473 48.4648323059082
2 0.3091348751710104 0.6601976842816737 0.3027947471143769 0.2438429623516457 10.113480567932129
2 0.7021660744507003 0.5876481632074371 0.1259057878681572 0.12722363574100848 17.07025146484375
2 0.12068290079764396 0.5274024068422896 0.12132767160731396 0.04812218026529447 44.04301452636719
2 0.4711428102864279 0.4995736022045144 0.30795880636752 0.3760071377384711 16.2275447845459
2 0.5055512399775012 0.7723997402512408 0.919330089119492 0.451867186164185 4.519419193267822
0 0.9489568058596831 0.5163172890873969 0.010593023063506068 0.05241282002910008 46.451820373535156
9 0.3360265690620452 0.30409406662464794 0.014921197516734985 0.04262305751847828 26.4290828704834
9 0.25084580449272476 0.31135422175347033 0.015196764161553522 0.04084626080330567 28.067630767822266
9 0.44451479878595546 0.2948464322441448 0.014470525328089567 0.04490060717969213 24.840862274169922
9 0.9782117201382659 0.34557202977639706 0.013152258947904172 0.03297912712668716 37.49605178833008
