2 0.10535106891917181 0.521557146203498 0.08303918873987336 0.047739743731248674 56.3477897644043
2 0.9054422416979786 0.5378875942775534 0.10434440680743517 0.048884762194439824 43.233089447021484
2 0.6976215005723594 0.5963870056533705 0.19066512022003723 0.20199291501254385 15.134374618530273
2 0.17453493484732385 0.5247232512500949 0.08712571638890201 0.04584511385732459 52.2532958984375
2 0.47090670482137476 0.6100264423236352 0.19304660962420006 0.15275013442822227 14.346702575683594
2 0.7622257846607012 0.5770079473260622 0.11107697224254143 0.10014525680743502 21.294588088989258
2 0.2619360915268815 0.5300748808625568 0.10204014397276653 0.04204205042339193 48.00677490234375
2 0.5803016228679764 0.5059754035280702 0.2403249730610884 0.27677770429275034 20.545330047607422
2 0.5965432990479149 0.706848761783087 0.30333379619450634 0.3458828375211699 8.76194953918457
9 0.45550386801949005 0.3408614445632684 0.012270614035525707 0.03561343101900566 30.625947952270508
9 0.3837155461477587 0.3473700302844225 0.012249372560537208 0.03402268040050421 32.18447494506836
9 0.5476386741512405 0.33250738604231644 0.012234427459245412 0.03766730343224017 29.09453582763672
