2 0.05564543454405906 0.5218100117570059 0.08833019066358229 0.05003492463444548 55.08816909790039
2 0.8493444803523285 0.5351397076507549 0.06511281025587434 0.04502647676103677 45.02470397949219
2 0.6792582212885796 0.6087441270452464 0.20435046374362698 0.22817766559706681 13.712763786315918
2 0.12843235510251738 0.5251795848527557 0.09225325403379483 0.04795563514925161 50.94826889038086
2 0.42892557758478356 0.6239533519612341 0.2182440420300868 0.1745746922514444 12.915395736694336
2 0.744810312503196 0.5824705899262825 0.11523823192556393 0.10794827304857846 19.888822555541992
2 0.22009550221803367 0.5308058187526044 0.10738287252153239 0.04391862258136048 46.650535583496094
2 0.5496672379673662 0.5063714800433698 0.25764199594477444 0.3032050296216667 19.10079574584961
2 0.5764026797588782 0.7655949795150792 0.39077106170277787 0.45380835669699804 7.33571195602417
9 0.4206343839450787 0.33213579407105037 0.013010968619176777 0.03760399916622792 29.207168579101562
9 0.34506072643568764 0.33877314190406693 0.013057483505761969 0.03595315009885752 30.785276412963867
9 0.5174436252387229 0.3236325707503722 0.012878267375239782 0.03973152413377157 27.66505241394043
