2 0.11060074347537772 0.5220130137166522 0.08252979726939372 0.047533420998148224 56.486576080322266
2 0.9138121346777337 0.5390697663070173 0.10748941592991978 0.04927323479823165 43.09821319580078
2 0.6996675941144122 0.5960637589337852 0.1893796762743135 0.199613456379726 15.289539337158203
2 0.1794192748418681 0.5252010091017192 0.08662970010301654 0.04564880857211295 52.39684295654297
2 0.47519448747888937 0.6094453951829446 0.19074815031719572 0.1507460022649343 14.503273010253906
2 0.7641943777894349 0.5773164761652125 0.1106801157895827 0.09941964005083936 21.447973251342773
2 0.2663877819274149 0.5305694823802879 0.10151816013984816 0.04188096134481345 48.155643463134766
2 0.5835687032222763 0.5067237754799905 0.2387015459099916 0.2741958998097844 20.7028865814209
2 0.5987683664940431 0.7029243129428502 0.296245035214252 0.33735046804672375 8.917933464050293
9 0.4592928596257264 0.3424377561470311 0.012205610739554784 0.03540467778608808 30.780990600585938
9 0.5509516142871993 0.3341481414924903 0.012177876026946088 0.037449570293484113 29.250511169433594
