2 0.06304872772664087 0.5223523820990379 0.08758867398174383 0.04974394711822783 55.220218658447266
2 0.8556073100165862 0.5361855509355279 0.06978022911272175 0.04552533430003192 44.782249450683594
2 0.6830806348364614 0.6080586804294791 0.20276528831350382 0.22518175264692414 13.867138862609863
2 0.1353165871930898 0.5257133942041685 0.09154834261827142 0.04769286914133286 51.08570861816406
2 0.4355192541923127 0.6229682127945018 0.2150653239092103 0.17195067577181433 13.068953514099121
2 0.748447108249934 0.5826086651309161 0.11483262349820234 0.10713580092178887 20.04183578491211
2 0.2263873458871239 0.531325222696614 0.1066688767569757 0.04369847227946577 46.79419708251953
2 0.5547608496127534 0.5070434148178536 0.25557607194315557 0.3001436771133033 19.256881713867188
2 0.5809391523212327 0.7586233123172695 0.3792308181951569 0.43956861276127746 7.489874362945557
9 0.426090087701196 0.3338234179845244 0.012923146972386723 0.037365252851973785 29.359066009521484
9 0.350981130383987 0.34045511351048685 0.012959098943525982 0.03571659263147753 30.93441390991211
9 0.5223552646382762 0.3253229140449134 0.012804903459544326 0.03949109136265622 27.818899154663086
