2 0.7884719288211035 0.5203515542500873 0.0348059149964014 0.037348506429870865 53.400962829589844
2 0.6288382928060111 0.6400227833036037 0.2453908298570573 0.30799886009805194 10.848735809326172
2 0.03426936821883398 0.524311725719167 0.06853873643766796 0.05298657914203225 48.44755172729492
2 0.3065745496044273 0.6633004934934827 0.3040691017908989 0.24489849389442353 10.093008995056152
2 0.7005657561652212 0.5898382731431776 0.12587373521057033 0.12735128042209953 17.048093795776367
2 0.11844580742177603 0.529955858045207 0.12159444567488184 0.04813833317142313 44.02447509765625
2 0.469097289714083 0.5019664700390893 0.30851013019208773 0.37671210632256336 16.20547866821289
2 0.5023700432719885 0.7737585557460396 0.9291955495551278 0.4491495551745873 4.498447895050049
2 0.9667966798221831 0.5339558740711512 0.05243842065699522 0.06631719195945285 36.186676025390625
0 0.9495228741981798 0.5175493416677339 0.009766674946609322 0.05179440696141108 47.013553619384766
9 0.33402366231597713 0.3062789704560627 0.014952718308124946 0.04265048015652695 26.408071517944336
9 0.2487335040000894 0.3135865459960146 0.015228664356036037 0.04087883939036452 28.047435760498047
9 0.44261107423878365 0.29697438949699145 0.01450225372249031 0.044920611519778 24.81905174255371
9 0.9927160137676365 0.33097140120459545 0.012067972464727017 0.03691878855549163 34.04296875
9 0.9761217969409341 0.3474360081818878 0.013092690760842407 0.032958926168650426 37.47470474243164
