2 0.7918060817739729 0.520582486138052 0.030049484047872332 0.032051392742427076 61.3714485168457
2 0.6288068139913003 0.6466855697798543 0.24521698761773447 0.30805586229350257 10.856986045837402
2 0.03426317402884391 0.5298401562255617 0.06852634805768781 0.05301896103748838 48.454166412353516
2 0.30670440085708295 0.6695871173450461 0.30378550904843465 0.24529575977080087 10.101207733154297
2 0.700541091794218 0.5959505722257457 0.12580258374512665 0.12753126813455873 17.056198120117188
2 0.11847844280338106 0.5355377310058074 0.12150423560742582 0.04818535200434859 44.03150177001953
2 0.4692327332153682 0.5083000050606539 0.30813268567642577 0.37647936693706885 16.21324920654297
2 0.5024374417109662 0.7770412765641553 0.9264267289109902 0.4425841135383559 4.507575035095215
2 0.794756936510632 0.5375876185769255 0.046925356109995264 0.06361144316626066 34.851036071777344
0 0.9465207202696699 0.5220250370918258 0.009196858090675275 0.05013040896847032 48.48426818847656
9 0.33427236764555485 0.31226923016699126 0.014896933161148929 0.04256303565232494 26.414474487304688
9 0.2490627248004765 0.31951261846904666 0.01516051562384474 0.040798859817475774 28.05368995666504
9 0.4427469003102056 0.3030472653285585 0.014464118791024605 0.04482315501340761 24.825563430786133
9 0.9925289107293727 0.3371628708255202 0.012442178541254845 0.03684678241435019 34.04914474487305
9 0.9757629856880401 0.3535643192392368 0.013022708082705114 0.03290055369686801 37.481014251708984
