2 0.791513825738401 0.5210452449240222 0.030463533168983314 0.03242307868240113 60.57554244995117
2 0.628806099606029 0.6466373129646057 0.24521857724179563 0.30805531575104655 10.856919288635254
2 0.03426277905650086 0.529801263677836 0.06852555811300172 0.05301865579993359 48.4541130065918
2 0.30670269569287556 0.6695422055589426 0.30378785492031485 0.24529279554179684 10.101141929626465
2 0.7005407545895312 0.5959063566628822 0.12580306593344692 0.12752979283766186 17.05613136291504
2 0.11847806452181425 0.5354982896952813 0.1215049072340773 0.048184901760885857 44.03144454956055
2 0.46923105974769463 0.5082545584201562 0.3081356347629058 0.3764809031856157 16.213186264038086
2 0.5024326072640362 0.7770177505323135 0.9264448487518205 0.44263116560203963 4.507502555847168
2 0.8121826470035082 0.537601800764886 0.04740448966148647 0.06385260970379969 34.96831130981445
0 0.9468119274199684 0.5220523064514141 0.009228350613425751 0.050290116435839305 48.33778762817383
9 0.3342700896489732 0.31222657127883974 0.014897370391102227 0.04256365368894899 26.41442108154297
9 0.24905990288807062 0.31947055248018613 0.015161039574955626 0.04079942270615089 28.053638458251953
9 0.44274538812522635 0.30300384531807106 0.014464432026108087 0.044823847123366956 24.825510025024414
9 0.9925299956197936 0.33711771944266133 0.012440008760412846 0.036847312349385264 34.049095153808594
9 0.9757650769752308 0.3535196446261677 0.013023173379293485 0.03290098453055945 37.48096466064453
