2 0.7922296527599206 0.5198821700493956 0.029451505989066207 0.03157930538373699 62.564823150634766
2 0.6288060762682153 0.6467507329966483 0.24521545212957319 0.30805638636498633 10.857053756713867
2 0.034263542436371364 0.5298934003582427 0.06852708487274273 0.05301933357804256 48.454219818115234
2 0.30670516760748967 0.6696481024772246 0.3037827081705033 0.24529957963662996 10.101275444030762
2 0.700540512332339 0.596010383607916 0.1258020224472336 0.12753313466859983 17.056262969970703
2 0.11847861055771547 0.535591628443816 0.12150332869412639 0.048185899097640594 44.031558990478516
2 0.46923387992230925 0.5083616881426706 0.3081290646448285 0.376477105930559 16.21331214904785
2 0.5024358515897636 0.777073194394195 0.9263982619514847 0.44252027787827664 4.507651329040527
2 0.7690409870481162 0.5375309262774794 0.04623911265275993 0.06330819336405125 34.6931037902832
0 0.9460869484576074 0.5218908975710888 0.009148784675227395 0.04989277906170536 48.70389175415039
9 0.3342747529520427 0.31232734604048795 0.014896362565599286 0.0425621881186134 26.41452407836914
9 0.24906589393451456 0.3195700014554036 0.015159825812388922 0.040798086638800135 28.05373764038086
9 0.44274818604307686 0.3031063229786974 0.014463718532923775 0.04482220766299616 24.825613021850586
9 0.9925270738487152 0.3372237891272825 0.012445852302569671 0.03684606854643868 34.0491943359375
9 0.9757594805506876 0.35362460203300583 0.01302204905596116 0.03289997433686992 37.4810676574707
