2 0.7929018864108803 0.5186528838059261 0.028493609176168166 0.03064465710777875 64.55419158935547
2 0.6288062510033392 0.6467902232328582 0.2452147541608306 0.30805756013123586 10.857089042663574
2 0.03426370227038652 0.5299252736178157 0.06852740454077304 0.05301958850182886 48.454246520996094
2 0.30670556258611864 0.6696850826824612 0.3037817018499467 0.24530259029017898 10.101308822631836
2 0.7005406623932453 0.5960463780557923 0.1258017643968964 0.12753446358809717 17.056297302246094
2 0.11847860786872763 0.5356239056935926 0.12150284779373884 0.04818625995710324 44.031585693359375
2 0.46923474742741744 0.508398669705447 0.3081272235392137 0.37647643812815934 16.21334457397461
2 0.5024373082099176 0.777092414388538 0.9263911921845448 0.4424818378895906 4.507691383361816
0 0.9453738412746634 0.5216669473787428 0.009069287044165097 0.049501729189098176 49.06991195678711
9 0.3342762108173941 0.3123619943072483 0.014896031094133011 0.04256171856604468 26.414546966552734
9 0.24906775181268648 0.3196042152095635 0.01515942343183349 0.04079765866140578 28.053760528564453
9 0.44274908167700344 0.30314152897931046 0.01446348818049864 0.044821682291279585 24.825637817382812
9 0.9925262212801633 0.33726020785318794 0.012447557439673296 0.03684566841464465 34.04922103881836
9 0.9757578239542174 0.353660660595491 0.013021670637588079 0.03289964912784882 37.4810905456543
