2 0.7907419155110781 0.5220527158206586 0.03155209747383658 0.033573986830502944 58.584381103515625
2 0.6288084255083507 0.646328392646403 0.24522486050639425 0.30804979713128544 10.856595039367676
2 0.0342632761852649 0.5295482689577065 0.0685265523705298 0.053016876607303476 48.453857421875
2 0.3067001994243783 0.6692518699487344 0.3037982165192587 0.24527215080818277 10.100817680358887
2 0.7005424314843132 0.5956236207720969 0.12580560684989706 0.1275205012591939 17.055814743041992
2 0.11847833379242154 0.5352424468125183 0.12150884174334986 0.04818236842195178 44.03116989135742
2 0.46922607392427995 0.5079628860929929 0.3081513318741058 0.3764891420604261 16.21288299560547
2 0.5024342781471284 0.7768664759387949 0.9265435422282634 0.44293371478907684 4.50713586807251
2 0.856286871425824 0.537525698851398 0.048725285041938626 0.06434399071613495 35.30813217163086
0 0.9475498162905236 0.5221459240145191 0.009300106215969994 0.05069394281197398 47.97161865234375
9 0.33425973699838896 0.311951960363422 0.014899963003043137 0.0425675182243298 26.4141788482666
9 0.24904609717494602 0.3191991655603041 0.01516419501407093 0.0408029479238351 28.05340003967285
9 0.44273989823535265 0.30272508978907847 0.01446622119110974 0.04482816719581806 24.82526397705078
9 0.9925383430550443 0.3368312524792008 0.01242331388991147 0.036850565831136106 34.048858642578125
9 0.9757811445827935 0.35323606396875373 0.013026293077751272 0.03290362478000203 37.4807243347168
