2 0.7919490832585983 0.520351303861669 0.029849157236318424 0.031888869392141195 61.76926803588867
2 0.6288060707646517 0.6467107620577413 0.24521645541828818 0.30805582749845606 10.85700511932373
2 0.03426329980414859 0.5298608207246175 0.06852659960829718 0.05301909842212216 48.45418167114258
2 0.3067044123020597 0.6696106729310762 0.3037843235467112 0.2452970447254641 10.101227760314941
2 0.7005405505693765 0.5959737624974903 0.1258023782644987 0.1275319384855106 17.056215286254883
2 0.11847846391068298 0.5355586495743299 0.12150386517820265 0.048185557752416064 44.031517028808594
2 0.46923294378781083 0.5083239525933743 0.3081312688937091 0.37647829867479066 16.213266372680664
2 0.5024347429468062 0.7770536451462472 0.9264126649397507 0.4425593763741722 4.50759744644165
2 0.7861287964156842 0.5375748639110904 0.046692135991126205 0.06350489666619763 34.79582595825195
0 0.9463755161083579 0.521924794609685 0.009180720526554609 0.05005094692512646 48.55742645263672
9 0.3342731767055646 0.3122918386207578 0.014896709025857158 0.04256269588766198 26.414485931396484
9 0.24906386170976905 0.3195349378558179 0.015160245002735995 0.04079854980577652 28.05370330810547
9 0.44274725030121975 0.30307024537448 0.014463961126501446 0.044822775307041096 24.82557487487793
9 0.9925280813390374 0.3371865662942236 0.012443837321925444 0.03684649701929671 34.049156188964844
9 0.9757614161216098 0.3535877614222399 0.013022447053620878 0.032900322168534946 37.48102569580078
