2 0.7932781176635544 0.5179244888650905 0.027947527142730633 0.030027886369092704 65.74813842773438
2 0.6288050654994499 0.6468105430217799 0.2452149473691796 0.30805814657547936 10.857108116149902
2 0.03426363419747367 0.5299414954324098 0.06852726839494734 0.053019728880105865 48.45426940917969
2 0.306704414202284 0.6697040071131324 0.30378155690381403 0.24530412674188462 10.10133171081543
2 0.700539936404528 0.5960648934337422 0.1258017879296096 0.12753516606753768 17.056316375732422
2 0.11847828532691573 0.5356403610830789 0.12150259343304676 0.048186461238195144 44.03160858154297
2 0.4692343793591691 0.5084176432576293 0.30812662535971524 0.3764760835607995 16.213363647460938
2 0.5024317502013748 0.7771022704159571 0.9263863109904806 0.4424621258347524 4.507714748382568
0 0.9449509733529775 0.5214969910510547 0.00902213072579583 0.04927002841153039 49.28951644897461
9 0.3342764847613583 0.31237972513699597 0.014895860137871753 0.04256147667741056 26.41456413269043
9 0.24906825034679095 0.31962170111467847 0.015159215963503059 0.040797438533665076 28.05377960205078
9 0.44274904239211166 0.30315957396924886 0.014463369293559014 0.0448214111703073 24.825654983520508
9 0.9925255736501057 0.3372790130208842 0.01244885269978857 0.03684545892552571 34.04922866821289
9 0.9757565952914602 0.3536792756305454 0.013021475439388808 0.03289947861420883 37.481101989746094
