2 0.7920899939646815 0.5201173846665273 0.029651062962987917 0.03173375362606068 62.167049407958984
2 0.6288071466948089 0.6467317160572925 0.2452149073765053 0.30805518517755487 10.857051849365234
2 0.03426370478004251 0.5298782275434041 0.06852740956008502 0.05301919475623418 48.4542121887207
2 0.3067067201036188 0.6696302190036105 0.3037821571510746 0.24529762047540526 10.101268768310547
2 0.7005410578236739 0.5959932211753183 0.1258019168233797 0.12753236247727484 17.056262969970703
2 0.11847909275170548 0.5355762690986458 0.12150350683213268 0.04818571259391091 44.031551361083984
2 0.46923440265664995 0.5083441345936001 0.30812922768501433 0.37647690885617907 16.21331024169922
2 0.5024413024133193 0.7770640121685464 0.926395496115729 0.44253864232957385 4.507645130157471
2 0.7775588304228693 0.5375557354291062 0.04646286622181539 0.0634046415252274 34.74314880371094
0 0.9462310751178192 0.5219090535787391 0.009164684339781681 0.049971710785348955 48.630680084228516
9 0.3342746925990223 0.3123110113639688 0.014896502399731337 0.04256238209103236 26.414522171020508
9 0.24906567066277108 0.31955385740603776 0.015159999549412245 0.04079826331910097 28.05373764038086
9 0.4427483522937393 0.3030897439597094 0.014463810235365249 0.044822424849038645 24.825613021850586
9 0.9925275747644688 0.33720663574412924 0.012444850471062363 0.03684623573651957 34.049198150634766
9 0.9757604471638659 0.3536076008441723 0.01302222616910853 0.03290011046306246 37.4810676574707
