2 0.7930289884469465 0.5184104379214721 0.02830673968034647 0.03043628167300727 64.95217895507812
2 0.6288062451778487 0.6468006439985264 0.2452144031775374 0.3080575461897848 10.85710620880127
2 0.03426378954039781 0.5299336640066085 0.06852757908079563 0.053019654338140265 48.45426559448242
2 0.3067058645968148 0.669694732708696 0.30378109993888225 0.24530311557524198 10.101326942443848
2 0.7005406116772689 0.5960559733799333 0.12580166288245875 0.12753475969048156 17.05631446838379
2 0.11847868716711567 0.5356324255546822 0.12150268916920667 0.04818636010948629 44.03160095214844
2 0.46923504903823066 0.508408524126383 0.30812654680937923 0.376475998710521 16.213361740112305
2 0.5024376481492899 0.777097494430352 0.926385650772499 0.4424716778059625 4.507709980010986
0 0.945232471106069 0.5215557055828813 0.009053474641748105 0.04942424704313236 49.14308547973633
9 0.3342766878058432 0.3123712604021222 0.014895932008017032 0.04256157841175223 26.414562225341797
9 0.2490683582463073 0.3196133418409497 0.015159305522273958 0.04079753111366219 28.05377769470215
9 0.4427493767054611 0.30315097409803093 0.014463416053501765 0.04482152519798277 24.825654983520508
9 0.992525940813273 0.337270081080276 0.012448118373453942 0.036845547424743774 34.049232482910156
9 0.9757572904472902 0.35367042549379857 0.013021568958987761 0.032899550725223325 37.481101989746094
