2 0.7916609207391592 0.5208121639150605 0.030252209585296064 0.032233939559410674 60.97351837158203
2 0.6288067145417477 0.6466603252241527 0.2452175271074185 0.3080552837023184 10.856952667236328
2 0.034263046751993424 0.5298198780628955 0.06852609350398685 0.05301879455408687 48.45414352416992
2 0.30670403833242016 0.6695635814661027 0.3037863410205629 0.2452939757993089 10.101174354553223
2 0.700541040270739 0.5959275181972494 0.1258027598061151 0.12753043715404355 17.056163787841797
2 0.11847840114402172 0.5355171709812381 0.12150456207994194 0.04818511157577188 44.03147506713867
2 0.4692321228872198 0.5082763432503177 0.30813396882061056 0.37647993215998554 16.213218688964844
2 0.502436474488127 0.7770290012965442 0.926433156523945 0.44260866407357824 4.507538318634033
2 0.8034394711637558 0.5375955184652462 0.04716412010188942 0.06372691122135077 34.90852355957031
0 0.9466661101294274 0.5220377423226326 0.009212738206835991 0.05021012857042079 48.4110221862793
9 0.3342713708039286 0.31224706684214826 0.01489715354599297 0.042563344217475096 26.414447784423828
9 0.2490614608359233 0.3194907554848073 0.015160781213167912 0.04079914080477259 28.05366325378418
9 0.4427462790228805 0.3030247165900703 0.014464274634911956 0.04482350061890272 24.825536727905273
9 0.9925294767240873 0.3371394286484699 0.01244104655182543 0.03684704773688369 34.04912185668945
9 0.9757640793808466 0.35354111637674024 0.013022948359864506 0.03290076949925591 37.48099136352539
