2 0.7910557335009298 0.5216886175567037 0.031118082571785277 0.03306673396200677 59.381046295166016
2 0.628806732588715 0.6465025621745274 0.24522145544490004 0.3080530545377309 10.856766700744629
2 0.03426237385378906 0.5296910168981506 0.06852474770757812 0.05301788073647751 48.4539909362793
2 0.3067010931503912 0.669415698728429 0.30379265124930444 0.24528396082758996 10.100990295410156
2 0.7005411918891856 0.5957829574298326 0.12580418045227693 0.12752574667362004 17.05598258972168
2 0.11847783364395575 0.5353867706726769 0.12150666982995195 0.04818378761481379 44.031314849853516
2 0.46922848611778 0.5081273158417914 0.30814263543104864 0.3764846299354101 16.213043212890625
2 0.5024322701730425 0.7769517953585658 0.9264897482660888 0.442763075949535 4.507331848144531
2 0.8386598905757644 0.5375897937477049 0.04816715394435045 0.06415020618787692 35.17155075073242
0 0.947252654610591 0.5221114447927817 0.00927354078784648 0.05053159833180926 48.11809158325195
9 0.33426520543169685 0.31210676228309914 0.014898513184131934 0.042565349028982014 26.414304733276367
9 0.24905349424307732 0.3193521724674196 0.0151624285138805 0.04080097003332317 28.053525924682617
9 0.44274264353153264 0.3028821999768616 0.014465223514852021 0.04482574111383769 24.82539176940918
9 0.9925334730494476 0.33699258348878236 0.012433053901104829 0.03684873477542955 34.04898452758789
9 0.9757717586730726 0.3533957728413399 0.013024527084844806 0.032902138733604924 37.4808464050293
