2 0.7905803698956511 0.5222227439643663 0.031776883665086464 0.033834416293082925 58.186012268066406
2 0.6288077680710642 0.6462207207593914 0.24522823103925462 0.30804894776760033 10.856460571289062
2 0.3066968815229313 0.6691508177001846 0.3038033996138166 0.24526583183284378 10.100685119628906
2 0.700542188448408 0.5955247939090076 0.12580679773679704 0.12751748109168604 17.055683135986328
2 0.11847753563816853 0.535152976936509 0.1215103271094218 0.048181511510169805 44.03105926513672
2 0.46922298559074294 0.5078607998476246 0.30815784445540517 0.3764929029623126 16.212759017944336
2 0.5024276314309475 0.7768136258916651 0.9265891060539289 0.4430394148833364 4.506988048553467
2 0.8650749303462929 0.5374776488289028 0.04896772855243392 0.06448737863340692 35.37367248535156
0 0.9476987597059738 0.5221447454817569 0.009310945546083471 0.05077556833573088 47.898338317871094
9 0.33425509853658936 0.3118556540274875 0.01490089867882205 0.04256892186521577 26.41407585144043
9 0.2490401839149199 0.3191040110025022 0.015165328075218393 0.040804229390687674 28.053300857543945
9 0.44273705151868814 0.3026273025988483 0.014466874862888057 0.044829734805092836 24.825157165527344
9 0.992541095504521 0.3367307877324779 0.012417808990958124 0.036851738988108174 34.04875946044922
9 0.9757864301612567 0.35313663952783325 0.01302738993692687 0.03290457627773785 37.48061752319336
