2 0.7897406901946702 0.5229288402798489 0.03293768495566207 0.03519358850025156 56.194087982177734
2 0.6288102113269664 0.6454411334490278 0.245246342422057 0.30803792788964945 10.855594635009766
2 0.0342646447467235 0.5288198312424325 0.068529289493447 0.05301200244445625 48.453067779541016
2 0.30668442157519965 0.6684181707418886 0.30383334601928425 0.24521624814387033 10.099824905395508
2 0.7005439006948481 0.5948105491901443 0.12581382622695325 0.12749470608256808 17.054832458496094
2 0.11847458639468457 0.5345059051768124 0.12152072444762183 0.04817531446841472 44.030330657958984
2 0.46920670537862613 0.5071233363757269 0.3081997702954601 0.3765162752155801 16.211950302124023
2 0.5024199695810903 0.7764313645762665 0.9268701759218434 0.4438039375141336 4.506019115447998
2 0.9084342680529421 0.537581608503485 0.050021474618048956 0.0651210941713053 35.73583984375
0 0.9484514937162057 0.5218586374841035 0.009289919914176048 0.051188709694312495 47.5317497253418
9 0.33422564417385875 0.31116048715952166 0.01490750661667195 0.04257886163121172 26.413423538208008
9 0.24900170783680223 0.3184169323278025 0.015173367238225544 0.0408133091430376 28.052663803100586
9 0.44272023841079544 0.30192173903321795 0.014471440214415099 0.0448408284316108 24.824495315551758
9 0.9925612577564291 0.3360066492108682 0.012377484487141932 0.036860019297532964 34.04812240600586
9 0.9758251264570043 0.35241984762060735 0.013035302551895 0.03291129266270665 37.4799690246582
