2 0.7946434708681536 0.5152222001803526 0.02598445205064681 0.02781414969686946 70.52410888671875
2 0.6288055455174042 0.6468206180706817 0.24521403143538967 0.3080575195306025 10.857138633728027
2 0.03426387540446982 0.5299499170718058 0.06852775080893964 0.05301977045408557 48.454288482666016
2 0.30670574096185943 0.6697133347659523 0.3037801839261411 0.2453041337619034 10.101359367370605
2 0.7005401044212122 0.5960743560127981 0.12580152543979328 0.12753530728148632 17.05634880065918
2 0.11847868975044097 0.5356488989743153 0.12150243129183472 0.04818653509797477 44.03163146972656
2 0.46923515620816847 0.5084274670547855 0.30812545217519166 0.3764751548879164 16.21339225769043
2 0.5024349400858418 0.7771072738555593 0.9263744306800479 0.4424521189555478 4.507745265960693
0 0.9432991901459435 0.5208563989675858 0.008838988909125822 0.04836444884475066 50.16803741455078
9 0.3342773029176831 0.31238911050563056 0.014895750878314684 0.04256130951708409 26.414588928222656
9 0.24906923358233884 0.31963094733431113 0.015159087771903473 0.04079728602583421 28.053802490234375
9 0.4427496275623929 0.30316913844474497 0.014463287310970296 0.044821224331997755 24.825679779052734
9 0.9925252732633446 0.3372889141676534 0.012449453473310834 0.03684531903420124 34.049259185791016
9 0.9757560297119863 0.3536890548107977 0.013021365501120097 0.03289936525324194 37.48113250732422
