2 0.7935199523633217 0.5174466301963727 0.027594579411593045 0.02963277664888697 66.54412841796875
2 0.6288068564942055 0.6468138524089739 0.24521368575619695 0.3080575285466406 10.857136726379395
2 0.03426397451926901 0.5299444490636338 0.06852794903853802 0.053019728535846466 48.45428466796875
2 0.30670692028842195 0.6697070603930866 0.30378015787432533 0.24530379557153126 10.101354598999023
2 0.700540943023726 0.5960681210016562 0.1258014481468439 0.1275351176805697 17.056346893310547
2 0.11847894864666832 0.535643348872231 0.1215024943272687 0.04818647138296561 44.03162384033203
2 0.4692358185501696 0.5084210613131231 0.30812551955195344 0.37647544079087575 16.213390350341797
2 0.5024411603574716 0.7771039736084039 0.92637914324149 0.4424587194498588 4.507741928100586
0 0.9446716820502545 0.5213471408230894 0.008991064423409356 0.04911672874955347 49.43593215942383
9 0.33427751140664114 0.31238308031263834 0.014895809614880129 0.042561400631387025 26.41458511352539
9 0.2490693378188596 0.3196250060688618 0.015159159176863474 0.04079736897087838 28.05379867553711
9 0.4427499799434431 0.3031629940795344 0.014463327947526528 0.044821326421901786 24.825679779052734
9 0.9925256802783718 0.33728250158676015 0.01244863944325636 0.03684539742457482 34.049259185791016
9 0.9757567840912735 0.3536827120694394 0.013021437858805052 0.03289942898872977 37.48113250732422
