2 0.3118868037130118 0.5399997209925205 0.09400895338869059 0.08784840601874855 31.35911750793457
2 0.6288056889123211 0.6468275272573933 0.24521409556394014 0.30805812393517684 10.857139587402344
2 0.729894813705029 0.5202190073377494 0.03870598904600042 0.043202499710146613 55.369407653808594
2 0.3067055865748569 0.6697197950263782 0.3037803823914327 0.24530498022153735 10.101360321044922
2 0.7005402521109085 0.5960805414474779 0.1258015419023928 0.12753563513823796 17.05634880065918
2 0.46923510108182453 0.5084337426582302 0.3081256941642676 0.37647536532654435 16.21339225769043
2 0.5024354437384463 0.7771105702785277 0.9263777902572266 0.4424455261096113 4.507747173309326
9 0.334277499439444 0.3123948935591001 0.014895699001535756 0.042561247868826535 26.414588928222656
9 0.2490694676001542 0.3196366543210404 0.015159024108592517 0.04079723010560349 28.053802490234375
9 0.4427497711106395 0.30317501879108816 0.014463252151162342 0.04482115498607442 24.825679779052734
9 0.9925252175054982 0.33729507734427333 0.012449564989003847 0.03684526338982397 34.049259185791016
9 0.9757559074079432 0.353695165967475 0.013021309290116023 0.032899319732831445 37.48112869262695
