0 0.154896 0.605852 0.081490 0.174838 0.729984
2 0.940637 0.558942 0.116303 0.093600 0.714153
2 0.496974 0.818135 0.526797 0.363731 0.636406
9 0.930434 0.193568 0.024527 0.066745 0.546532
9 0.851183 0.240929 0.025421 0.057048 0.322751
2 0.388955 0.591615 0.146167 0.058057 0.312399
2 0.444049 0.670392 0.211353 0.104867 0.310645
61 0.386092 0.878663 0.075179 0.061027 0.280405
2 0.376409 0.608507 0.180707 0.085890 0.263810
2 0.381808 0.651464 0.196154 0.102261 0.259558
2 0.500346 0.570676 0.104238 0.048740 0.251521
