2 0.939096 0.558511 0.120494 0.093485 0.626190
2 0.495585 0.813206 0.523261 0.373588 0.606712
0 0.117513 0.606844 0.061645 0.170558 0.591051
9 0.930358 0.193350 0.024604 0.066580 0.538721
2 0.362440 0.609104 0.201202 0.096807 0.375798
9 0.851008 0.240878 0.025170 0.057091 0.316737
2 0.500524 0.788072 0.386158 0.305204 0.307575
2 0.500504 0.560536 0.102423 0.040664 0.279783
2 0.379439 0.593098 0.157267 0.064263 0.266270
2 0.411937 0.660023 0.212507 0.115541 0.265272
2 0.396251 0.633518 0.214009 0.109563 0.262714
2 0.455565 0.667953 0.216834 0.102510 0.253579
