2 0.924367 0.561090 0.150140 0.091048 0.686474
2 0.495122 0.818028 0.527325 0.363944 0.610795
9 0.930044 0.193516 0.023810 0.067026 0.536807
0 0.034086 0.605838 0.052229 0.176378 0.429889
0 0.036146 0.579501 0.038873 0.126813 0.400761
9 0.851174 0.240817 0.025359 0.056843 0.340485
2 0.482128 0.786771 0.383360 0.309011 0.309608
0 0.034614 0.560970 0.032350 0.095711 0.296264
0 0.032292 0.636079 0.050564 0.104355 0.280272
7 0.495122 0.818028 0.527325 0.363944 0.278720
2 0.471541 0.588511 0.310170 0.121369 0.251497
