2 0.727270 0.563300 0.183904 0.093132 0.734122
2 0.498201 0.809839 0.526588 0.380321 0.587939
9 0.930187 0.193687 0.024520 0.067407 0.525199
9 0.851014 0.241078 0.025170 0.056833 0.325380
2 0.596920 0.559758 0.113719 0.049720 0.315411
2 0.464950 0.584436 0.234303 0.111674 0.301537
2 0.591886 0.571480 0.104435 0.057251 0.300207
7 0.498201 0.809839 0.526588 0.380321 0.285717
2 0.819788 0.539543 0.041439 0.051230 0.257299
2 0.669872 0.557769 0.101041 0.084189 0.255232
2 0.606810 0.560186 0.115532 0.075823 0.255136
