2 0.916932 0.562898 0.165928 0.094686 0.733197
0 0.029302 0.608558 0.058583 0.170048 0.651148
2 0.492879 0.815683 0.522252 0.368635 0.604270
9 0.929812 0.193522 0.024607 0.066960 0.555098
0 0.022319 0.590389 0.041978 0.139767 0.437963
9 0.851222 0.240840 0.025654 0.056987 0.360342
2 0.494833 0.788556 0.374828 0.301036 0.322235
0 0.019692 0.569510 0.034975 0.091238 0.308855
0 0.029411 0.643290 0.057578 0.089422 0.274768
7 0.492879 0.815683 0.522252 0.368635 0.261166
9 0.784085 0.282761 0.019257 0.049143 0.258047
