2 0.141682 0.566658 0.188769 0.095578 0.807795
2 0.815969 0.589200 0.155004 0.124871 0.682258
2 0.893352 0.557089 0.071193 0.062200 0.571820
37 0.946035 0.034805 0.107931 0.045787 0.362505
7 0.954016 0.513103 0.080210 0.125070 0.356124
2 0.877804 0.580941 0.058277 0.095380 0.341634
2 0.988359 0.557160 0.023281 0.068161 0.329211
7 0.894088 0.556260 0.070598 0.063024 0.303032
7 0.814913 0.590551 0.155606 0.124428 0.296822
4 0.946327 0.034230 0.107345 0.047127 0.288161
2 0.889493 0.568940 0.055645 0.082206 0.254337
