2 0.745074 0.602368 0.175930 0.156398 0.833351
7 0.912248 0.554908 0.119342 0.096022 0.481013
2 0.912248 0.554908 0.119342 0.096022 0.479215
2 0.984028 0.558488 0.031655 0.066112 0.472795
7 0.859232 0.510161 0.168550 0.126341 0.459856
2 0.950560 0.554426 0.062822 0.088296 0.343212
7 0.886075 0.537019 0.136333 0.111741 0.319951
5 0.858270 0.509681 0.164488 0.123194 0.295630
2 0.956555 0.564130 0.049125 0.066606 0.290410
7 0.828206 0.510770 0.111102 0.118331 0.278579
2 0.615886 0.526762 0.065756 0.032876 0.260057
