2 0.684140 0.594296 0.197106 0.177037 0.768870
2 0.906374 0.531404 0.051240 0.066077 0.501431
7 0.828095 0.530223 0.133222 0.111347 0.479494
2 0.827686 0.529736 0.131395 0.113155 0.451615
2 0.491175 0.503878 0.074044 0.032299 0.441216
7 0.754764 0.476346 0.175970 0.130169 0.434781
2 0.865747 0.529815 0.055936 0.096929 0.361543
37 0.958284 0.140829 0.083007 0.029131 0.316550
7 0.802236 0.518031 0.153700 0.129963 0.298906
7 0.491175 0.503878 0.074044 0.032299 0.287519
2 0.877833 0.529269 0.051459 0.084827 0.281101
2 0.917055 0.533176 0.035833 0.061528 0.275136
4 0.958284 0.140829 0.083007 0.029131 0.255970
