2 0.686299 0.600927 0.195912 0.177248 0.747354
2 0.497243 0.509525 0.075484 0.031537 0.503566
7 0.758799 0.481532 0.184324 0.131147 0.476103
2 0.914262 0.537300 0.048668 0.064263 0.467548
7 0.828446 0.536503 0.122502 0.113616 0.444728
2 0.828446 0.536503 0.122502 0.113616 0.429646
2 0.901705 0.541780 0.034461 0.067928 0.381442
2 0.874092 0.535699 0.057947 0.090696 0.337213
7 0.372299 0.497193 0.052057 0.038876 0.329978
2 0.429868 0.504359 0.060983 0.030629 0.301652
37 0.960990 0.148895 0.077726 0.030150 0.296790
5 0.756765 0.481238 0.179717 0.127295 0.293137
2 0.898647 0.538738 0.049552 0.080492 0.279975
4 0.960990 0.148895 0.077726 0.030150 0.270827
7 0.497243 0.509525 0.075484 0.031537 0.265855
2 0.372299 0.497193 0.052057 0.038876 0.257145
7 0.783100 0.502523 0.183463 0.132183 0.254375
