2 0.211244 0.562693 0.160840 0.085604 0.741128
2 0.820993 0.588858 0.160023 0.126940 0.713688
2 0.906605 0.556511 0.073015 0.060174 0.531300
7 0.965903 0.518758 0.066956 0.123496 0.492432
37 0.954126 0.048024 0.090936 0.041326 0.470507
5 0.965903 0.518758 0.066956 0.123496 0.363124
7 0.209396 0.562435 0.166611 0.086632 0.312310
2 0.877054 0.582374 0.057258 0.096864 0.293052
7 0.907421 0.555941 0.072065 0.061197 0.286746
2 0.885673 0.568723 0.074190 0.075359 0.259878
2 0.889982 0.556554 0.056616 0.054528 0.255929
7 0.821742 0.588443 0.162339 0.124580 0.251244
