2 0.821157 0.587770 0.173520 0.124261 0.803495
2 0.944067 0.556182 0.087579 0.058540 0.585493
2 0.395843 0.551427 0.119426 0.069382 0.514487
2 0.920031 0.557543 0.057394 0.054391 0.500623
7 0.400101 0.550204 0.121220 0.070179 0.424775
2 0.959703 0.556825 0.059509 0.053987 0.396408
2 0.757208 0.515263 0.046265 0.030843 0.381730
2 0.898030 0.553905 0.087818 0.059499 0.319988
2 0.847983 0.584243 0.118522 0.103885 0.275849
7 0.944067 0.556182 0.087579 0.058540 0.266219
2 0.986998 0.556986 0.021116 0.038581 0.257676
7 0.757659 0.516204 0.045798 0.031802 0.254880
