2 0.679163 0.581807 0.197811 0.175650 0.825518
2 0.811168 0.520467 0.112350 0.110785 0.449591
2 0.900831 0.522093 0.053002 0.070286 0.440864
7 0.811168 0.520467 0.112350 0.110785 0.440421
7 0.743895 0.467365 0.177811 0.137127 0.433015
2 0.483107 0.496543 0.072630 0.028557 0.371381
2 0.858775 0.520323 0.058807 0.097759 0.371072
0 0.659860 0.533191 0.037592 0.030567 0.352055
2 0.889520 0.517811 0.059125 0.080366 0.323526
7 0.790253 0.505747 0.149252 0.136400 0.312391
7 0.357876 0.484304 0.051130 0.040024 0.298242
7 0.483107 0.496543 0.072630 0.028557 0.282231
4 0.954857 0.129479 0.090286 0.030385 0.280913
7 0.860325 0.516965 0.084970 0.093862 0.260458
