2 0.735816 0.603325 0.171679 0.156383 0.779798
2 0.979056 0.558256 0.038826 0.066741 0.535681
7 0.851664 0.510734 0.168843 0.130737 0.495721
7 0.904188 0.554751 0.117537 0.096583 0.481558
2 0.905642 0.554363 0.118161 0.096983 0.467125
2 0.941291 0.554843 0.064135 0.090946 0.350231
2 0.990576 0.558462 0.016686 0.068809 0.289388
7 0.893615 0.530530 0.150482 0.118245 0.276027
7 0.492841 0.516138 0.056107 0.032621 0.261154
2 0.604499 0.526644 0.066790 0.032190 0.261022
7 0.814351 0.512574 0.089467 0.124877 0.252547
