2 0.681389 0.587022 0.195366 0.181335 0.841964
2 0.898460 0.524410 0.052992 0.068062 0.450696
2 0.819993 0.524383 0.132765 0.109218 0.447900
7 0.739970 0.462210 0.181435 0.122658 0.442847
7 0.823310 0.523871 0.137639 0.109533 0.425296
0 0.657573 0.536182 0.039856 0.030261 0.351969
2 0.479561 0.498505 0.076443 0.032390 0.326563
2 0.859578 0.522763 0.058316 0.094729 0.320415
2 0.887860 0.521699 0.056739 0.080538 0.305627
4 0.953984 0.131170 0.092031 0.035917 0.287571
2 0.850832 0.519179 0.099453 0.093908 0.274069
7 0.787188 0.507415 0.162033 0.131255 0.258744
