2 0.686046 0.606442 0.198115 0.177082 0.737806
7 0.836643 0.539402 0.130410 0.106720 0.516910
7 0.762618 0.488055 0.183146 0.137302 0.511005
2 0.913161 0.544722 0.046860 0.063523 0.438390
4 0.962709 0.157435 0.074119 0.029874 0.356750
7 0.878654 0.540415 0.088948 0.089400 0.306549
2 0.898162 0.539906 0.061080 0.082550 0.301975
2 0.833259 0.542847 0.126181 0.111972 0.301387
7 0.917843 0.542785 0.048883 0.066469 0.300552
2 0.502659 0.514266 0.071644 0.032830 0.296344
7 0.898162 0.539906 0.061080 0.082550 0.289476
7 0.808889 0.525775 0.137138 0.120429 0.274452
2 0.878654 0.540415 0.088948 0.089400 0.267314
5 0.762319 0.489726 0.179511 0.136373 0.252444
2 0.923600 0.547806 0.036388 0.058418 0.252082
