2 0.820486 0.587832 0.179318 0.120459 0.841222
2 0.441101 0.547567 0.118557 0.064954 0.514118
2 0.953886 0.556705 0.086841 0.057968 0.511899
2 0.921547 0.553293 0.099563 0.061865 0.481266
7 0.441101 0.547567 0.118557 0.064954 0.442453
2 0.976823 0.557319 0.042632 0.048329 0.360060
7 0.921547 0.553293 0.099563 0.061865 0.360051
2 0.780878 0.513907 0.049510 0.026253 0.348266
2 0.899161 0.552158 0.077277 0.064628 0.342362
7 0.943233 0.555422 0.095578 0.057500 0.292516
2 0.884031 0.570861 0.060145 0.085476 0.275559
