2 0.698143 0.606719 0.184214 0.167704 0.810144
7 0.790430 0.499833 0.172709 0.137267 0.514513
7 0.858416 0.551328 0.126877 0.103699 0.492241
2 0.933476 0.552681 0.046911 0.064496 0.487371
2 0.537601 0.521701 0.072740 0.029052 0.475884
2 0.858639 0.550128 0.124948 0.105884 0.378194
7 0.830239 0.530848 0.154926 0.129013 0.315473
2 0.951238 0.555758 0.030541 0.055383 0.296842
2 0.903787 0.548807 0.059762 0.086196 0.288821
5 0.790430 0.499833 0.172709 0.137267 0.275703
7 0.537601 0.521701 0.072740 0.029052 0.270808
7 0.416732 0.509088 0.050513 0.037364 0.255508
