2 0.820973 0.587687 0.176677 0.124401 0.828273
2 0.419203 0.550386 0.118941 0.068636 0.565733
2 0.952275 0.556328 0.085304 0.057945 0.556259
2 0.769183 0.514765 0.048054 0.028801 0.415981
2 0.902178 0.553662 0.085344 0.058416 0.403988
7 0.419947 0.549416 0.120586 0.068628 0.372599
2 0.974995 0.558111 0.045028 0.046759 0.371685
2 0.884928 0.552951 0.077289 0.065655 0.354399
2 0.929716 0.555175 0.076930 0.058941 0.354354
2 0.930835 0.559868 0.051444 0.048619 0.269681
7 0.952275 0.556328 0.085304 0.057945 0.265407
2 0.882240 0.569375 0.063146 0.092974 0.258893
