2 0.687609 0.618205 0.178727 0.172219 0.760784
2 0.770394 0.565440 0.129606 0.137418 0.627020
2 0.573893 0.583049 0.083320 0.094140 0.581530
2 0.387334 0.529336 0.083107 0.035328 0.514952
7 0.676491 0.488662 0.197026 0.128735 0.488359
2 0.857349 0.563015 0.040078 0.074491 0.476448
2 0.821615 0.560891 0.051282 0.103938 0.408938
2 0.804798 0.558222 0.097005 0.112723 0.327317
7 0.246541 0.519887 0.051939 0.040140 0.312959
2 0.847009 0.567027 0.047536 0.087266 0.307075
7 0.775849 0.561315 0.128092 0.124436 0.281316
2 0.835191 0.560299 0.065753 0.096541 0.267464
2 0.829021 0.573638 0.034999 0.087366 0.250751
