2 0.602333 0.776161 0.708728 0.447678 0.843711
2 0.332945 0.658436 0.264963 0.225139 0.722817
2 0.125328 0.533592 0.110721 0.044750 0.581813
2 0.669141 0.555670 0.222340 0.130908 0.508549
2 0.795496 0.524100 0.030726 0.031972 0.447864
2 0.036034 0.530743 0.061646 0.040947 0.434563
7 0.472943 0.488331 0.310299 0.275975 0.379876
7 0.669938 0.557453 0.220638 0.136045 0.354057
2 0.102406 0.532636 0.069379 0.040566 0.333507
7 0.416686 0.528999 0.427867 0.329468 0.332409
0 0.946242 0.534712 0.025080 0.059612 0.326519
2 0.568475 0.703047 0.584139 0.338662 0.316032
2 0.145664 0.539237 0.066628 0.033400 0.311484
7 0.501753 0.580952 0.706378 0.471442 0.296222
7 0.602333 0.776161 0.708728 0.447678 0.277717
7 0.125328 0.533592 0.110721 0.044750 0.269163
5 0.430904 0.489281 0.383105 0.295131 0.265155
7 0.485187 0.464017 0.751766 0.360938 0.264106
2 0.452960 0.645949 0.482253 0.282840 0.262358
9 0.756133 0.397496 0.009817 0.022281 0.253346
7 0.036034 0.530743 0.061646 0.040947 0.251816
