2 0.616471 0.772599 0.635081 0.448640 0.798205
2 0.341199 0.652449 0.254939 0.215561 0.729052
2 0.133542 0.531274 0.110913 0.044325 0.611567
2 0.797769 0.529144 0.035612 0.039645 0.535319
2 0.676244 0.557052 0.212447 0.136768 0.511245
7 0.438725 0.496317 0.396756 0.313716 0.432195
2 0.039345 0.523308 0.078691 0.054540 0.387539
7 0.039625 0.522971 0.079250 0.054982 0.372325
7 0.676244 0.557052 0.212447 0.136768 0.355844
7 0.406648 0.557884 0.389170 0.355658 0.338324
7 0.558210 0.620963 0.627434 0.571705 0.321231
2 0.047228 0.531316 0.063631 0.037088 0.301554
7 0.133542 0.531274 0.110913 0.044325 0.296651
2 0.109822 0.531554 0.058669 0.041484 0.292438
7 0.433942 0.497726 0.530342 0.394418 0.286044
9 0.822410 0.395425 0.008972 0.023930 0.263823
7 0.615679 0.759544 0.628178 0.471903 0.259956
0 0.632442 0.535079 0.039360 0.044321 0.259686
