2 0.685031 0.617265 0.185299 0.182067 0.782925
2 0.879428 0.555612 0.041873 0.069046 0.494226
2 0.605868 0.567357 0.059082 0.090264 0.484689
7 0.714285 0.483583 0.181755 0.115935 0.471075
2 0.797553 0.555079 0.125634 0.119699 0.459924
7 0.796179 0.555308 0.122124 0.120223 0.456559
7 0.313542 0.515907 0.055739 0.039185 0.442645
37 0.941667 0.145202 0.116666 0.035968 0.374751
2 0.888714 0.557167 0.035169 0.064765 0.373460
2 0.844928 0.553609 0.055337 0.103107 0.321766
5 0.714301 0.483186 0.182645 0.118332 0.272178
2 0.443026 0.525836 0.076676 0.034067 0.265560
7 0.722156 0.511124 0.223517 0.157341 0.260545
7 0.444015 0.526757 0.076579 0.033117 0.250594
