2 0.686001 0.618004 0.180936 0.182046 0.776106
2 0.766549 0.564171 0.135389 0.138484 0.634480
2 0.565269 0.585024 0.082989 0.092825 0.613522
7 0.669977 0.488645 0.193625 0.131530 0.541035
2 0.853298 0.563229 0.044409 0.073957 0.488844
2 0.377623 0.528975 0.083567 0.034865 0.479603
2 0.824284 0.561843 0.050656 0.097781 0.393055
7 0.237893 0.518483 0.059739 0.040116 0.362883
2 0.803124 0.558014 0.095276 0.109097 0.291571
7 0.377623 0.528975 0.083567 0.034865 0.276805
2 0.304690 0.525592 0.062722 0.032419 0.276101
7 0.769644 0.563959 0.131762 0.130160 0.274339
2 0.833261 0.570855 0.032882 0.080894 0.253111
