2 0.602975 0.766383 0.718621 0.467233 0.827114
2 0.328430 0.644933 0.255333 0.214248 0.681995
2 0.123087 0.523443 0.112475 0.042721 0.565696
2 0.793767 0.515558 0.034074 0.038216 0.462391
2 0.666974 0.542814 0.214534 0.132715 0.438643
2 0.574479 0.691538 0.597098 0.324931 0.389209
2 0.037146 0.522284 0.059540 0.036816 0.368687
2 0.143036 0.527406 0.069160 0.035352 0.359656
7 0.672965 0.546446 0.217321 0.117551 0.347750
2 0.460848 0.642212 0.492410 0.273380 0.326639
7 0.429058 0.469393 0.400481 0.280197 0.321619
7 0.123087 0.523443 0.112475 0.042721 0.310026
5 0.429058 0.469393 0.400481 0.280197 0.280816
2 0.095986 0.523586 0.056855 0.038856 0.265176
7 0.394044 0.567035 0.388042 0.315512 0.261655
7 0.523147 0.597481 0.737578 0.473785 0.256518
