2 0.630275 0.753776 0.345045 0.414433 0.833451
2 0.429415 0.623357 0.180006 0.163978 0.645656
2 0.709395 0.576006 0.179355 0.165575 0.556315
2 0.213147 0.530242 0.096472 0.041266 0.531585
7 0.516931 0.523151 0.326010 0.297916 0.526062
2 0.845872 0.534953 0.048548 0.040076 0.518524
7 0.047492 0.520302 0.083900 0.047059 0.412565
2 0.120285 0.527218 0.083487 0.041637 0.399397
2 0.192804 0.530554 0.064250 0.038188 0.362939
7 0.590652 0.521235 0.292038 0.279144 0.340115
7 0.709395 0.576006 0.179355 0.165575 0.339737
2 0.047492 0.520302 0.083900 0.047059 0.328866
2 0.136924 0.531868 0.058104 0.032610 0.328589
7 0.549133 0.491000 0.250399 0.228656 0.322015
7 0.118679 0.525440 0.090313 0.045403 0.303539
7 0.213147 0.530242 0.096472 0.041266 0.300639
7 0.476083 0.467968 0.443266 0.277001 0.295176
5 0.521738 0.514108 0.309179 0.285554 0.290121
2 0.787367 0.586811 0.038756 0.121796 0.281642
2 0.477351 0.605181 0.288877 0.209515 0.276771
7 0.646600 0.566947 0.320833 0.215100 0.274342
7 0.130447 0.530125 0.067365 0.035829 0.254123
2 0.243449 0.535528 0.037219 0.034887 0.253785
