2 0.665932 0.651634 0.223070 0.217164 0.712429
2 0.744065 0.575459 0.147370 0.156769 0.607910
2 0.524879 0.596458 0.115857 0.114735 0.607176
7 0.170103 0.519205 0.060334 0.044835 0.488696
2 0.832481 0.569690 0.037303 0.083006 0.487075
2 0.314106 0.529876 0.078291 0.035085 0.444981
7 0.632311 0.494046 0.243507 0.187270 0.409944
2 0.236509 0.526442 0.072160 0.035916 0.379208
2 0.822264 0.570772 0.044006 0.094010 0.364430
2 0.987883 0.546290 0.024233 0.038445 0.353758
5 0.632311 0.494046 0.243507 0.187270 0.320196
2 0.805844 0.565492 0.057987 0.116176 0.307947
7 0.236509 0.526442 0.072160 0.035916 0.305304
2 0.170103 0.519205 0.060334 0.044835 0.288500
2 0.985594 0.550576 0.028813 0.054229 0.286532
7 0.744065 0.575459 0.147370 0.156769 0.266298
2 0.700948 0.591185 0.194178 0.130631 0.259665
32 0.665951 0.653300 0.224751 0.226668 0.253444
