2 0.602700 0.760956 0.707615 0.478089 0.846792
2 0.326938 0.642529 0.251616 0.208395 0.681806
2 0.123596 0.520790 0.114243 0.045588 0.563311
2 0.792806 0.514780 0.035150 0.040402 0.488080
2 0.667948 0.541870 0.216082 0.134465 0.468660
2 0.037618 0.520451 0.058206 0.036513 0.389792
7 0.670255 0.546099 0.227203 0.118592 0.361890
7 0.123596 0.520790 0.114243 0.045588 0.330822
7 0.413203 0.468615 0.403944 0.290793 0.298275
2 0.032628 0.511574 0.063941 0.056894 0.294179
2 0.467102 0.643226 0.490776 0.283741 0.288744
2 0.143199 0.526341 0.071870 0.035058 0.271007
7 0.036266 0.517124 0.061187 0.041289 0.263336
7 0.602700 0.760956 0.707615 0.478089 0.262489
0 0.380094 0.583869 0.032442 0.045142 0.261893
7 0.386442 0.567524 0.390788 0.318220 0.251459
2 0.104201 0.519813 0.075910 0.040179 0.251080
