2 0.603428 0.765224 0.710537 0.469552 0.831907
2 0.325713 0.645319 0.248034 0.210871 0.695805
2 0.122681 0.522383 0.116689 0.043160 0.592045
2 0.793088 0.515497 0.035152 0.038503 0.498318
2 0.669573 0.542722 0.218305 0.135467 0.457587
7 0.671923 0.546919 0.227471 0.121266 0.373102
2 0.036925 0.521237 0.059113 0.036016 0.371501
2 0.576668 0.694023 0.581327 0.323195 0.363813
7 0.434574 0.478960 0.374843 0.281831 0.323738
2 0.143290 0.527160 0.070748 0.034125 0.321800
7 0.122681 0.522383 0.116689 0.043160 0.321695
2 0.459968 0.642514 0.478430 0.272836 0.309116
7 0.398190 0.555990 0.385298 0.326509 0.291304
5 0.434574 0.478960 0.374843 0.281831 0.280783
2 0.096450 0.522197 0.057972 0.039505 0.266537
2 0.032590 0.512506 0.065180 0.055383 0.261302
7 0.035874 0.518473 0.061508 0.040339 0.260004
9 0.816559 0.383482 0.009581 0.022120 0.259760
7 0.442633 0.556109 0.538195 0.433312 0.253972
