2 0.642512 0.710377 0.306987 0.323866 0.739181
2 0.468476 0.613041 0.163821 0.148339 0.590524
2 0.726971 0.578884 0.170844 0.166959 0.544640
2 0.881557 0.537862 0.073153 0.040395 0.529950
7 0.545981 0.530473 0.310618 0.289146 0.516089
7 0.088453 0.521869 0.070683 0.046313 0.457197
2 0.248829 0.530863 0.095714 0.040010 0.406760
7 0.573155 0.495953 0.246781 0.215158 0.398475
2 0.156750 0.527626 0.076898 0.040891 0.387956
5 0.545336 0.531579 0.314404 0.286030 0.336451
2 0.796400 0.571208 0.050426 0.110978 0.326667
2 0.906512 0.539437 0.034323 0.035867 0.325528
2 0.807416 0.575455 0.030288 0.094597 0.322556
7 0.156750 0.527626 0.076898 0.040891 0.306996
2 0.229690 0.531047 0.065290 0.035396 0.306883
2 0.178048 0.531433 0.057786 0.033274 0.295495
7 0.726971 0.578884 0.170844 0.166959 0.283047
0 0.594623 0.619689 0.077795 0.045685 0.275615
5 0.573155 0.495953 0.246781 0.215158 0.269571
7 0.587109 0.569494 0.283440 0.298633 0.266279
2 0.089759 0.521332 0.073914 0.047459 0.263235
2 0.868066 0.534997 0.051404 0.035877 0.260385
7 0.248829 0.530863 0.095714 0.040010 0.255241
2 0.587571 0.622641 0.333902 0.225430 0.252980
