2 0.694639 0.616946 0.186341 0.171498 0.774190
2 0.586454 0.577395 0.084502 0.094870 0.627491
2 0.778928 0.560404 0.127472 0.132017 0.562506
2 0.867254 0.558328 0.043923 0.073199 0.476673
7 0.691863 0.486450 0.193141 0.132255 0.469559
2 0.835442 0.558611 0.054323 0.099428 0.402014
2 0.403960 0.527956 0.079706 0.034673 0.393670
7 0.264439 0.517650 0.052055 0.040089 0.347609
7 0.781688 0.559859 0.129241 0.126877 0.336336
5 0.691863 0.486450 0.193141 0.132255 0.293909
2 0.858740 0.565096 0.048234 0.086573 0.259170
7 0.403960 0.527956 0.079706 0.034673 0.252416
