2 0.626223 0.768862 0.457288 0.450813 0.771776
2 0.394296 0.638774 0.214346 0.185643 0.767626
2 0.179784 0.532097 0.111985 0.044114 0.603682
2 0.824369 0.529831 0.040441 0.044385 0.497736
7 0.080307 0.526103 0.094428 0.047137 0.443809
7 0.697545 0.564547 0.195258 0.144577 0.422910
2 0.024934 0.522882 0.048485 0.053957 0.408993
5 0.519814 0.490253 0.306965 0.240985 0.408574
2 0.080307 0.526103 0.094428 0.047137 0.391553
7 0.024444 0.521582 0.048887 0.054586 0.388140
2 0.697545 0.564547 0.195258 0.144577 0.378214
7 0.179784 0.532097 0.111985 0.044114 0.311371
0 0.824286 0.529924 0.040233 0.044771 0.294763
7 0.519375 0.491926 0.311391 0.243556 0.285617
2 0.161871 0.532147 0.066217 0.042370 0.277804
2 0.203236 0.534853 0.060123 0.040359 0.277170
2 0.098919 0.531945 0.065579 0.035277 0.274044
7 0.067505 0.517927 0.125021 0.063008 0.273969
