2 0.374646 0.645565 0.194117 0.186067 0.735567
2 0.625821 0.772860 0.521376 0.446904 0.702927
2 0.170396 0.531398 0.111409 0.045397 0.612660
2 0.070683 0.526102 0.096040 0.048647 0.492926
2 0.819279 0.529219 0.038871 0.045235 0.460835
7 0.070683 0.526102 0.096040 0.048647 0.450087
2 0.018400 0.520187 0.036376 0.054593 0.416994
7 0.693097 0.562038 0.209914 0.140756 0.401131
2 0.693097 0.562038 0.209914 0.140756 0.393394
2 0.439722 0.626454 0.310671 0.213229 0.359011
5 0.514968 0.513916 0.299091 0.281464 0.354233
7 0.446440 0.485784 0.409156 0.321106 0.349801
7 0.514968 0.513916 0.299091 0.281464 0.324552
7 0.170396 0.531398 0.111409 0.045397 0.309904
7 0.018400 0.520187 0.036376 0.054593 0.290534
2 0.149350 0.531431 0.062988 0.043080 0.283367
0 0.820798 0.530083 0.036993 0.047116 0.283289
2 0.620603 0.686254 0.372891 0.212661 0.281972
2 0.086003 0.531490 0.062089 0.039719 0.259515
5 0.446440 0.485784 0.409156 0.321106 0.255859
