2 0.644331 0.704074 0.297680 0.312221 0.724235
2 0.470340 0.610391 0.161562 0.146778 0.683951
7 0.092157 0.521425 0.069734 0.045209 0.531962
2 0.726731 0.578871 0.171558 0.168147 0.530153
2 0.885853 0.536476 0.077626 0.043750 0.530074
2 0.254179 0.529066 0.091529 0.039667 0.496270
7 0.559916 0.518802 0.291244 0.266627 0.434934
2 0.164779 0.526727 0.078182 0.039945 0.412925
2 0.905774 0.536852 0.046839 0.042807 0.411716
5 0.584939 0.492671 0.234652 0.211985 0.374582
7 0.164779 0.526727 0.078182 0.039945 0.348799
2 0.807229 0.573054 0.034405 0.090790 0.334831
5 0.552260 0.527107 0.308035 0.272213 0.318383
2 0.797091 0.569788 0.050985 0.108735 0.302922
2 0.713012 0.520813 0.141276 0.060925 0.261380
9 0.892354 0.401972 0.010452 0.020562 0.253964
2 0.093640 0.520472 0.072387 0.046652 0.253126
7 0.726731 0.578871 0.171558 0.168147 0.250400
