2 0.653581 0.671381 0.253889 0.256930 0.697246
2 0.950161 0.540877 0.085682 0.038500 0.551703
2 0.740085 0.576127 0.159172 0.161593 0.545803
2 0.504096 0.603133 0.135218 0.131693 0.499415
7 0.596506 0.518951 0.272697 0.256337 0.491212
2 0.289741 0.529280 0.089511 0.036796 0.419182
7 0.134281 0.519651 0.059189 0.043275 0.385536
2 0.818810 0.568372 0.042216 0.088424 0.343867
7 0.504088 0.601334 0.134800 0.133803 0.330795
2 0.206153 0.527977 0.067515 0.032412 0.303650
7 0.616138 0.573358 0.258486 0.276038 0.301905
2 0.809563 0.565240 0.054144 0.103583 0.300552
7 0.543559 0.482014 0.374217 0.306886 0.285126
