2 0.687157 0.619318 0.184138 0.185497 0.780610
2 0.881345 0.556111 0.042285 0.069570 0.507481
2 0.796796 0.557950 0.117025 0.119096 0.504701
2 0.447726 0.528137 0.078276 0.032040 0.426807
7 0.796939 0.555876 0.118612 0.117310 0.419351
7 0.718667 0.483840 0.183030 0.110008 0.413344
2 0.846726 0.555180 0.059518 0.101881 0.403160
7 0.319785 0.519195 0.056724 0.040219 0.341279
2 0.851264 0.566449 0.038651 0.078547 0.322030
2 0.608941 0.571206 0.053728 0.081648 0.305522
37 0.942895 0.146736 0.114210 0.039085 0.295774
2 0.890797 0.557141 0.037181 0.065890 0.294820
2 0.869076 0.565822 0.046921 0.082111 0.253186
4 0.942895 0.146736 0.114210 0.039085 0.250358
