2 0.653838 0.674011 0.259072 0.267319 0.681100
2 0.947243 0.541740 0.099478 0.042718 0.623468
2 0.738142 0.578221 0.160128 0.161631 0.527394
2 0.500015 0.605529 0.141387 0.132632 0.509977
2 0.285280 0.529908 0.091593 0.038072 0.485680
7 0.581366 0.529508 0.272110 0.262913 0.482173
7 0.131606 0.519854 0.069319 0.045140 0.395209
2 0.818357 0.573221 0.034751 0.088882 0.386558
2 0.809415 0.570253 0.051940 0.099110 0.372514
7 0.617696 0.575690 0.256818 0.286358 0.341315
5 0.583833 0.535424 0.290324 0.268763 0.331232
7 0.499648 0.605344 0.141166 0.134297 0.322782
0 0.705991 0.605197 0.046432 0.046526 0.290660
2 0.797837 0.568630 0.062878 0.119310 0.284384
2 0.209740 0.530190 0.054629 0.030298 0.283773
7 0.601004 0.493215 0.250969 0.179967 0.273937
2 0.986641 0.544540 0.026718 0.038507 0.273803
7 0.542779 0.474177 0.383061 0.297689 0.268911
2 0.194958 0.528636 0.064367 0.033270 0.268902
2 0.694516 0.590216 0.199494 0.126341 0.268644
7 0.285280 0.529908 0.091593 0.038072 0.254470
