2 0.633186 0.745654 0.339871 0.382566 0.809193
2 0.438341 0.623085 0.191103 0.162921 0.650956
2 0.217019 0.529347 0.101526 0.042004 0.585997
2 0.851128 0.533732 0.057484 0.042952 0.530124
2 0.713040 0.571082 0.191221 0.161863 0.517983
7 0.524907 0.520155 0.333818 0.299033 0.509258
7 0.052376 0.520565 0.079435 0.045463 0.444286
2 0.124069 0.524681 0.089425 0.046605 0.436962
7 0.713040 0.571082 0.191221 0.161863 0.384165
7 0.124069 0.524681 0.089425 0.046605 0.379326
7 0.554743 0.483110 0.257178 0.217115 0.377612
7 0.510563 0.474386 0.452136 0.291008 0.333976
7 0.217019 0.529347 0.101526 0.042004 0.309147
5 0.524907 0.520155 0.333818 0.299033 0.293230
2 0.480420 0.607599 0.277411 0.196498 0.280671
7 0.640639 0.563394 0.330076 0.215708 0.275637
2 0.052129 0.520187 0.077962 0.047103 0.271900
