2 0.679424 0.630010 0.193522 0.186776 0.729318
2 0.758002 0.572117 0.131447 0.144493 0.600218
2 0.550762 0.585600 0.092774 0.104894 0.529197
2 0.847563 0.564067 0.038617 0.076607 0.514377
2 0.360964 0.528384 0.085751 0.036440 0.507679
7 0.219348 0.518889 0.062112 0.042044 0.412666
7 0.655982 0.496372 0.225395 0.171094 0.402231
2 0.831569 0.562208 0.048414 0.095129 0.372347
7 0.237626 0.518162 0.091933 0.047149 0.371109
2 0.817970 0.561292 0.053522 0.110687 0.370368
7 0.550762 0.585600 0.092774 0.104894 0.296065
7 0.626925 0.475331 0.414930 0.290833 0.288053
7 0.764013 0.564708 0.136712 0.133741 0.282409
0 0.661567 0.572365 0.039900 0.029517 0.276897
7 0.281518 0.525570 0.065125 0.033032 0.258233
2 0.825188 0.575982 0.045151 0.099265 0.253770
2 0.281518 0.525570 0.065125 0.033032 0.252039
7 0.677884 0.612007 0.198960 0.190364 0.251353
