2 0.678693 0.612379 0.187346 0.180537 0.798735
2 0.887499 0.549223 0.046293 0.067739 0.505622
2 0.801224 0.547452 0.119792 0.113540 0.470951
7 0.803089 0.548156 0.121872 0.110924 0.439470
7 0.729549 0.478038 0.177472 0.110024 0.429640
2 0.466097 0.523245 0.078208 0.029645 0.378957
2 0.873823 0.544221 0.060652 0.084883 0.367647
2 0.849231 0.546056 0.057853 0.100249 0.358760
2 0.831304 0.544027 0.111518 0.105027 0.315983
7 0.340975 0.511199 0.056942 0.041063 0.290748
7 0.831304 0.544027 0.111518 0.105027 0.275861
