2 0.664500 0.652295 0.224133 0.236498 0.718872
2 0.742928 0.574600 0.147947 0.154747 0.591601
2 0.519378 0.595014 0.115782 0.118472 0.528344
2 0.982715 0.547538 0.034570 0.052646 0.491556
2 0.830011 0.569384 0.033626 0.085324 0.469019
7 0.164789 0.520898 0.062321 0.043218 0.466520
7 0.608408 0.518691 0.255336 0.227398 0.436918
2 0.821485 0.567558 0.047593 0.094328 0.420844
2 0.314189 0.529976 0.086033 0.035151 0.401550
2 0.804539 0.565379 0.060354 0.112308 0.369567
7 0.231928 0.526022 0.070235 0.037284 0.347001
5 0.617638 0.504552 0.238030 0.195850 0.318342
2 0.231928 0.526022 0.070235 0.037284 0.315897
2 0.162572 0.520944 0.057612 0.043109 0.304882
7 0.742928 0.574600 0.147947 0.154747 0.274138
9 0.594745 0.341211 0.013243 0.039332 0.263566
7 0.625997 0.486768 0.218809 0.157164 0.263040
