2 0.602444 0.775980 0.712842 0.448040 0.849724
2 0.335256 0.659400 0.267164 0.224066 0.693186
2 0.125594 0.532819 0.108724 0.045329 0.575331
2 0.669697 0.554996 0.223366 0.132260 0.514236
2 0.035817 0.530288 0.062308 0.041422 0.460905
2 0.795576 0.524024 0.030925 0.032358 0.438620
0 0.957461 0.536041 0.028663 0.063161 0.404634
7 0.420733 0.486250 0.394481 0.296706 0.360671
7 0.674384 0.558453 0.224063 0.121832 0.356397
2 0.101855 0.531999 0.067866 0.040828 0.353119
2 0.568043 0.703618 0.603574 0.345585 0.326171
2 0.148153 0.539235 0.061312 0.032847 0.323329
7 0.394363 0.558313 0.389199 0.329521 0.306816
5 0.420733 0.486250 0.394481 0.296706 0.295840
2 0.447883 0.644828 0.482357 0.281374 0.292586
7 0.503777 0.587754 0.708385 0.469731 0.275189
0 0.949796 0.535379 0.023480 0.061504 0.260922
7 0.035817 0.530288 0.062308 0.041422 0.260273
5 0.428080 0.475909 0.560880 0.404301 0.259690
7 0.125594 0.532819 0.108724 0.045329 0.258720
7 0.428080 0.475909 0.560880 0.404301 0.252302
