2 0.638273 0.693741 0.282385 0.287718 0.719761
2 0.475543 0.609508 0.152397 0.138784 0.705832
2 0.904786 0.535721 0.086074 0.043759 0.573790
2 0.728436 0.577006 0.171342 0.164483 0.545700
2 0.248649 0.529654 0.077433 0.036734 0.495564
7 0.559023 0.530318 0.303094 0.279621 0.467641
7 0.103206 0.520861 0.072024 0.043930 0.463722
2 0.167412 0.527493 0.069806 0.034827 0.404685
2 0.804675 0.570561 0.043976 0.091093 0.360917
2 0.926847 0.536677 0.045951 0.043277 0.347661
2 0.180895 0.529393 0.061694 0.031811 0.345452
5 0.559023 0.530318 0.303094 0.279621 0.336794
2 0.796086 0.567995 0.053251 0.112230 0.336227
0 0.603297 0.609708 0.065187 0.041709 0.288616
2 0.713824 0.521459 0.126363 0.054053 0.277236
2 0.888152 0.535849 0.058947 0.039368 0.275298
7 0.167412 0.527493 0.069806 0.034827 0.270629
7 0.728436 0.577006 0.171342 0.164483 0.269953
0 0.520157 0.614358 0.048004 0.126343 0.268961
2 0.103206 0.520861 0.072024 0.043930 0.262963
