2 0.693713 0.617532 0.180422 0.170247 0.751468
2 0.585138 0.579416 0.084836 0.095378 0.629499
2 0.778800 0.560916 0.130664 0.130581 0.588262
2 0.862553 0.558192 0.048724 0.078015 0.482808
2 0.397077 0.528082 0.079373 0.034085 0.455898
7 0.687251 0.487170 0.202443 0.130920 0.398897
2 0.836944 0.559355 0.052860 0.099709 0.398408
7 0.261081 0.517777 0.060251 0.041457 0.344610
7 0.781437 0.560516 0.133441 0.126298 0.309990
5 0.673961 0.499926 0.220175 0.162314 0.280191
7 0.276090 0.518059 0.084691 0.046210 0.277027
7 0.397077 0.528082 0.079373 0.034085 0.262007
0 0.672709 0.567141 0.034277 0.027508 0.261163
