2 0.631681 0.771903 0.412810 0.443594 0.752955
2 0.408232 0.631876 0.185044 0.173829 0.715595
2 0.191416 0.533174 0.109112 0.042101 0.657872
2 0.831546 0.534814 0.043922 0.040895 0.598647
7 0.520473 0.506366 0.302224 0.256604 0.472942
5 0.526520 0.501070 0.285273 0.247595 0.462528
7 0.094720 0.527644 0.088493 0.045917 0.432425
7 0.030971 0.524644 0.060561 0.049247 0.412699
7 0.700272 0.576117 0.189861 0.160666 0.412348
2 0.698279 0.572241 0.202832 0.156468 0.406432
2 0.446844 0.617694 0.277619 0.209828 0.383657
2 0.094720 0.527644 0.088493 0.045917 0.366144
2 0.031012 0.525721 0.059129 0.046154 0.346661
7 0.590764 0.526011 0.327874 0.280085 0.320456
2 0.527999 0.609545 0.359299 0.205415 0.314205
7 0.647665 0.575607 0.321282 0.210136 0.301935
2 0.114009 0.533578 0.051420 0.035036 0.288889
2 0.172650 0.532895 0.062366 0.040395 0.281403
2 0.611872 0.621695 0.355782 0.193934 0.275221
7 0.520122 0.483842 0.459758 0.269131 0.271703
7 0.520794 0.553743 0.368284 0.285192 0.261385
