2 0.644311 0.685382 0.276297 0.291221 0.697192
2 0.919507 0.540202 0.093425 0.042872 0.668142
2 0.479065 0.608864 0.140423 0.138345 0.619379
7 0.564190 0.532337 0.311928 0.278168 0.497510
2 0.731898 0.575452 0.175303 0.157337 0.487177
7 0.113392 0.519574 0.069030 0.045017 0.430170
2 0.262905 0.530059 0.083481 0.037136 0.394799
5 0.564190 0.532337 0.311928 0.278168 0.367334
2 0.805971 0.572056 0.045262 0.091566 0.361730
2 0.182320 0.527776 0.076169 0.035230 0.359806
0 0.606677 0.607124 0.068365 0.040958 0.355918
7 0.526597 0.486736 0.350709 0.288401 0.334299
2 0.943190 0.542526 0.043395 0.040004 0.332510
7 0.182320 0.527776 0.076169 0.035230 0.320650
2 0.796089 0.568231 0.056746 0.110438 0.311516
7 0.553647 0.489835 0.289177 0.172330 0.282968
7 0.641586 0.637187 0.284940 0.342265 0.278160
2 0.199348 0.530801 0.058001 0.030512 0.256863
7 0.731898 0.575452 0.175303 0.157337 0.253294
