2 0.389754 0.641018 0.214682 0.188285 0.765051
2 0.626265 0.766714 0.473913 0.453225 0.695238
2 0.178619 0.531701 0.106186 0.045516 0.554290
7 0.075227 0.526004 0.096486 0.047943 0.512870
2 0.822136 0.529630 0.039822 0.041691 0.485192
5 0.518333 0.498002 0.287270 0.236698 0.442694
7 0.695032 0.562456 0.198267 0.143242 0.426053
2 0.021606 0.521740 0.043213 0.053492 0.399835
2 0.075417 0.526145 0.095281 0.048203 0.384780
2 0.695032 0.562456 0.198267 0.143242 0.360094
7 0.021606 0.521740 0.043213 0.053492 0.329584
2 0.157116 0.531813 0.062207 0.045072 0.327566
7 0.178619 0.531701 0.106186 0.045516 0.313864
2 0.204696 0.536154 0.048782 0.036735 0.279769
7 0.516826 0.498581 0.294234 0.240564 0.278971
7 0.453348 0.485484 0.403428 0.295632 0.265773
7 0.064760 0.518787 0.121908 0.065462 0.264196
2 0.625067 0.678115 0.366441 0.205031 0.263738
