2 0.349196 0.652478 0.238439 0.208027 0.712704
2 0.615135 0.767857 0.569211 0.448166 0.695826
2 0.142449 0.533374 0.116015 0.043346 0.636609
2 0.803313 0.529896 0.036430 0.038727 0.496840
7 0.455784 0.545890 0.359994 0.355637 0.472060
2 0.680221 0.561345 0.211718 0.142035 0.430558
2 0.044513 0.525621 0.089026 0.050769 0.430157
7 0.044383 0.526385 0.088767 0.049881 0.409066
2 0.582789 0.698404 0.494439 0.301137 0.369127
7 0.680221 0.561345 0.211718 0.142035 0.353116
7 0.544060 0.617416 0.535415 0.524088 0.345401
2 0.120078 0.533298 0.062686 0.042084 0.337793
7 0.504676 0.495252 0.289414 0.272112 0.315850
2 0.064249 0.532942 0.053443 0.035859 0.308962
2 0.493489 0.668885 0.414952 0.202374 0.281465
2 0.168901 0.539122 0.060956 0.034003 0.276974
7 0.611777 0.754200 0.570306 0.464410 0.267243
