2 0.687082 0.618304 0.177792 0.172423 0.770912
2 0.569922 0.582228 0.087697 0.096926 0.704811
2 0.771172 0.562380 0.127563 0.128416 0.625260
2 0.853053 0.559498 0.048448 0.079968 0.504391
7 0.671658 0.488825 0.195106 0.129732 0.475758
2 0.382968 0.527892 0.081115 0.036356 0.418186
2 0.823727 0.560479 0.053806 0.099387 0.396074
2 0.800997 0.559505 0.100605 0.108605 0.350963
7 0.243945 0.518889 0.056088 0.041871 0.332512
7 0.382968 0.527892 0.081115 0.036356 0.270038
7 0.774566 0.560353 0.134008 0.120991 0.264890
2 0.708919 0.592029 0.208260 0.152389 0.263416
2 0.837409 0.559380 0.065422 0.093516 0.262614
