2 0.603687 0.775233 0.707624 0.449534 0.818286
2 0.332353 0.658937 0.262901 0.225257 0.700434
2 0.124498 0.534198 0.113658 0.043828 0.592712
2 0.668758 0.555834 0.221743 0.131024 0.514077
2 0.796070 0.523844 0.029420 0.031940 0.447119
2 0.035990 0.532854 0.061094 0.038210 0.417982
7 0.424486 0.490579 0.400612 0.300642 0.361775
7 0.669027 0.557682 0.219525 0.136440 0.359659
0 0.934629 0.543659 0.027819 0.068353 0.336936
7 0.496733 0.580855 0.687589 0.472488 0.331397
2 0.102908 0.533205 0.070005 0.039996 0.331349
2 0.566280 0.699633 0.575958 0.326185 0.311472
2 0.144815 0.539631 0.068208 0.033138 0.308381
1 0.934621 0.550929 0.029957 0.074727 0.281525
9 0.756065 0.398050 0.009959 0.022663 0.277054
7 0.480720 0.472812 0.736670 0.370415 0.276738
7 0.603687 0.775233 0.707624 0.449534 0.275010
2 0.451473 0.644468 0.483847 0.276553 0.270020
7 0.124498 0.534198 0.113658 0.043828 0.263865
0 0.939306 0.533946 0.026943 0.061852 0.252901
