2 0.667280 0.647099 0.218065 0.214603 0.707039
2 0.746448 0.573583 0.147852 0.155019 0.592958
2 0.527219 0.592911 0.113653 0.114952 0.583766
2 0.833211 0.567816 0.038367 0.081023 0.514428
2 0.320311 0.529068 0.078559 0.036549 0.492614
7 0.175243 0.517857 0.062382 0.047467 0.463484
7 0.625323 0.498718 0.236645 0.186422 0.455441
2 0.241104 0.523947 0.070772 0.040259 0.407375
2 0.818375 0.570849 0.043855 0.099431 0.398049
7 0.240074 0.524229 0.072701 0.041610 0.390350
2 0.174842 0.518185 0.060576 0.046468 0.385633
2 0.806350 0.565777 0.055288 0.117980 0.364584
5 0.625323 0.498718 0.236645 0.186422 0.311708
0 0.639351 0.584530 0.059524 0.037038 0.299296
7 0.746448 0.573583 0.147852 0.155019 0.282290
7 0.532993 0.594354 0.124395 0.118424 0.261457
