2 0.684861 0.620061 0.183859 0.175751 0.771679
2 0.594067 0.571651 0.064828 0.090097 0.509280
2 0.871161 0.557929 0.042353 0.070247 0.492369
2 0.785534 0.557991 0.120235 0.123323 0.467098
2 0.861490 0.552137 0.057485 0.085246 0.442512
2 0.837546 0.556221 0.055321 0.100059 0.424627
7 0.293464 0.516748 0.053630 0.042090 0.417114
7 0.781929 0.558875 0.113321 0.122240 0.402634
2 0.427719 0.528776 0.078060 0.033281 0.378825
7 0.704880 0.488438 0.188204 0.125677 0.365884
5 0.704880 0.488438 0.188204 0.125677 0.331893
2 0.862106 0.562247 0.032225 0.073477 0.327394
2 0.854430 0.566893 0.050071 0.087693 0.282577
7 0.427719 0.528776 0.078060 0.033281 0.260758
