2 0.681773 0.590552 0.190267 0.180068 0.797285
2 0.894209 0.530593 0.047459 0.066238 0.525736
7 0.741525 0.468851 0.179823 0.117070 0.521633
2 0.810104 0.529792 0.119318 0.110965 0.437220
7 0.816735 0.529480 0.125478 0.108874 0.435653
2 0.478308 0.503589 0.075185 0.033270 0.397388
2 0.855369 0.529849 0.057567 0.096690 0.366625
7 0.353194 0.494313 0.055696 0.037734 0.354544
2 0.905002 0.532955 0.036212 0.060383 0.305161
7 0.478308 0.503589 0.075185 0.033270 0.303374
7 0.777784 0.506608 0.162167 0.135700 0.297924
37 0.950243 0.136373 0.099479 0.034787 0.255632
7 0.895922 0.528124 0.050959 0.070399 0.251546
7 0.751560 0.486121 0.225463 0.161465 0.251223
