2 0.679254 0.636432 0.205392 0.198333 0.753751
2 0.756768 0.572861 0.137645 0.149382 0.604471
2 0.539422 0.590172 0.090015 0.113166 0.586466
2 0.846258 0.566530 0.037142 0.079260 0.531661
7 0.202254 0.517023 0.061087 0.045603 0.485931
7 0.650265 0.498058 0.229630 0.181463 0.483622
2 0.347650 0.528059 0.084996 0.037275 0.481046
2 0.265684 0.524642 0.068478 0.035650 0.379816
7 0.264854 0.524204 0.070473 0.037226 0.373082
2 0.830335 0.569041 0.044274 0.094765 0.350567
2 0.816629 0.562824 0.051483 0.110487 0.347906
2 0.202254 0.517023 0.061087 0.045603 0.314705
7 0.762143 0.567416 0.136840 0.138739 0.308750
2 0.589136 0.590805 0.042585 0.101263 0.270333
37 0.015947 0.056315 0.031669 0.054640 0.267271
7 0.539422 0.590172 0.090015 0.113166 0.262423
7 0.221191 0.517805 0.084463 0.047983 0.254330
