2 0.682589 0.619753 0.190898 0.183280 0.739493
2 0.561856 0.582657 0.087517 0.101498 0.635540
2 0.763617 0.561713 0.138175 0.135732 0.629857
2 0.848689 0.561262 0.041634 0.078367 0.509498
7 0.667192 0.486527 0.193923 0.136271 0.471930
7 0.228939 0.516081 0.059385 0.044292 0.381734
2 0.828140 0.561769 0.046686 0.096878 0.357787
2 0.371146 0.527349 0.084539 0.035941 0.355787
2 0.817115 0.560695 0.053988 0.108915 0.347733
7 0.252660 0.516563 0.100730 0.048539 0.306067
7 0.767474 0.561414 0.135709 0.129533 0.298893
2 0.839447 0.557650 0.053188 0.089200 0.284164
2 0.706990 0.592578 0.206389 0.156496 0.266973
2 0.808912 0.554726 0.088567 0.107711 0.256858
2 0.761345 0.578043 0.098786 0.136705 0.253406
7 0.291414 0.523157 0.069587 0.035242 0.252497
