2 0.687060 0.616711 0.182591 0.177360 0.788715
7 0.694748 0.489914 0.188823 0.138641 0.601317
2 0.776143 0.560376 0.124376 0.131611 0.542779
2 0.866685 0.558820 0.045368 0.071054 0.450317
2 0.832709 0.559527 0.058989 0.104610 0.422938
2 0.583557 0.575865 0.070430 0.094084 0.410758
7 0.779692 0.558912 0.121827 0.126802 0.354285
7 0.272221 0.516923 0.051792 0.041790 0.347421
2 0.407483 0.527428 0.075688 0.034533 0.323237
7 0.707493 0.504675 0.245481 0.202588 0.290780
2 0.842155 0.569145 0.034215 0.079392 0.254353
