2 0.615410 0.769533 0.601252 0.445321 0.744939
2 0.344969 0.653599 0.247868 0.219340 0.693512
2 0.138080 0.531531 0.107486 0.044822 0.558758
2 0.678517 0.558011 0.212167 0.136845 0.429965
2 0.801415 0.527545 0.036013 0.042862 0.416357
7 0.043051 0.523391 0.086102 0.055544 0.411804
7 0.423085 0.534153 0.400549 0.367287 0.410499
2 0.042157 0.523561 0.084314 0.054608 0.371437
7 0.678517 0.558011 0.212167 0.136845 0.357823
7 0.558893 0.624515 0.571410 0.579251 0.352497
2 0.616765 0.706998 0.472324 0.242807 0.304650
7 0.618205 0.758318 0.592257 0.478196 0.288970
2 0.116047 0.531477 0.064209 0.041314 0.288117
2 0.167731 0.537173 0.050842 0.035251 0.275547
7 0.473410 0.476183 0.415903 0.288178 0.257001
2 0.057022 0.532633 0.059856 0.035482 0.254936
7 0.138080 0.531531 0.107486 0.044822 0.251805
