2 0.684083 0.618222 0.189252 0.185845 0.756504
2 0.764904 0.563617 0.136467 0.139071 0.670493
2 0.565053 0.582929 0.090056 0.099637 0.644154
7 0.670350 0.485718 0.194486 0.131271 0.531623
2 0.374822 0.528491 0.082931 0.035790 0.445565
2 0.850026 0.560408 0.044802 0.079102 0.434357
7 0.232871 0.517956 0.056085 0.042218 0.425413
2 0.819048 0.561055 0.053197 0.108652 0.367809
2 0.836531 0.556802 0.057485 0.092057 0.282616
2 0.806831 0.556708 0.088667 0.108797 0.282252
7 0.249104 0.517744 0.081448 0.047521 0.271933
2 0.296809 0.525241 0.064611 0.032596 0.267324
7 0.768306 0.563495 0.133195 0.131056 0.266605
