2 0.604923 0.767798 0.717147 0.464403 0.829717
2 0.330690 0.650677 0.262606 0.215630 0.754801
2 0.124423 0.529350 0.109478 0.043573 0.561994
2 0.667502 0.547775 0.219244 0.135176 0.494769
2 0.794041 0.519544 0.031705 0.032789 0.467951
2 0.038577 0.529619 0.056442 0.033198 0.389513
2 0.574305 0.695949 0.586084 0.340311 0.330064
7 0.669369 0.549614 0.224644 0.120086 0.325204
7 0.435050 0.475125 0.387070 0.284725 0.320521
2 0.103609 0.529129 0.072344 0.039075 0.318898
2 0.144440 0.533515 0.069999 0.035127 0.304340
9 0.815571 0.389716 0.010266 0.021870 0.299912
7 0.604923 0.767798 0.717147 0.464403 0.294378
0 0.631195 0.534159 0.041244 0.040816 0.291407
2 0.454523 0.645158 0.470812 0.277741 0.283546
0 0.983402 0.533879 0.025654 0.056551 0.268595
5 0.435050 0.475125 0.387070 0.284725 0.267181
7 0.524676 0.596184 0.752723 0.462913 0.253116
0 0.621892 0.533199 0.037792 0.044644 0.253083
