2 0.665208 0.663980 0.238990 0.244033 0.660609
2 0.518194 0.596890 0.137285 0.126612 0.586149
2 0.745107 0.570915 0.156882 0.154370 0.574856
2 0.967155 0.534969 0.062551 0.047754 0.532710
7 0.154354 0.517945 0.065053 0.046267 0.490651
7 0.597066 0.500244 0.297673 0.216566 0.466973
2 0.821451 0.567392 0.046437 0.092085 0.425334
2 0.300403 0.528947 0.077318 0.034724 0.392708
2 0.218508 0.526243 0.071796 0.035106 0.327096
7 0.628395 0.482165 0.228570 0.153242 0.324726
7 0.218508 0.526243 0.071796 0.035106 0.319802
2 0.806911 0.563114 0.060306 0.112315 0.312369
7 0.517913 0.596125 0.138150 0.129355 0.303489
7 0.740749 0.570122 0.161296 0.153429 0.290720
5 0.615975 0.487496 0.232731 0.174628 0.268727
2 0.154354 0.517945 0.065053 0.046267 0.264769
7 0.612600 0.556254 0.268719 0.243952 0.261371
