2 0.624376 0.763667 0.396530 0.455445 0.753865
2 0.414066 0.629440 0.189911 0.175217 0.678543
2 0.197316 0.533080 0.106046 0.042445 0.628786
2 0.833995 0.535678 0.043507 0.040923 0.615646
7 0.032713 0.523657 0.064795 0.048442 0.444833
7 0.097879 0.527454 0.088346 0.046336 0.444301
7 0.517690 0.527215 0.331084 0.302559 0.419072
2 0.700436 0.576918 0.190176 0.163164 0.412655
2 0.462685 0.612465 0.288908 0.219243 0.410654
7 0.700436 0.576918 0.190176 0.163164 0.389479
5 0.517690 0.527215 0.331084 0.302559 0.356128
2 0.098522 0.527561 0.088348 0.046487 0.352420
2 0.603347 0.615127 0.352764 0.197515 0.313945
2 0.660657 0.612159 0.262307 0.165999 0.305849
2 0.175327 0.532630 0.061143 0.040429 0.304205
7 0.644706 0.573542 0.315979 0.210014 0.300511
7 0.590864 0.521119 0.340232 0.259749 0.295690
2 0.032368 0.524774 0.061221 0.045067 0.291779
2 0.115570 0.532705 0.055705 0.037376 0.287254
7 0.197316 0.533080 0.106046 0.042445 0.271094
7 0.523101 0.483670 0.469302 0.278539 0.264179
2 0.129626 0.533719 0.044655 0.032794 0.251976
