2 0.673122 0.639229 0.208551 0.208766 0.743664
2 0.537623 0.592751 0.121152 0.113653 0.624964
2 0.751505 0.571228 0.150651 0.154130 0.600377
2 0.835464 0.565314 0.040416 0.081571 0.475262
7 0.186555 0.517067 0.063577 0.045933 0.470989
7 0.251847 0.522033 0.071537 0.040476 0.406660
7 0.630323 0.494085 0.273154 0.163826 0.400853
2 0.333051 0.528950 0.087070 0.034995 0.394428
2 0.251847 0.522033 0.071537 0.040476 0.354970
2 0.815662 0.570243 0.046226 0.103059 0.327885
2 0.186028 0.517427 0.061866 0.045404 0.326490
7 0.755004 0.566571 0.146931 0.140055 0.305309
7 0.333051 0.528950 0.087070 0.034995 0.281190
2 0.826013 0.561741 0.053642 0.098416 0.269050
7 0.537623 0.592751 0.121152 0.113653 0.266229
