2 0.603296 0.770947 0.712214 0.458107 0.819807
2 0.328687 0.660981 0.253991 0.216536 0.682977
2 0.669236 0.558519 0.224682 0.127105 0.413576
2 0.146733 0.541231 0.057576 0.034937 0.385920
7 0.670913 0.559755 0.223362 0.118329 0.382469
2 0.124062 0.537568 0.099716 0.040956 0.380110
7 0.393626 0.495762 0.458717 0.341810 0.364316
2 0.040072 0.536519 0.055790 0.035979 0.356551
2 0.578055 0.694430 0.568193 0.322831 0.330132
7 0.480000 0.565772 0.700967 0.476899 0.298400
7 0.459410 0.490847 0.333378 0.273685 0.298224
2 0.104537 0.539733 0.072491 0.036965 0.291943
7 0.603296 0.770947 0.712214 0.458107 0.289283
7 0.422691 0.463922 0.658336 0.364079 0.279030
7 0.386081 0.580435 0.370389 0.388747 0.274410
2 0.453579 0.645962 0.474399 0.281835 0.264135
5 0.409923 0.496787 0.540790 0.426566 0.255243
2 0.019367 0.630888 0.037078 0.069248 0.253975
