2 0.604312 0.775240 0.711263 0.449520 0.848027
2 0.333089 0.661670 0.263299 0.219998 0.737990
2 0.124296 0.536002 0.109109 0.043282 0.571405
2 0.669443 0.558673 0.225283 0.128686 0.512456
2 0.145215 0.540155 0.065176 0.035654 0.413085
7 0.672584 0.561522 0.230372 0.121426 0.371680
2 0.572278 0.697380 0.578875 0.328883 0.356236
7 0.402056 0.479528 0.446030 0.314429 0.332189
2 0.035642 0.535440 0.064196 0.038276 0.332100
2 0.099597 0.534954 0.067478 0.040898 0.305577
2 0.448208 0.651216 0.471350 0.280663 0.294381
2 0.797635 0.519572 0.023936 0.028091 0.290525
5 0.373820 0.459482 0.521915 0.268620 0.278425
7 0.381814 0.560712 0.394948 0.325382 0.268489
7 0.124296 0.536002 0.109109 0.043282 0.263455
7 0.604312 0.775240 0.711263 0.449520 0.255048
0 0.632208 0.544638 0.044369 0.036798 0.254483
7 0.420363 0.438625 0.700640 0.329159 0.251802
15 0.202564 0.231882 0.163932 0.065113 0.250248
