2 0.603194 0.775139 0.710422 0.449723 0.833273
2 0.330510 0.661205 0.260350 0.220060 0.728056
2 0.124157 0.535851 0.109414 0.043281 0.579201
2 0.670445 0.558697 0.223810 0.128341 0.460453
2 0.144915 0.540089 0.065665 0.035748 0.411534
7 0.674889 0.561326 0.231282 0.122201 0.409068
2 0.035858 0.535130 0.063590 0.038114 0.355939
2 0.574472 0.696678 0.571057 0.324936 0.350750
7 0.404593 0.482716 0.438437 0.313631 0.335028
2 0.099910 0.534858 0.068198 0.040880 0.316522
7 0.381414 0.560966 0.395207 0.323277 0.286444
2 0.444095 0.651017 0.465083 0.279437 0.285767
2 0.798984 0.515739 0.021854 0.026731 0.284669
7 0.425141 0.446952 0.702707 0.331633 0.271360
7 0.494347 0.570855 0.747025 0.472622 0.270545
7 0.603194 0.775139 0.710422 0.449723 0.264986
7 0.124157 0.535851 0.109414 0.043281 0.263004
5 0.375274 0.462068 0.516431 0.267359 0.257278
15 0.202607 0.231954 0.164274 0.064747 0.253957
