2 0.603818 0.771669 0.712156 0.456662 0.809704
2 0.328303 0.661562 0.255492 0.216306 0.677633
0 0.058465 0.586115 0.041950 0.121426 0.555713
1 0.058065 0.616214 0.092400 0.090560 0.490854
3 0.058065 0.616214 0.092400 0.090560 0.484631
2 0.669306 0.558575 0.224645 0.127659 0.423449
0 0.057459 0.600393 0.057360 0.110195 0.413861
7 0.671885 0.559963 0.227058 0.119759 0.396402
7 0.393842 0.496096 0.448007 0.340844 0.376538
2 0.149084 0.541637 0.053707 0.033456 0.369678
2 0.581325 0.690271 0.572037 0.315951 0.347493
1 0.057459 0.600393 0.057360 0.110195 0.330445
7 0.483633 0.560068 0.712558 0.466537 0.296483
7 0.458980 0.489373 0.328475 0.275036 0.290733
1 0.039132 0.620008 0.050916 0.085057 0.279292
7 0.431183 0.467071 0.668974 0.374096 0.276450
2 0.455907 0.645451 0.478174 0.279124 0.274895
7 0.603818 0.771669 0.712156 0.456662 0.274446
2 0.030499 0.536746 0.044727 0.036451 0.268833
5 0.418828 0.497290 0.552590 0.429126 0.265032
7 0.385508 0.576410 0.362958 0.383917 0.261827
