2 0.601651 0.776423 0.714918 0.447154 0.834126
2 0.332626 0.660238 0.262172 0.222610 0.720089
2 0.124431 0.536314 0.109616 0.042633 0.573435
2 0.669980 0.559214 0.225304 0.130042 0.530527
2 0.143381 0.539860 0.068589 0.035993 0.388218
2 0.569597 0.693577 0.566728 0.319221 0.368619
7 0.673210 0.561506 0.226905 0.121087 0.354801
7 0.408539 0.480341 0.432943 0.317687 0.349998
0 0.815339 0.538943 0.026516 0.056107 0.335618
2 0.034854 0.534496 0.064915 0.040412 0.333895
2 0.449552 0.648933 0.473717 0.278996 0.306563
2 0.096409 0.535772 0.059060 0.039489 0.299728
7 0.385949 0.560351 0.392917 0.325810 0.295606
7 0.124431 0.536314 0.109616 0.042633 0.283139
7 0.034652 0.532753 0.063904 0.044858 0.271486
5 0.408539 0.480341 0.432943 0.317687 0.270503
9 0.755673 0.399712 0.010606 0.023666 0.264323
7 0.423282 0.545187 0.546969 0.428338 0.260836
7 0.426593 0.445356 0.680913 0.336245 0.258718
