2 0.602118 0.772090 0.716678 0.455821 0.824480
2 0.329408 0.661325 0.255898 0.219591 0.702565
2 0.124315 0.535793 0.108703 0.043370 0.595432
2 0.670841 0.558817 0.225064 0.127830 0.448078
7 0.675468 0.562089 0.232471 0.121485 0.413967
2 0.143310 0.539711 0.068568 0.036562 0.393609
2 0.036069 0.535341 0.063554 0.037796 0.358797
2 0.573824 0.693357 0.571949 0.323630 0.356071
7 0.399426 0.488765 0.447987 0.324975 0.354881
2 0.100748 0.534807 0.069881 0.040893 0.303626
7 0.490032 0.573536 0.724842 0.470923 0.299341
2 0.455191 0.647768 0.480545 0.280331 0.295332
7 0.422738 0.451723 0.684717 0.347555 0.290522
7 0.602118 0.772090 0.716678 0.455821 0.287861
7 0.124315 0.535793 0.108703 0.043370 0.263924
2 0.799695 0.512655 0.023806 0.024392 0.257064
15 0.202673 0.232071 0.163760 0.065525 0.252778
