2 0.603162 0.772473 0.713279 0.455053 0.810736
2 0.328514 0.661754 0.253967 0.216637 0.665226
0 0.028544 0.594438 0.043821 0.118980 0.447524
1 0.038649 0.629935 0.073785 0.072130 0.431905
2 0.669668 0.558795 0.225378 0.127810 0.431314
2 0.147205 0.541013 0.056220 0.035136 0.399400
7 0.672080 0.559959 0.226439 0.119069 0.381756
7 0.389899 0.501360 0.457623 0.355043 0.374404
2 0.129482 0.537395 0.095217 0.040815 0.359265
2 0.577014 0.692743 0.569998 0.317704 0.332110
7 0.457285 0.490071 0.333843 0.271435 0.308020
7 0.478002 0.559027 0.706427 0.471287 0.297716
7 0.426233 0.470502 0.662326 0.377664 0.293086
7 0.386056 0.576212 0.372797 0.394981 0.287482
1 0.029545 0.609037 0.051991 0.099334 0.283237
2 0.454704 0.645900 0.480457 0.283367 0.264368
9 0.962975 0.385588 0.073798 0.275481 0.264205
7 0.603162 0.772473 0.713279 0.455053 0.257835
5 0.412927 0.500543 0.548528 0.429834 0.253958
7 0.328514 0.661754 0.253967 0.216637 0.251391
