2 0.604657 0.773395 0.710214 0.453210 0.809586
2 0.328099 0.658843 0.248479 0.222920 0.599197
2 0.123934 0.535782 0.106823 0.042559 0.563709
0 0.230285 0.559257 0.036131 0.098854 0.487527
2 0.669966 0.558853 0.225170 0.127672 0.422867
7 0.395794 0.546070 0.411691 0.394897 0.411876
7 0.672772 0.560084 0.226027 0.119250 0.396175
2 0.144726 0.540012 0.064812 0.035298 0.382999
1 0.233781 0.594581 0.056733 0.055192 0.362475
2 0.036357 0.535898 0.063713 0.037295 0.343157
7 0.479187 0.553033 0.665709 0.471011 0.319713
7 0.456969 0.492350 0.335675 0.276530 0.311488
2 0.101472 0.535066 0.070083 0.041245 0.308884
2 0.577804 0.692307 0.569655 0.316876 0.296125
9 0.962695 0.385847 0.074610 0.271908 0.294392
7 0.328099 0.658843 0.248479 0.222920 0.285231
7 0.427709 0.471682 0.649097 0.384294 0.275151
0 0.231033 0.543669 0.027171 0.067197 0.271899
7 0.604657 0.773395 0.710214 0.453210 0.268527
5 0.395794 0.546070 0.411691 0.394897 0.259137
1 0.229881 0.567907 0.038125 0.092445 0.254527
7 0.123934 0.535782 0.106823 0.042559 0.251153
15 0.202394 0.232362 0.164578 0.065321 0.250208
