2 0.601729 0.778282 0.712173 0.443436 0.845382
2 0.332629 0.660716 0.261933 0.222038 0.706509
2 0.124508 0.536118 0.109918 0.042912 0.593444
2 0.669171 0.559135 0.223346 0.130089 0.540465
0 0.793671 0.536672 0.024563 0.062746 0.426224
2 0.142633 0.539627 0.070005 0.036491 0.385721
7 0.674493 0.561650 0.234056 0.121522 0.364161
7 0.404313 0.482506 0.441204 0.321844 0.340867
2 0.570057 0.696702 0.578396 0.324798 0.338598
2 0.034937 0.534768 0.064828 0.039464 0.338246
7 0.386212 0.564013 0.393519 0.330635 0.297180
2 0.097069 0.535578 0.059255 0.039621 0.291614
7 0.124508 0.536118 0.109918 0.042912 0.287351
2 0.443035 0.649043 0.472517 0.279595 0.284462
3 0.793210 0.542792 0.036994 0.049971 0.278131
7 0.035143 0.533847 0.064265 0.041815 0.267024
7 0.428182 0.548203 0.560400 0.435186 0.266504
7 0.436290 0.445330 0.702568 0.338563 0.260132
9 0.755784 0.400040 0.010442 0.023617 0.255928
