2 0.603019 0.776306 0.713037 0.447388 0.838065
2 0.331754 0.661462 0.262391 0.220493 0.728470
2 0.124100 0.535926 0.109402 0.043173 0.575515
2 0.670139 0.559422 0.225597 0.128836 0.495920
2 0.144722 0.540069 0.065849 0.035824 0.407099
7 0.674105 0.562377 0.234461 0.124197 0.384311
2 0.035859 0.535241 0.063795 0.038292 0.346226
7 0.402675 0.483708 0.443419 0.315213 0.339607
2 0.570034 0.699237 0.583943 0.332419 0.327797
2 0.100320 0.534810 0.068709 0.040823 0.311007
2 0.798493 0.516932 0.024431 0.023979 0.293866
7 0.384059 0.559047 0.398709 0.324786 0.284233
2 0.445557 0.650490 0.468787 0.281470 0.277378
5 0.402675 0.483708 0.443419 0.315213 0.269195
7 0.416702 0.445574 0.685438 0.332919 0.269161
7 0.124100 0.535926 0.109402 0.043173 0.265691
5 0.412650 0.475382 0.571771 0.413233 0.257840
7 0.491592 0.571565 0.734309 0.470140 0.257159
15 0.202388 0.232140 0.164353 0.065627 0.250971
