2 0.605075 0.770816 0.710985 0.458368 0.823559
2 0.329898 0.659259 0.253150 0.222236 0.677096
2 0.124833 0.535841 0.107836 0.043301 0.601031
2 0.669978 0.558557 0.226767 0.127222 0.435840
2 0.143924 0.539869 0.067277 0.036425 0.395261
7 0.673812 0.560450 0.232108 0.119500 0.393963
2 0.574289 0.690114 0.565554 0.318757 0.354743
2 0.036491 0.535425 0.063019 0.037631 0.352247
7 0.413203 0.491662 0.421218 0.315498 0.348318
7 0.389018 0.572472 0.379860 0.334119 0.317324
0 0.294141 0.539085 0.023697 0.049907 0.305142
2 0.101049 0.535003 0.069658 0.040834 0.291339
2 0.444947 0.645496 0.460483 0.282739 0.290553
7 0.605075 0.770816 0.710985 0.458368 0.287699
7 0.429999 0.557202 0.529019 0.423143 0.280322
9 0.962777 0.386466 0.074446 0.275207 0.279557
7 0.543496 0.607636 0.693149 0.519989 0.269226
7 0.124833 0.535841 0.107836 0.043301 0.265119
15 0.202618 0.232038 0.163875 0.065152 0.250710
7 0.489361 0.459821 0.784456 0.369640 0.250448
