2 0.602919 0.776075 0.710926 0.447851 0.834492
2 0.330455 0.662100 0.256698 0.219139 0.719556
2 0.124126 0.535935 0.108934 0.043190 0.576029
2 0.670366 0.558750 0.224757 0.128345 0.459677
7 0.675193 0.560876 0.232450 0.120735 0.409169
2 0.144099 0.539951 0.066630 0.036008 0.399532
2 0.035612 0.535011 0.063931 0.038257 0.345553
7 0.401162 0.484571 0.450689 0.319573 0.332510
2 0.571762 0.699521 0.578139 0.328465 0.314255
2 0.100439 0.534805 0.069029 0.040784 0.307871
2 0.798699 0.515007 0.023067 0.025929 0.288378
7 0.384148 0.557608 0.407636 0.337118 0.288191
7 0.124126 0.535935 0.108934 0.043190 0.273250
7 0.422212 0.446880 0.694426 0.331386 0.272714
2 0.448105 0.651579 0.474316 0.281464 0.270948
7 0.602919 0.776075 0.710926 0.447851 0.270182
7 0.490001 0.569565 0.739385 0.472381 0.259325
15 0.202790 0.231799 0.164132 0.065024 0.251869
7 0.035482 0.533868 0.064050 0.040485 0.250946
