2 0.602434 0.776592 0.712666 0.446816 0.840025
2 0.333157 0.661134 0.262591 0.222163 0.695297
2 0.124024 0.536458 0.110166 0.041847 0.580497
2 0.670571 0.559156 0.226969 0.130332 0.526197
2 0.796563 0.523437 0.029063 0.030255 0.381439
2 0.141760 0.539529 0.071564 0.036017 0.378644
7 0.672512 0.561165 0.228567 0.123041 0.372229
2 0.035155 0.534640 0.063520 0.039425 0.347809
7 0.402130 0.485319 0.448563 0.329282 0.339245
2 0.568724 0.700084 0.575107 0.329182 0.335564
7 0.392378 0.558842 0.410823 0.343931 0.311857
0 0.842319 0.538126 0.018834 0.055337 0.308217
2 0.096553 0.535919 0.058599 0.039008 0.287292
7 0.124024 0.536458 0.110166 0.041847 0.284829
2 0.447531 0.647969 0.475858 0.282529 0.281046
7 0.034634 0.532648 0.063241 0.044226 0.281001
7 0.489392 0.578543 0.701949 0.470672 0.272923
7 0.419941 0.453933 0.656517 0.345500 0.265246
5 0.402130 0.485319 0.448563 0.329282 0.251762
7 0.602434 0.776592 0.712666 0.446816 0.250258
