2 0.603004 0.774788 0.713263 0.450423 0.839924
2 0.332612 0.660819 0.262721 0.221067 0.711575
2 0.124105 0.536136 0.110365 0.042656 0.589410
2 0.668481 0.558392 0.221310 0.128404 0.495203
2 0.143113 0.539914 0.068820 0.035918 0.395682
7 0.669406 0.561615 0.223019 0.124354 0.382307
2 0.569522 0.694965 0.570896 0.321904 0.364004
2 0.035503 0.535112 0.063226 0.038603 0.332456
7 0.402197 0.486769 0.442121 0.324451 0.314350
2 0.096648 0.535535 0.058867 0.039724 0.306294
2 0.443580 0.649554 0.465667 0.279065 0.297542
7 0.387539 0.561458 0.400077 0.334325 0.289818
7 0.124105 0.536136 0.110365 0.042656 0.281632
2 0.798410 0.522308 0.019185 0.024237 0.277000
5 0.402197 0.486769 0.442121 0.324451 0.274583
2 0.772484 0.551023 0.028864 0.032030 0.271779
7 0.034554 0.533239 0.062681 0.043280 0.266345
7 0.415774 0.546892 0.536147 0.431680 0.262752
9 0.755716 0.399788 0.010615 0.023613 0.257597
7 0.603004 0.774788 0.713263 0.450423 0.251559
0 0.632404 0.544895 0.044859 0.036344 0.250170
