2 0.603445 0.773815 0.710062 0.452369 0.825861
2 0.329823 0.660804 0.254902 0.219040 0.686389
2 0.124354 0.535794 0.108651 0.043398 0.593624
2 0.670613 0.558740 0.226608 0.127940 0.440795
7 0.675242 0.562163 0.233906 0.122400 0.414917
2 0.143884 0.539982 0.067327 0.036274 0.397406
7 0.399071 0.489484 0.452963 0.330956 0.361413
2 0.574657 0.693109 0.570320 0.320003 0.343863
2 0.036040 0.535431 0.063405 0.037482 0.342720
7 0.387376 0.561865 0.407590 0.347275 0.336628
7 0.603445 0.773815 0.710062 0.452369 0.306164
7 0.461858 0.490121 0.329103 0.272654 0.301209
7 0.482522 0.565617 0.711431 0.464203 0.298192
2 0.101030 0.534868 0.070107 0.040785 0.294989
2 0.445176 0.645506 0.466901 0.279078 0.294687
7 0.425828 0.456422 0.682043 0.349393 0.285174
7 0.124354 0.535794 0.108651 0.043398 0.276534
5 0.381343 0.489521 0.520130 0.397159 0.266906
