2 0.603085 0.774106 0.711279 0.451787 0.835380
2 0.330306 0.661538 0.255010 0.218499 0.710391
2 0.124299 0.535812 0.108424 0.043492 0.595936
2 0.670432 0.558922 0.225886 0.127949 0.447777
7 0.673901 0.561176 0.231889 0.120948 0.400305
2 0.143704 0.539732 0.067534 0.036658 0.390477
2 0.035515 0.535049 0.064802 0.038450 0.342841
7 0.397099 0.488259 0.446706 0.328917 0.338557
2 0.574963 0.697250 0.571416 0.327093 0.329973
7 0.603085 0.774106 0.711279 0.451787 0.301861
2 0.100855 0.534853 0.069798 0.040863 0.300390
7 0.460323 0.490535 0.330614 0.272399 0.278795
7 0.431566 0.450627 0.696639 0.346838 0.275468
2 0.455831 0.650092 0.479106 0.280266 0.269640
15 0.202381 0.232311 0.164623 0.065585 0.268486
7 0.124299 0.535812 0.108424 0.043492 0.267817
7 0.490166 0.568097 0.737760 0.466552 0.264656
9 0.963497 0.393281 0.073005 0.279249 0.262704
