2 0.604414 0.772830 0.715493 0.453458 0.831309
2 0.331166 0.660438 0.261201 0.222612 0.712188
2 0.123773 0.536530 0.112300 0.041528 0.583295
2 0.668745 0.558398 0.226602 0.130172 0.518122
2 0.796353 0.523653 0.028900 0.031809 0.422216
1 0.891595 0.545219 0.041860 0.055342 0.392830
2 0.143281 0.540146 0.069088 0.034724 0.371470
7 0.670502 0.560962 0.228562 0.121919 0.361600
2 0.569485 0.696086 0.576939 0.325162 0.351419
2 0.035953 0.535320 0.062608 0.036407 0.344520
7 0.461528 0.494383 0.327061 0.272300 0.342917
0 0.893301 0.539944 0.028072 0.059569 0.293963
2 0.096744 0.535992 0.058679 0.038991 0.289600
7 0.391387 0.564015 0.390366 0.323141 0.286594
7 0.410714 0.464021 0.497036 0.277869 0.281485
2 0.448875 0.650508 0.476846 0.279491 0.279488
7 0.511980 0.586626 0.735398 0.463588 0.276834
7 0.604414 0.772830 0.715493 0.453458 0.264058
9 0.756088 0.400083 0.010457 0.022798 0.263132
7 0.123773 0.536530 0.112300 0.041528 0.263108
7 0.441113 0.444744 0.711490 0.335510 0.260425
