2 0.603657 0.774403 0.713085 0.451194 0.821834
2 0.329551 0.660964 0.254528 0.217349 0.700369
2 0.124000 0.535823 0.109026 0.043195 0.583410
2 0.670464 0.558883 0.224977 0.127843 0.427850
7 0.674238 0.561335 0.231951 0.121170 0.416038
2 0.144030 0.539985 0.066993 0.036039 0.392242
7 0.398754 0.487435 0.453136 0.328090 0.364390
2 0.574984 0.692430 0.569867 0.315206 0.336754
2 0.036205 0.535740 0.064353 0.037370 0.326855
2 0.100989 0.534942 0.069759 0.041072 0.307826
7 0.483576 0.564541 0.714003 0.460418 0.291510
2 0.451373 0.646917 0.474694 0.276059 0.284910
7 0.603657 0.774403 0.713085 0.451194 0.282965
7 0.425010 0.452099 0.682683 0.347411 0.278773
5 0.379305 0.486397 0.523096 0.395332 0.261965
9 0.963277 0.393719 0.073447 0.279509 0.257964
7 0.124000 0.535823 0.109026 0.043195 0.257517
