2 0.603264 0.775660 0.712665 0.448680 0.842474
2 0.332499 0.661219 0.263038 0.220947 0.729418
2 0.124164 0.535972 0.110230 0.043088 0.580585
2 0.669570 0.559153 0.223990 0.129405 0.512045
2 0.144276 0.539979 0.067010 0.035903 0.410709
7 0.672713 0.562642 0.227429 0.124379 0.381821
2 0.035420 0.534961 0.063958 0.038987 0.334894
7 0.405686 0.482094 0.442794 0.317646 0.330276
2 0.569188 0.700421 0.581288 0.336565 0.323641
2 0.100963 0.534849 0.069099 0.040834 0.300611
2 0.798141 0.520065 0.022860 0.027633 0.290569
7 0.385895 0.557694 0.398511 0.333121 0.283977
2 0.445863 0.650069 0.472853 0.282895 0.273744
5 0.405686 0.482094 0.442794 0.317646 0.272157
7 0.417916 0.448276 0.671114 0.335870 0.264189
7 0.124164 0.535972 0.110230 0.043088 0.263755
15 0.202302 0.232517 0.165321 0.064744 0.259413
7 0.034302 0.533107 0.062962 0.043679 0.255325
7 0.421122 0.546831 0.553073 0.435371 0.250655
