2 0.603744 0.776644 0.714071 0.446713 0.841109
2 0.332721 0.661721 0.262609 0.221481 0.711154
2 0.124259 0.535924 0.109265 0.043098 0.571966
2 0.669796 0.559093 0.224161 0.128436 0.525880
2 0.145239 0.540086 0.064851 0.035760 0.416850
7 0.672905 0.561327 0.231203 0.122046 0.366592
7 0.400768 0.479636 0.453124 0.318878 0.348692
2 0.035430 0.535015 0.063966 0.039072 0.340446
2 0.569785 0.696588 0.582349 0.325710 0.335886
2 0.096476 0.535494 0.058309 0.039858 0.303785
7 0.386747 0.555269 0.401526 0.331357 0.293574
2 0.797880 0.519950 0.023702 0.028135 0.289518
5 0.400768 0.479636 0.453124 0.318878 0.281333
2 0.444167 0.649343 0.469681 0.280302 0.279567
7 0.418381 0.445087 0.667656 0.334987 0.274318
7 0.124259 0.535924 0.109265 0.043098 0.271196
7 0.035475 0.533985 0.064360 0.041512 0.261992
7 0.490176 0.571447 0.722608 0.465130 0.257905
