2 0.604596 0.771613 0.710169 0.456774 0.816161
2 0.327893 0.662442 0.258816 0.218181 0.715221
1 0.180052 0.598480 0.053713 0.065186 0.489950
0 0.183380 0.564460 0.034257 0.112308 0.483084
2 0.121790 0.535846 0.100596 0.043700 0.432959
3 0.179877 0.600599 0.054426 0.060036 0.426766
2 0.669799 0.558634 0.224776 0.127374 0.426055
7 0.671943 0.560281 0.228208 0.120486 0.396286
7 0.392050 0.494471 0.453698 0.343616 0.366184
2 0.036726 0.535613 0.062318 0.037405 0.352441
2 0.581645 0.691940 0.569527 0.317664 0.341575
1 0.181182 0.580810 0.044817 0.092036 0.334928
2 0.095791 0.535688 0.055953 0.040495 0.320622
7 0.455648 0.490180 0.334459 0.276120 0.317830
3 0.181182 0.580810 0.044817 0.092036 0.317623
7 0.487254 0.558489 0.699326 0.465009 0.316075
5 0.388406 0.546187 0.413475 0.364457 0.299206
7 0.604596 0.771613 0.710169 0.456774 0.292457
5 0.416907 0.493685 0.536668 0.423910 0.291623
2 0.145639 0.540792 0.056144 0.034831 0.289907
0 0.182508 0.544144 0.037980 0.063962 0.286907
3 0.183214 0.588782 0.068929 0.091622 0.277484
9 0.962590 0.387481 0.074819 0.274705 0.265013
7 0.437164 0.463169 0.651661 0.371138 0.262034
2 0.455783 0.643952 0.480351 0.282617 0.258875
7 0.385182 0.565743 0.378533 0.393732 0.251870
