2 0.603206 0.777222 0.709704 0.445556 0.833453
2 0.333046 0.661113 0.263713 0.220347 0.729059
2 0.124467 0.535888 0.108541 0.043440 0.572709
2 0.669599 0.559225 0.225433 0.128522 0.491156
2 0.145508 0.540184 0.064251 0.035778 0.418714
7 0.673422 0.562853 0.232296 0.123131 0.392849
2 0.035651 0.535127 0.063810 0.038411 0.350865
2 0.572547 0.695516 0.572427 0.318384 0.348149
7 0.402062 0.481921 0.444197 0.315732 0.340055
2 0.096445 0.535419 0.058945 0.040195 0.305371
2 0.444986 0.651754 0.465616 0.276176 0.288651
7 0.383830 0.558662 0.394183 0.324734 0.286730
2 0.798244 0.516882 0.024619 0.024547 0.284973
5 0.402062 0.481921 0.444197 0.315732 0.280388
7 0.124467 0.535888 0.108541 0.043440 0.274661
7 0.603206 0.777222 0.709704 0.445556 0.263596
7 0.035630 0.533996 0.064340 0.040905 0.258725
7 0.420884 0.446662 0.682923 0.333825 0.256839
7 0.490120 0.567213 0.733234 0.462362 0.252920
15 0.202564 0.231903 0.163840 0.064969 0.250545
