2 0.603261 0.778628 0.713233 0.442745 0.832992
2 0.332414 0.661145 0.262102 0.220009 0.712777
2 0.124100 0.535860 0.109486 0.043169 0.585167
2 0.669941 0.559091 0.223769 0.128047 0.522999
2 0.143746 0.539788 0.067593 0.036197 0.398904
7 0.672934 0.562011 0.228835 0.121613 0.373104
2 0.568665 0.693811 0.574667 0.314339 0.353263
7 0.404443 0.481190 0.446334 0.317518 0.338148
2 0.035675 0.535117 0.063931 0.038485 0.335801
2 0.100388 0.534849 0.068860 0.040688 0.305452
2 0.797240 0.519862 0.024820 0.028026 0.302410
2 0.444573 0.650475 0.469705 0.274663 0.298935
7 0.383609 0.562328 0.398072 0.328766 0.281681
7 0.124100 0.535860 0.109486 0.043169 0.272887
5 0.404443 0.481190 0.446334 0.317518 0.272852
7 0.421577 0.444183 0.691750 0.331299 0.265460
7 0.035420 0.534098 0.064003 0.040743 0.254319
15 0.202613 0.232014 0.163915 0.064976 0.253989
