2 0.604241 0.773702 0.708847 0.452596 0.818999
2 0.329619 0.658293 0.253082 0.223851 0.652188
2 0.124553 0.535856 0.107881 0.043356 0.587387
2 0.670027 0.558805 0.225266 0.127897 0.422050
7 0.673019 0.559959 0.228688 0.119424 0.399631
2 0.143751 0.539896 0.067733 0.036271 0.387431
7 0.414299 0.488144 0.414108 0.313282 0.346783
2 0.570448 0.695484 0.568527 0.324252 0.335207
2 0.036082 0.535653 0.064124 0.037568 0.332172
7 0.382810 0.575622 0.368532 0.325647 0.325750
9 0.962622 0.386514 0.074756 0.274840 0.301866
2 0.100581 0.534971 0.069310 0.040994 0.293673
2 0.443329 0.647536 0.459858 0.281401 0.286933
7 0.604241 0.773702 0.708847 0.452596 0.277339
7 0.426586 0.551713 0.541051 0.420577 0.277115
7 0.124553 0.535856 0.107881 0.043356 0.256699
7 0.544585 0.607192 0.697197 0.519004 0.254903
15 0.202536 0.232136 0.164283 0.065413 0.250165
