2 0.601719 0.774794 0.714350 0.450412 0.831706
2 0.330204 0.661160 0.256932 0.220161 0.700447
2 0.124150 0.535969 0.108823 0.043215 0.576007
2 0.670378 0.559081 0.225044 0.128497 0.444358
7 0.674749 0.561274 0.232627 0.121223 0.413337
2 0.144236 0.540018 0.066613 0.035986 0.402770
7 0.402028 0.488173 0.441139 0.321625 0.363818
2 0.035855 0.535536 0.064256 0.037566 0.336060
2 0.572331 0.696868 0.581762 0.326973 0.319011
2 0.100015 0.534949 0.068610 0.040907 0.304586
7 0.485424 0.569876 0.710801 0.460748 0.289018
7 0.601719 0.774794 0.714350 0.450412 0.286557
2 0.448333 0.648218 0.474763 0.280553 0.277780
7 0.416383 0.450723 0.681521 0.341090 0.277349
7 0.124150 0.535969 0.108823 0.043215 0.268984
2 0.799121 0.515118 0.021026 0.025561 0.267301
5 0.402028 0.488173 0.441139 0.321625 0.258824
15 0.202474 0.232064 0.164615 0.065862 0.254574
