2 0.604011 0.773269 0.714539 0.453463 0.815599
2 0.329135 0.659350 0.253390 0.220402 0.660688
2 0.124078 0.535828 0.108964 0.043270 0.593122
2 0.670125 0.558628 0.224630 0.127402 0.425259
7 0.673855 0.560891 0.228802 0.120020 0.397612
2 0.143264 0.539818 0.068310 0.036389 0.381915
7 0.419375 0.483371 0.410975 0.308643 0.361021
2 0.573711 0.693257 0.561627 0.316782 0.345668
2 0.036122 0.535686 0.064421 0.037698 0.338830
7 0.383296 0.571385 0.370133 0.327114 0.333341
2 0.101198 0.534982 0.070055 0.041215 0.299681
7 0.431486 0.550126 0.543436 0.426257 0.288058
2 0.449670 0.647370 0.466074 0.275939 0.283547
9 0.963043 0.394972 0.073914 0.277397 0.278596
7 0.547666 0.609142 0.696621 0.527534 0.267901
15 0.202703 0.232241 0.163245 0.065740 0.263541
7 0.604011 0.773269 0.714539 0.453463 0.263467
7 0.448457 0.438774 0.729762 0.338894 0.259723
7 0.124078 0.535828 0.108964 0.043270 0.253478
2 0.630036 0.689562 0.485361 0.205537 0.251247
0 0.311033 0.536561 0.025295 0.054006 0.250223
