2 0.604841 0.774953 0.710087 0.450094 0.837355
2 0.331714 0.661255 0.260662 0.219395 0.745756
2 0.124243 0.536055 0.108869 0.043028 0.572038
2 0.670212 0.558851 0.223604 0.127978 0.454204
2 0.144583 0.540088 0.066181 0.035679 0.412638
7 0.674499 0.560786 0.234380 0.121240 0.412266
2 0.035617 0.535147 0.064503 0.038396 0.340566
7 0.404517 0.482900 0.440262 0.313765 0.335911
2 0.573263 0.699816 0.575363 0.333124 0.328133
2 0.099525 0.534956 0.067959 0.040796 0.302778
7 0.604841 0.774953 0.710087 0.450094 0.285980
7 0.386696 0.556671 0.399477 0.329755 0.282299
5 0.376530 0.460947 0.517696 0.265737 0.278637
2 0.798347 0.515701 0.022110 0.027049 0.276784
2 0.450382 0.650145 0.472462 0.281454 0.275378
7 0.124243 0.536055 0.108869 0.043028 0.266445
15 0.202608 0.232364 0.164760 0.065318 0.265342
7 0.418887 0.442305 0.688606 0.327761 0.260060
5 0.411784 0.473693 0.567592 0.408008 0.257438
7 0.492739 0.575494 0.736045 0.471928 0.256123
