2 0.603783 0.773098 0.708485 0.453805 0.827532
2 0.330098 0.661383 0.256852 0.217948 0.700482
2 0.124398 0.535743 0.108520 0.043493 0.597514
2 0.669646 0.558557 0.225375 0.127458 0.446673
7 0.672945 0.560927 0.230092 0.120259 0.397933
2 0.143902 0.539875 0.067232 0.036540 0.394334
7 0.398789 0.491320 0.441687 0.335286 0.367224
2 0.035798 0.535137 0.064062 0.038346 0.351683
2 0.576654 0.696174 0.566061 0.324322 0.339162
2 0.100999 0.534885 0.069701 0.040901 0.295247
7 0.603783 0.773098 0.708485 0.453805 0.292511
7 0.486911 0.565299 0.721365 0.466712 0.281917
7 0.437107 0.456012 0.686303 0.356804 0.280426
2 0.456312 0.646963 0.476865 0.280688 0.272242
7 0.124398 0.535743 0.108520 0.043493 0.271153
15 0.202211 0.232202 0.164854 0.065557 0.266006
7 0.384808 0.580635 0.367013 0.385635 0.261859
5 0.420451 0.489845 0.554069 0.425004 0.256800
9 0.963006 0.386608 0.073989 0.273678 0.255795
