2 0.603384 0.778738 0.712045 0.442524 0.830646
2 0.331983 0.661536 0.261079 0.219976 0.727045
2 0.124352 0.536017 0.109333 0.043306 0.567519
2 0.669963 0.559268 0.224151 0.128645 0.488026
2 0.145515 0.540265 0.064573 0.035613 0.414379
7 0.674362 0.562919 0.233770 0.122675 0.393518
2 0.035735 0.535348 0.063934 0.037953 0.335018
2 0.571180 0.695075 0.577461 0.318222 0.332937
7 0.406109 0.483328 0.439266 0.314735 0.332828
2 0.096193 0.535374 0.058373 0.040178 0.311547
7 0.385429 0.562905 0.392244 0.328159 0.282382
2 0.798223 0.517111 0.024161 0.023756 0.281479
2 0.445883 0.650436 0.468079 0.275164 0.281281
5 0.406109 0.483328 0.439266 0.314735 0.268155
7 0.124352 0.536017 0.109333 0.043306 0.266131
7 0.426286 0.446793 0.691982 0.332628 0.261467
5 0.415911 0.478608 0.572198 0.410905 0.260258
15 0.202627 0.231971 0.163682 0.065318 0.256732
7 0.491988 0.568387 0.734941 0.470999 0.253344
