2 0.603694 0.771171 0.711727 0.457658 0.821657
2 0.329544 0.661628 0.256461 0.216947 0.684268
0 0.019239 0.589437 0.036239 0.136875 0.489803
2 0.669057 0.558715 0.225350 0.127409 0.414360
2 0.146390 0.540840 0.058688 0.035406 0.402791
2 0.129702 0.537173 0.095604 0.041293 0.394470
7 0.671450 0.559529 0.225039 0.118240 0.391509
7 0.391727 0.499930 0.459636 0.344907 0.369654
2 0.578527 0.690254 0.568399 0.316892 0.350556
2 0.043471 0.537410 0.044933 0.033369 0.345256
7 0.476569 0.559509 0.696617 0.463454 0.315048
7 0.603694 0.771171 0.711727 0.457658 0.298982
7 0.456692 0.491744 0.338658 0.272071 0.297971
7 0.425622 0.468463 0.661223 0.369563 0.288372
2 0.454341 0.644064 0.477945 0.283379 0.278922
7 0.386814 0.578624 0.375732 0.392084 0.270652
5 0.413619 0.500295 0.544291 0.425940 0.256626
9 0.962865 0.384863 0.074270 0.275235 0.256273
1 0.020914 0.629449 0.039356 0.070457 0.253755
