2 0.603083 0.771296 0.716234 0.457408 0.804217
2 0.328969 0.661744 0.254426 0.216499 0.681401
0 0.041787 0.587241 0.047289 0.125136 0.428469
2 0.670028 0.558800 0.225667 0.127722 0.421049
1 0.046689 0.622031 0.074242 0.081838 0.418459
7 0.672664 0.560101 0.228455 0.119359 0.386615
2 0.149740 0.541499 0.052776 0.033741 0.381588
7 0.391437 0.497942 0.456433 0.342731 0.361561
2 0.579386 0.689405 0.566738 0.314188 0.347228
1 0.020135 0.626412 0.032446 0.073949 0.339106
7 0.479254 0.558073 0.726380 0.465686 0.303792
3 0.046689 0.622031 0.074242 0.081838 0.302161
7 0.429872 0.469979 0.675933 0.371851 0.296522
7 0.457767 0.491082 0.334692 0.273873 0.289098
1 0.053804 0.623444 0.054699 0.066116 0.282209
7 0.603083 0.771296 0.716234 0.457408 0.276964
2 0.461757 0.646661 0.485118 0.280587 0.274359
0 0.043949 0.613441 0.059378 0.093334 0.273387
3 0.043812 0.597413 0.068080 0.117872 0.269462
2 0.633259 0.688713 0.491298 0.203304 0.257859
2 0.129060 0.537324 0.097279 0.040339 0.256777
7 0.384655 0.575245 0.364852 0.386041 0.255707
5 0.381368 0.500336 0.521514 0.407111 0.253352
