2 0.603766 0.769214 0.715185 0.461571 0.817431
2 0.328526 0.661566 0.254359 0.217277 0.687624
1 0.074353 0.615605 0.085076 0.084741 0.629867
0 0.074307 0.580316 0.046702 0.119072 0.555180
3 0.074016 0.612029 0.083968 0.090687 0.440406
2 0.669828 0.558764 0.225062 0.127338 0.415240
0 0.072620 0.603696 0.070886 0.099608 0.387060
7 0.671825 0.560259 0.225608 0.120000 0.383741
7 0.393215 0.498338 0.449638 0.332925 0.366716
2 0.150370 0.542216 0.052084 0.032447 0.354543
2 0.580312 0.691975 0.574866 0.321315 0.349906
1 0.073742 0.594493 0.072459 0.116519 0.343177
2 0.040917 0.536994 0.059178 0.036097 0.316049
1 0.074047 0.584300 0.049746 0.113263 0.309840
7 0.481070 0.566225 0.721924 0.463835 0.309070
7 0.457030 0.490865 0.332522 0.273120 0.301392
7 0.603766 0.769214 0.715185 0.461571 0.292893
7 0.423435 0.465103 0.685496 0.370899 0.281413
2 0.455411 0.646589 0.481354 0.281334 0.277136
1 0.056418 0.618500 0.047272 0.076969 0.261025
5 0.415932 0.491196 0.564035 0.430086 0.256413
1 0.081295 0.610087 0.059414 0.072079 0.252461
0 0.085309 0.577590 0.047256 0.122002 0.252280
