2 0.603788 0.777707 0.713567 0.444586 0.828209
2 0.333753 0.661003 0.264494 0.220727 0.706403
2 0.124238 0.535912 0.109347 0.043429 0.587605
2 0.669533 0.558961 0.224109 0.127501 0.524175
2 0.144174 0.539855 0.066978 0.036162 0.411803
7 0.672002 0.561878 0.230918 0.120510 0.373366
2 0.569741 0.694189 0.569286 0.314988 0.361335
2 0.035602 0.535364 0.063863 0.038410 0.345275
7 0.405372 0.483094 0.447385 0.311365 0.341278
2 0.096205 0.535344 0.058855 0.040406 0.311055
2 0.446369 0.649968 0.470432 0.275509 0.297882
5 0.405372 0.483094 0.447385 0.311365 0.283248
7 0.424971 0.442396 0.695197 0.329867 0.279562
7 0.385335 0.560783 0.398014 0.324600 0.276236
2 0.797414 0.519544 0.023588 0.028552 0.275816
7 0.124238 0.535912 0.109347 0.043429 0.272368
5 0.414873 0.472920 0.573197 0.410302 0.269670
7 0.418752 0.542116 0.553277 0.421981 0.262089
15 0.202678 0.232064 0.163954 0.065120 0.259550
