2 0.603112 0.773343 0.711343 0.453315 0.836557
2 0.329992 0.660959 0.255555 0.219543 0.689196
2 0.124371 0.535958 0.108531 0.043181 0.580642
2 0.670071 0.558802 0.225381 0.128057 0.424668
7 0.673175 0.560992 0.230859 0.121244 0.407932
2 0.144024 0.539871 0.067310 0.036128 0.403981
7 0.402942 0.494539 0.439014 0.324949 0.358187
2 0.574152 0.694185 0.572084 0.320724 0.348237
2 0.035928 0.535424 0.064205 0.037531 0.337704
7 0.603112 0.773343 0.711343 0.453315 0.310668
2 0.099805 0.534966 0.068184 0.040786 0.306547
7 0.478671 0.567548 0.697123 0.458611 0.305113
2 0.448902 0.646587 0.474896 0.280955 0.285445
2 0.799504 0.513750 0.021995 0.024457 0.277297
7 0.419532 0.455080 0.688633 0.348715 0.270835
7 0.124371 0.535958 0.108531 0.043181 0.266510
5 0.379669 0.490789 0.522614 0.392225 0.263641
