2 0.602872 0.772831 0.712887 0.454337 0.834067
2 0.330177 0.661357 0.255708 0.217258 0.690284
2 0.124267 0.535882 0.108402 0.043277 0.591227
2 0.670189 0.558755 0.224969 0.127455 0.419149
7 0.673076 0.561073 0.230023 0.120939 0.409507
2 0.143494 0.539817 0.067740 0.036399 0.390970
2 0.574790 0.692782 0.566657 0.318719 0.357261
7 0.395546 0.491298 0.452662 0.330326 0.354211
2 0.035777 0.535125 0.064271 0.038203 0.338942
7 0.602872 0.772831 0.712887 0.454337 0.310203
2 0.100512 0.534884 0.069397 0.040976 0.303754
7 0.460241 0.491291 0.331236 0.272253 0.299258
7 0.483513 0.566289 0.714956 0.458236 0.299087
2 0.454988 0.647632 0.478907 0.278847 0.287328
7 0.424005 0.453729 0.686963 0.349188 0.284515
5 0.377912 0.487138 0.524367 0.395974 0.266436
7 0.124267 0.535882 0.108402 0.043277 0.262704
9 0.963321 0.394011 0.073358 0.277807 0.250010
