2 0.602300 0.774085 0.710469 0.450225 0.835037
2 0.331760 0.660198 0.261774 0.221743 0.700565
2 0.124246 0.536518 0.110876 0.041459 0.570654
2 0.669389 0.558406 0.226446 0.130260 0.523420
2 0.796497 0.523759 0.029104 0.032231 0.408089
2 0.142791 0.539962 0.070190 0.035298 0.370725
2 0.570257 0.697606 0.565677 0.324404 0.360435
7 0.671250 0.560889 0.225480 0.120925 0.356732
2 0.036375 0.535985 0.061845 0.036013 0.343500
7 0.403505 0.484302 0.431847 0.315787 0.337512
7 0.392053 0.560644 0.399263 0.328297 0.305019
1 0.875566 0.545948 0.034871 0.046751 0.298589
2 0.452528 0.647891 0.479949 0.280507 0.293836
7 0.509399 0.584049 0.732819 0.464610 0.279924
7 0.124246 0.536518 0.110876 0.041459 0.270798
7 0.445813 0.446756 0.699210 0.341771 0.270424
2 0.097237 0.535954 0.059067 0.038792 0.268572
0 0.879580 0.544668 0.025123 0.049432 0.265103
7 0.602300 0.774085 0.710469 0.450225 0.262870
9 0.755985 0.399762 0.010502 0.023663 0.260273
