2 0.603332 0.774514 0.711690 0.450972 0.834728
2 0.330164 0.660739 0.258209 0.219248 0.734492
2 0.124048 0.535895 0.108546 0.043197 0.571020
2 0.670190 0.558841 0.225043 0.128054 0.451091
7 0.674946 0.561318 0.232512 0.121243 0.418878
2 0.144482 0.540024 0.065954 0.036017 0.408762
7 0.401514 0.485163 0.446456 0.318045 0.350474
2 0.035816 0.535449 0.064169 0.037761 0.350144
2 0.100219 0.534956 0.068313 0.040951 0.310264
2 0.573018 0.699151 0.578664 0.333986 0.309427
7 0.385044 0.557106 0.405883 0.334695 0.299694
7 0.603332 0.774514 0.711690 0.450972 0.294073
7 0.417849 0.446673 0.690333 0.333843 0.276023
7 0.488951 0.572603 0.735928 0.472193 0.272357
15 0.202686 0.232154 0.164729 0.065318 0.272045
7 0.124048 0.535895 0.108546 0.043197 0.268579
2 0.449179 0.650156 0.474721 0.281838 0.265320
2 0.799202 0.515204 0.021877 0.025739 0.262953
5 0.373641 0.462501 0.521645 0.269316 0.262309
