2 0.601800 0.775538 0.714206 0.448924 0.848752
2 0.333097 0.660592 0.263790 0.221472 0.708605
2 0.124573 0.535929 0.109837 0.042812 0.589623
2 0.668504 0.558496 0.222075 0.130020 0.524718
2 0.143837 0.539718 0.067402 0.036324 0.397948
7 0.670880 0.561391 0.223586 0.123237 0.362491
2 0.034853 0.534767 0.065018 0.039720 0.343327
2 0.568932 0.699483 0.581765 0.332499 0.340488
7 0.401566 0.480207 0.446002 0.324619 0.319684
2 0.097244 0.535429 0.059388 0.039595 0.294357
2 0.447464 0.650502 0.476519 0.281867 0.286357
7 0.124573 0.535929 0.109837 0.042812 0.282872
7 0.035330 0.533961 0.064667 0.041972 0.279061
7 0.387018 0.558020 0.401350 0.331575 0.276351
5 0.401566 0.480207 0.446002 0.324619 0.273304
2 0.783851 0.551967 0.028163 0.029331 0.270394
2 0.773159 0.550126 0.027149 0.030970 0.260593
7 0.429737 0.447497 0.676384 0.341994 0.255603
