2 0.602007 0.775457 0.717009 0.449086 0.840269
2 0.332790 0.661404 0.262146 0.222381 0.696065
2 0.124225 0.536085 0.109778 0.042719 0.591181
2 0.668944 0.558832 0.222545 0.129973 0.523520
2 0.143626 0.539902 0.067744 0.036032 0.399919
2 0.569915 0.696983 0.579147 0.327031 0.342923
7 0.669689 0.561231 0.224762 0.123243 0.342758
2 0.771264 0.546923 0.033846 0.039285 0.339835
2 0.034926 0.534813 0.064726 0.039387 0.331262
7 0.403247 0.486218 0.444314 0.322335 0.325898
2 0.096760 0.535533 0.058925 0.039659 0.304881
2 0.442874 0.648520 0.467460 0.281308 0.291861
7 0.389082 0.564638 0.400724 0.335132 0.288477
7 0.124225 0.536085 0.109778 0.042719 0.276325
7 0.422488 0.551114 0.540999 0.432428 0.268604
7 0.034582 0.533238 0.063681 0.043518 0.264753
5 0.403247 0.486218 0.444314 0.322335 0.258881
7 0.429302 0.449559 0.688596 0.343905 0.258251
9 0.755855 0.399792 0.010416 0.023468 0.256671
0 0.632364 0.545398 0.043568 0.036139 0.250359
