2 0.602365 0.774972 0.711737 0.450055 0.837747
2 0.333525 0.661603 0.263194 0.221619 0.698529
2 0.124410 0.536017 0.109769 0.042957 0.571558
2 0.669564 0.559167 0.222656 0.129022 0.485640
2 0.144730 0.540093 0.066261 0.035543 0.406539
7 0.673125 0.560952 0.225976 0.122054 0.388735
2 0.567730 0.701437 0.582795 0.335448 0.348975
7 0.463089 0.492291 0.326655 0.279346 0.331263
2 0.035512 0.535428 0.063824 0.038573 0.323891
2 0.797636 0.520575 0.023886 0.026692 0.305808
2 0.096458 0.535540 0.058128 0.039725 0.298304
2 0.445453 0.650328 0.473315 0.283506 0.295044
7 0.385785 0.559750 0.400549 0.336352 0.285454
5 0.373906 0.462751 0.520454 0.269801 0.278470
7 0.398777 0.467291 0.511900 0.283471 0.269465
7 0.415474 0.547875 0.545255 0.431206 0.263841
7 0.124410 0.536017 0.109769 0.042957 0.260237
5 0.409064 0.480500 0.553992 0.411926 0.257739
7 0.602365 0.774972 0.711737 0.450055 0.254118
9 0.755883 0.399843 0.010513 0.023441 0.252811
