2 0.603348 0.775559 0.712644 0.447364 0.838344
2 0.331461 0.660932 0.262065 0.224251 0.720892
2 0.123877 0.535435 0.114483 0.042900 0.604953
2 0.669248 0.557827 0.226374 0.129312 0.533373
2 0.796034 0.523390 0.029663 0.032132 0.450617
2 0.036212 0.534972 0.062068 0.036355 0.366243
1 0.895551 0.544654 0.036896 0.053174 0.365861
7 0.419877 0.483015 0.407631 0.303261 0.353993
7 0.670851 0.559979 0.229774 0.120091 0.352437
2 0.143321 0.540104 0.070164 0.034570 0.343479
2 0.565831 0.700816 0.580846 0.331197 0.335109
0 0.902878 0.536414 0.022658 0.063027 0.309059
2 0.097985 0.535032 0.060494 0.040396 0.293443
7 0.393515 0.562293 0.391716 0.327557 0.293332
9 0.756017 0.399498 0.010470 0.022792 0.287413
7 0.123877 0.535435 0.114483 0.042900 0.284233
2 0.448079 0.650609 0.481388 0.279444 0.278192
7 0.507907 0.588480 0.724143 0.463609 0.273159
7 0.434115 0.442818 0.703835 0.332495 0.266623
0 0.897409 0.542554 0.027026 0.056998 0.266362
