2 0.603530 0.774716 0.711748 0.450568 0.850604
2 0.333447 0.660363 0.264438 0.221379 0.705211
2 0.123867 0.536550 0.110147 0.041755 0.574190
2 0.670118 0.559241 0.227212 0.129883 0.534237
2 0.142350 0.539801 0.070181 0.035641 0.382618
7 0.671577 0.561806 0.228218 0.122963 0.379941
2 0.796741 0.523282 0.029193 0.030626 0.364318
2 0.035813 0.535588 0.062038 0.037557 0.350021
0 0.846795 0.537511 0.020331 0.057158 0.347113
7 0.400424 0.482632 0.451160 0.323905 0.320520
2 0.571376 0.702207 0.577131 0.335754 0.316850
7 0.390381 0.556892 0.406758 0.335798 0.288952
2 0.096555 0.535961 0.058734 0.038967 0.288556
7 0.123867 0.536550 0.110147 0.041755 0.273158
2 0.452322 0.650339 0.482498 0.285144 0.262126
7 0.603530 0.774716 0.711748 0.450568 0.260691
7 0.034957 0.533613 0.062466 0.042150 0.258428
7 0.423204 0.446155 0.670661 0.336022 0.257055
7 0.421952 0.547821 0.538307 0.429986 0.254970
9 0.756021 0.399771 0.010634 0.023462 0.254183
