2 0.602674 0.774698 0.709685 0.450605 0.832348
2 0.329946 0.661006 0.256302 0.219630 0.692160
2 0.124192 0.535829 0.108465 0.043476 0.590324
2 0.670049 0.558471 0.225482 0.128034 0.440500
2 0.144316 0.539945 0.066051 0.036334 0.407654
7 0.674604 0.561392 0.233377 0.121352 0.406077
7 0.397609 0.490523 0.452525 0.325564 0.354784
2 0.573673 0.693911 0.572771 0.320482 0.343347
2 0.036133 0.535561 0.063141 0.037160 0.341680
2 0.100574 0.534891 0.069635 0.040873 0.302297
7 0.602674 0.774698 0.709685 0.450605 0.299945
7 0.481842 0.566025 0.715980 0.461980 0.287619
2 0.443928 0.647442 0.468711 0.278473 0.286913
7 0.421398 0.453256 0.683096 0.347866 0.279159
7 0.124192 0.535829 0.108465 0.043476 0.274892
5 0.379979 0.487931 0.525640 0.393349 0.274312
2 0.799219 0.514386 0.021746 0.025705 0.267264
