2 0.602335 0.775087 0.714219 0.449825 0.829564
2 0.331746 0.661590 0.259907 0.220242 0.729637
2 0.124469 0.535965 0.108567 0.043385 0.576349
2 0.670635 0.559220 0.224968 0.128589 0.455475
2 0.144789 0.540025 0.065780 0.036085 0.410618
7 0.674848 0.562002 0.234046 0.121952 0.410433
2 0.573057 0.695451 0.572397 0.321989 0.343375
2 0.035672 0.535442 0.064168 0.037760 0.341902
7 0.403391 0.481182 0.451645 0.314970 0.338106
2 0.100224 0.534890 0.068648 0.040862 0.301349
2 0.450810 0.651861 0.475323 0.278382 0.290301
2 0.798870 0.515268 0.023618 0.025507 0.290002
7 0.383717 0.557972 0.400573 0.323332 0.281133
7 0.430688 0.446525 0.700082 0.330148 0.280357
15 0.202704 0.232071 0.163502 0.065232 0.267927
7 0.124469 0.535965 0.108567 0.043385 0.267594
7 0.421508 0.539640 0.571192 0.424202 0.265517
7 0.602335 0.775087 0.714219 0.449825 0.264228
5 0.378384 0.460829 0.518324 0.268690 0.259947
7 0.545067 0.604052 0.732175 0.537059 0.252472
2 0.626665 0.690153 0.479835 0.203615 0.252357
