2 0.603576 0.771986 0.710583 0.456028 0.813971
2 0.327357 0.661796 0.254679 0.219331 0.667872
0 0.194171 0.562812 0.038248 0.107099 0.505980
1 0.192467 0.597210 0.049491 0.066911 0.486448
2 0.124497 0.535798 0.103889 0.042882 0.473721
2 0.669994 0.558671 0.225254 0.127124 0.435077
7 0.396998 0.500421 0.446926 0.352896 0.399866
3 0.192795 0.593565 0.051581 0.068111 0.393757
7 0.672598 0.560747 0.226981 0.120199 0.377672
2 0.036610 0.535561 0.062298 0.037614 0.369466
2 0.147457 0.540472 0.057478 0.034323 0.341882
1 0.193862 0.580411 0.039203 0.090152 0.323272
7 0.483755 0.560441 0.670798 0.468078 0.322697
2 0.096368 0.535640 0.056175 0.039975 0.315456
2 0.578107 0.692433 0.571420 0.319400 0.308729
0 0.194798 0.547519 0.030764 0.074945 0.296315
5 0.417773 0.499237 0.522351 0.433496 0.280431
7 0.434350 0.465266 0.645015 0.380657 0.274235
3 0.193862 0.580411 0.039203 0.090152 0.267239
7 0.603576 0.771986 0.710583 0.456028 0.262614
9 0.962788 0.386771 0.074424 0.276043 0.256575
7 0.124497 0.535798 0.103889 0.042882 0.250795
