2 0.603194 0.774718 0.711240 0.450565 0.838927
2 0.330555 0.661355 0.255983 0.218411 0.697030
2 0.124145 0.535852 0.108833 0.043301 0.591964
2 0.670354 0.558987 0.225705 0.128375 0.445761
7 0.673901 0.561052 0.233075 0.121192 0.410266
2 0.142884 0.539647 0.068819 0.036604 0.390303
7 0.396608 0.492291 0.449237 0.331126 0.353424
2 0.035455 0.534658 0.064600 0.038885 0.347563
2 0.574408 0.697122 0.571093 0.326607 0.314301
2 0.100745 0.534753 0.069769 0.040813 0.306121
7 0.463176 0.490498 0.325054 0.270649 0.302067
7 0.603194 0.774718 0.711240 0.450565 0.298722
7 0.419955 0.454788 0.683521 0.347649 0.285759
7 0.482566 0.569807 0.715139 0.469192 0.281384
7 0.124145 0.535852 0.108833 0.043301 0.271411
2 0.452475 0.647346 0.477636 0.281886 0.261635
7 0.035396 0.533457 0.064330 0.041209 0.256404
2 0.799478 0.512279 0.023810 0.024803 0.255245
15 0.202352 0.232154 0.164735 0.065340 0.254211
