2 0.603521 0.776436 0.710639 0.447127 0.830364
2 0.331319 0.660935 0.259433 0.219425 0.728604
2 0.124397 0.535877 0.108238 0.043404 0.575779
2 0.670335 0.559063 0.224864 0.128666 0.469147
7 0.674177 0.562261 0.232950 0.123694 0.414978
2 0.144654 0.540047 0.065723 0.036112 0.410085
7 0.405405 0.479346 0.438083 0.313680 0.343870
2 0.035650 0.534981 0.064167 0.038370 0.343189
2 0.572980 0.695045 0.574620 0.321454 0.338886
2 0.096449 0.535412 0.058683 0.040204 0.302103
2 0.798859 0.515460 0.023816 0.025455 0.290560
7 0.383229 0.561649 0.394074 0.324011 0.289481
2 0.447327 0.649839 0.468005 0.276575 0.286268
7 0.124397 0.535877 0.108238 0.043404 0.278716
7 0.603521 0.776436 0.710639 0.447127 0.276449
7 0.430719 0.442546 0.707737 0.330864 0.271132
5 0.405405 0.479346 0.438083 0.313680 0.269499
7 0.417804 0.540033 0.561072 0.424333 0.259854
5 0.418683 0.476323 0.585649 0.410670 0.255149
15 0.202751 0.231640 0.163929 0.064860 0.254892
7 0.035647 0.533873 0.064282 0.040928 0.250477
