2 0.603955 0.772619 0.710564 0.454761 0.814241
2 0.327701 0.662426 0.256425 0.216977 0.694719
0 0.169932 0.561829 0.033702 0.113256 0.485022
1 0.168732 0.597229 0.063745 0.075944 0.470104
3 0.168939 0.595810 0.062550 0.080158 0.458012
2 0.669856 0.558811 0.224907 0.127787 0.424463
7 0.671717 0.560339 0.226596 0.120397 0.391111
2 0.112884 0.535830 0.090191 0.043963 0.387781
7 0.392135 0.495133 0.454630 0.340321 0.366731
2 0.036642 0.535825 0.062473 0.036982 0.341992
2 0.095524 0.535601 0.054549 0.040792 0.334544
0 0.168499 0.584621 0.050526 0.091766 0.327213
2 0.578068 0.690494 0.571006 0.317044 0.322853
7 0.485678 0.556931 0.708134 0.458844 0.294838
3 0.169782 0.566664 0.038469 0.109662 0.293815
7 0.453391 0.490514 0.340717 0.274801 0.291014
7 0.603955 0.772619 0.710564 0.454761 0.283133
0 0.165868 0.564117 0.056119 0.090619 0.276849
5 0.392135 0.495133 0.454630 0.340321 0.271239
9 0.962989 0.386268 0.074022 0.275688 0.269851
7 0.431326 0.462796 0.662487 0.368883 0.268853
2 0.452710 0.644402 0.476011 0.278507 0.259859
7 0.385016 0.571873 0.364708 0.382182 0.259063
0 0.167540 0.556440 0.040899 0.067953 0.254726
15 0.202107 0.231969 0.163916 0.065502 0.250811
