2 0.603364 0.773584 0.709983 0.452832 0.829261
2 0.331100 0.660869 0.257239 0.219078 0.625513
2 0.124465 0.535809 0.108544 0.043438 0.603261
2 0.670218 0.558904 0.226101 0.128145 0.419901
7 0.673102 0.560625 0.231558 0.120743 0.404518
7 0.401599 0.498293 0.436945 0.344980 0.401487
2 0.142779 0.539630 0.069219 0.036684 0.378823
2 0.035670 0.534720 0.064530 0.038774 0.347806
2 0.574250 0.691499 0.564103 0.314673 0.343634
7 0.484942 0.560156 0.688348 0.468342 0.324680
7 0.389433 0.578321 0.372197 0.397118 0.307279
7 0.603364 0.773584 0.709983 0.452832 0.301591
7 0.440600 0.463182 0.683084 0.369540 0.298346
2 0.100877 0.534728 0.069881 0.040885 0.297927
2 0.452062 0.644310 0.474557 0.281074 0.279060
7 0.124465 0.535809 0.108544 0.043438 0.261472
9 0.963136 0.394621 0.073728 0.278349 0.258872
