2 0.602369 0.775118 0.710417 0.449763 0.827402
2 0.329087 0.660903 0.255862 0.219105 0.710501
2 0.124073 0.535859 0.109152 0.043297 0.585840
2 0.670672 0.558809 0.224828 0.128235 0.460088
7 0.675029 0.561973 0.232288 0.122532 0.410219
2 0.144129 0.539924 0.066845 0.036188 0.401471
7 0.402078 0.488915 0.440029 0.325524 0.349672
2 0.036255 0.535339 0.063264 0.037653 0.347318
2 0.574941 0.694362 0.575945 0.321765 0.335741
2 0.100378 0.534869 0.069131 0.040925 0.312997
7 0.410358 0.544322 0.556956 0.428492 0.287929
7 0.422540 0.451984 0.699909 0.344924 0.285568
2 0.450985 0.648172 0.475164 0.277573 0.282457
7 0.602369 0.775118 0.710417 0.449763 0.276644
7 0.540250 0.604412 0.719037 0.539644 0.272649
2 0.799751 0.514287 0.022082 0.025540 0.270800
7 0.124073 0.535859 0.109152 0.043297 0.264486
15 0.202517 0.231793 0.164168 0.064942 0.259276
5 0.378352 0.486899 0.534674 0.393433 0.251078
