2 0.603191 0.774628 0.714008 0.450745 0.835127
2 0.329219 0.661042 0.254783 0.218777 0.698537
2 0.124104 0.535843 0.108965 0.043217 0.588394
2 0.670137 0.558694 0.225048 0.127767 0.419777
7 0.673673 0.560838 0.231474 0.120996 0.405741
2 0.143702 0.539847 0.067618 0.036328 0.399092
7 0.399954 0.490966 0.446376 0.326669 0.360107
2 0.036125 0.535772 0.063798 0.037085 0.342318
2 0.574686 0.694006 0.573184 0.318616 0.336486
7 0.465674 0.491378 0.321801 0.272247 0.315990
2 0.100705 0.534911 0.069410 0.041021 0.309884
7 0.482098 0.566442 0.711296 0.459587 0.294138
7 0.603191 0.774628 0.714008 0.450745 0.292062
7 0.421197 0.453126 0.687523 0.348457 0.281694
2 0.452170 0.647817 0.478175 0.279002 0.278319
7 0.124104 0.535843 0.108965 0.043217 0.261832
5 0.378563 0.487444 0.527513 0.393953 0.251928
