2 0.603840 0.774654 0.710322 0.450691 0.820571
2 0.330021 0.661460 0.255762 0.218530 0.695898
2 0.124638 0.535815 0.107647 0.043323 0.601764
2 0.670137 0.558445 0.226102 0.127587 0.449286
7 0.674986 0.560872 0.231666 0.120995 0.396150
2 0.143268 0.539782 0.068522 0.036755 0.387784
2 0.036299 0.535522 0.063050 0.037458 0.348505
2 0.572951 0.694557 0.567968 0.321161 0.347395
7 0.395790 0.491860 0.453563 0.331238 0.344948
2 0.452038 0.647057 0.475764 0.279800 0.291727
2 0.101348 0.534896 0.070788 0.040720 0.288412
7 0.485367 0.564394 0.720458 0.456256 0.279030
7 0.603840 0.774654 0.710322 0.450691 0.278433
7 0.429749 0.451026 0.687168 0.352015 0.276958
7 0.124638 0.535815 0.107647 0.043323 0.273501
9 0.962996 0.386323 0.074008 0.273536 0.270219
5 0.417858 0.485599 0.563807 0.425164 0.260126
15 0.202477 0.232256 0.164415 0.065340 0.252420
