2 0.603409 0.766234 0.718080 0.467532 0.804207
2 0.327779 0.661549 0.248598 0.214517 0.634054
2 0.123328 0.535837 0.109476 0.043078 0.565513
7 0.671105 0.559746 0.229463 0.119692 0.424173
2 0.142315 0.539718 0.069413 0.036644 0.374977
2 0.668701 0.558227 0.225604 0.127470 0.369731
2 0.035663 0.535034 0.064324 0.038677 0.363851
2 0.586460 0.683876 0.577602 0.319734 0.353512
7 0.381993 0.549640 0.427925 0.362798 0.335064
7 0.473341 0.556827 0.727048 0.477419 0.319075
2 0.101028 0.534979 0.071677 0.040618 0.302486
7 0.603409 0.766234 0.718080 0.467532 0.298530
7 0.398428 0.463828 0.663143 0.365348 0.291049
9 0.962774 0.380315 0.074452 0.277637 0.275354
5 0.368926 0.490416 0.537148 0.399104 0.274638
7 0.035555 0.533732 0.064119 0.040631 0.271879
7 0.327779 0.661549 0.248598 0.214517 0.271402
2 0.466224 0.644778 0.486298 0.285000 0.267531
9 0.962897 0.331647 0.070509 0.158230 0.265420
7 0.123328 0.535837 0.109476 0.043078 0.261673
15 0.202686 0.231677 0.163666 0.065527 0.259740
2 0.625919 0.687839 0.495860 0.210540 0.251846
