2 0.600877 0.768971 0.717493 0.462059 0.796747
2 0.331119 0.660723 0.257196 0.215864 0.598197
2 0.123718 0.535881 0.108445 0.042837 0.548575
2 0.667696 0.558160 0.224650 0.127486 0.389067
2 0.143777 0.539973 0.066127 0.035705 0.377544
7 0.670369 0.558279 0.230709 0.116958 0.377481
2 0.580003 0.692189 0.584296 0.321848 0.370230
2 0.036071 0.535440 0.062310 0.037728 0.349768
5 0.359449 0.483040 0.552069 0.400471 0.324078
9 0.962150 0.382002 0.075699 0.281762 0.319466
2 0.096668 0.535697 0.059076 0.039347 0.299504
2 0.458828 0.648860 0.482233 0.277816 0.289382
7 0.123718 0.535881 0.108445 0.042837 0.278021
2 0.621209 0.699575 0.482527 0.218782 0.277033
7 0.035227 0.534207 0.062951 0.038981 0.276922
9 0.962533 0.335066 0.071044 0.165482 0.269103
7 0.331119 0.660723 0.257196 0.215864 0.265392
7 0.370810 0.561621 0.416769 0.342647 0.264723
7 0.393406 0.450315 0.680872 0.358830 0.261587
7 0.389751 0.530240 0.578243 0.432707 0.251560
