2 0.603585 0.769602 0.718366 0.460795 0.804868
2 0.329823 0.661833 0.253495 0.215809 0.653075
2 0.122925 0.535941 0.107550 0.043011 0.532158
2 0.668897 0.557975 0.224735 0.126918 0.416541
2 0.581625 0.688606 0.570011 0.317504 0.371683
7 0.672980 0.559615 0.226245 0.117886 0.367233
2 0.142586 0.539813 0.067219 0.036754 0.358806
7 0.385442 0.557152 0.419693 0.366568 0.356282
2 0.035853 0.534334 0.064945 0.040246 0.334298
7 0.478771 0.560549 0.707254 0.474160 0.318732
2 0.458939 0.642868 0.482089 0.284423 0.290157
7 0.457880 0.491272 0.333456 0.271432 0.287772
7 0.417899 0.466886 0.677490 0.373018 0.287598
2 0.100160 0.535028 0.069945 0.040713 0.277024
5 0.375881 0.495301 0.524673 0.405037 0.274049
7 0.603585 0.769602 0.718366 0.460795 0.263988
7 0.035227 0.533137 0.064657 0.042651 0.262676
2 0.632234 0.689165 0.493661 0.207574 0.259749
15 0.202520 0.231863 0.163990 0.065327 0.256608
7 0.509889 0.663829 0.652217 0.461540 0.254800
7 0.329823 0.661833 0.253495 0.215809 0.251241
7 0.367036 0.469646 0.519505 0.285247 0.250502
