2 0.603316 0.768032 0.716497 0.463937 0.808569
2 0.331178 0.661173 0.255422 0.214634 0.612789
2 0.123387 0.535863 0.109924 0.042985 0.549868
7 0.672010 0.558606 0.227313 0.118156 0.398542
2 0.668107 0.558178 0.225262 0.127699 0.383702
2 0.579978 0.691191 0.583596 0.325916 0.374946
2 0.143513 0.539879 0.067381 0.035884 0.371615
2 0.036045 0.535445 0.063725 0.037896 0.340040
5 0.361610 0.486558 0.546968 0.401210 0.334128
2 0.100759 0.535139 0.071276 0.040577 0.305960
7 0.385861 0.480015 0.488288 0.342056 0.293735
9 0.962389 0.380085 0.075223 0.279007 0.292499
2 0.459281 0.646465 0.484666 0.282731 0.290907
5 0.378783 0.552807 0.438122 0.359810 0.271887
9 0.962826 0.332925 0.071274 0.165884 0.270308
7 0.465881 0.554932 0.722404 0.476305 0.266109
7 0.123387 0.535863 0.109924 0.042985 0.263455
2 0.629644 0.692723 0.501298 0.205931 0.262180
7 0.603316 0.768032 0.716497 0.463937 0.260954
7 0.035412 0.534179 0.063495 0.039389 0.254616
7 0.331178 0.661173 0.255422 0.214634 0.251841
