2 0.602893 0.767222 0.720367 0.465556 0.792974
2 0.329805 0.661696 0.254674 0.216191 0.659231
2 0.123130 0.535810 0.109134 0.043244 0.562359
7 0.673240 0.560127 0.225183 0.119709 0.402557
2 0.668805 0.557933 0.224396 0.127264 0.392366
2 0.035798 0.534798 0.064314 0.039295 0.369184
2 0.142688 0.539871 0.068181 0.036603 0.367377
2 0.585163 0.686014 0.576296 0.313723 0.366095
7 0.382409 0.555741 0.408940 0.357929 0.329283
7 0.488488 0.564660 0.739156 0.482307 0.301937
2 0.101117 0.534968 0.071458 0.040811 0.293241
7 0.602893 0.767222 0.720367 0.465556 0.288191
2 0.465172 0.645707 0.484739 0.278610 0.271083
7 0.035655 0.533465 0.064483 0.041536 0.269326
7 0.407643 0.488671 0.568595 0.431037 0.265795
9 0.963243 0.347445 0.071257 0.178162 0.264810
5 0.370252 0.489042 0.523582 0.401835 0.262046
7 0.329805 0.661696 0.254674 0.216191 0.258723
7 0.123130 0.535810 0.109134 0.043244 0.257871
