2 0.599763 0.768677 0.719912 0.462646 0.799238
2 0.330980 0.660961 0.255802 0.215111 0.596010
2 0.124070 0.535908 0.108654 0.042645 0.552491
2 0.668704 0.557950 0.224369 0.127627 0.407434
2 0.143457 0.539920 0.067338 0.035581 0.382879
2 0.581066 0.688908 0.585780 0.317895 0.371404
7 0.672932 0.558585 0.228747 0.117236 0.370643
2 0.036683 0.535666 0.061097 0.037551 0.346885
5 0.359733 0.480841 0.541887 0.403336 0.318694
9 0.962139 0.381634 0.075722 0.280578 0.306722
2 0.455502 0.647123 0.478952 0.277998 0.297050
7 0.372728 0.563125 0.412182 0.345680 0.292353
2 0.096702 0.535809 0.059237 0.039208 0.290437
7 0.124070 0.535908 0.108654 0.042645 0.287376
7 0.035300 0.534271 0.062485 0.038964 0.276310
7 0.330980 0.660961 0.255802 0.215111 0.270816
7 0.384743 0.475701 0.485193 0.342960 0.267121
2 0.627822 0.691680 0.492302 0.201962 0.265524
9 0.962672 0.334230 0.071175 0.167560 0.264383
7 0.599461 0.767217 0.722379 0.455394 0.253896
