2 0.604040 0.769028 0.719299 0.461943 0.796612
2 0.329667 0.662090 0.253738 0.215630 0.657746
2 0.122428 0.535951 0.108777 0.043030 0.547981
7 0.672543 0.559689 0.224710 0.118439 0.400524
2 0.669180 0.558093 0.223823 0.127385 0.398584
7 0.386298 0.547986 0.421246 0.375441 0.373920
2 0.142219 0.539655 0.068624 0.036812 0.360559
7 0.476767 0.564045 0.701457 0.482223 0.350472
2 0.580741 0.688293 0.568958 0.314782 0.348844
2 0.035824 0.534316 0.065494 0.040215 0.348265
7 0.399004 0.495614 0.550741 0.431616 0.319216
7 0.461793 0.491018 0.324890 0.273984 0.313691
2 0.100134 0.534939 0.070573 0.040785 0.294109
7 0.604040 0.769028 0.719299 0.461943 0.280362
7 0.512572 0.664724 0.654549 0.470330 0.269865
7 0.329667 0.662090 0.253738 0.215630 0.263955
5 0.373677 0.495590 0.516859 0.403977 0.260974
2 0.464109 0.643596 0.488240 0.283874 0.260287
