2 0.602388 0.770364 0.716559 0.458890 0.811502
2 0.330756 0.661613 0.256234 0.215281 0.648693
2 0.122471 0.535964 0.108742 0.043028 0.534529
2 0.669189 0.558145 0.224772 0.127006 0.413246
7 0.673585 0.560051 0.223296 0.119103 0.396013
2 0.143385 0.540110 0.065845 0.036154 0.361145
2 0.036288 0.534825 0.063734 0.039245 0.356663
7 0.384025 0.551016 0.415843 0.371361 0.349026
2 0.578817 0.691964 0.569893 0.317525 0.322507
7 0.464978 0.489644 0.313556 0.273051 0.311898
7 0.479896 0.566113 0.728412 0.486861 0.309355
7 0.602388 0.770364 0.716559 0.458890 0.296798
2 0.100212 0.534996 0.069822 0.040828 0.292498
7 0.404122 0.491218 0.561083 0.430054 0.283126
7 0.330756 0.661613 0.256234 0.215281 0.261280
7 0.035508 0.533409 0.064298 0.041701 0.257910
9 0.963528 0.349454 0.070682 0.180464 0.254176
7 0.515837 0.669023 0.665405 0.473103 0.250820
