2 0.604365 0.770608 0.713349 0.458783 0.800530
2 0.329375 0.661077 0.254155 0.217520 0.673018
2 0.123350 0.536371 0.106249 0.042920 0.519252
2 0.669285 0.558006 0.224792 0.127632 0.401148
7 0.673470 0.559382 0.227632 0.118195 0.378630
2 0.142480 0.540087 0.066789 0.036810 0.358870
2 0.582088 0.690420 0.572587 0.318645 0.352092
2 0.036252 0.534499 0.063712 0.039706 0.344485
7 0.392837 0.497493 0.462288 0.341332 0.335926
7 0.480507 0.557869 0.710764 0.473394 0.298041
7 0.604365 0.770608 0.713349 0.458783 0.286792
2 0.452821 0.644342 0.472737 0.280825 0.280109
5 0.376934 0.492670 0.522547 0.404320 0.276710
7 0.422060 0.461975 0.677080 0.368314 0.276631
7 0.035160 0.533037 0.064251 0.042554 0.272203
7 0.457340 0.490713 0.336065 0.272504 0.271189
2 0.099373 0.535377 0.066994 0.040722 0.263693
15 0.202008 0.231785 0.163769 0.065489 0.250403
