2 0.601532 0.772394 0.715059 0.455212 0.809931
2 0.329931 0.661409 0.254306 0.216123 0.653623
2 0.122676 0.535930 0.108098 0.043372 0.514629
2 0.669311 0.558410 0.225171 0.127274 0.416093
7 0.671446 0.559725 0.226052 0.118348 0.380274
2 0.143824 0.540100 0.064940 0.036110 0.362870
2 0.036149 0.534694 0.064393 0.039476 0.341453
7 0.383129 0.553176 0.420560 0.369732 0.335171
2 0.579225 0.692411 0.567622 0.317681 0.323092
7 0.476071 0.563152 0.725419 0.483651 0.300981
7 0.463894 0.489713 0.321939 0.270740 0.297139
7 0.411978 0.463948 0.677037 0.368305 0.288286
7 0.601532 0.772394 0.715059 0.455212 0.287311
2 0.099734 0.535052 0.068789 0.041340 0.285025
7 0.329931 0.661409 0.254306 0.216123 0.265717
15 0.202215 0.232048 0.164906 0.065973 0.254565
5 0.370085 0.493727 0.525878 0.404180 0.252899
9 0.963596 0.352672 0.070150 0.184394 0.251284
