2 0.601568 0.771722 0.712631 0.456556 0.819209
2 0.329779 0.661358 0.254236 0.216264 0.664721
2 0.122948 0.536038 0.106879 0.043452 0.542903
2 0.669029 0.558421 0.225735 0.127471 0.416192
7 0.671755 0.559579 0.225843 0.118794 0.382260
2 0.141695 0.539787 0.068167 0.037206 0.365870
2 0.035610 0.533645 0.064470 0.041263 0.357899
7 0.384065 0.552373 0.425424 0.371593 0.350179
2 0.580144 0.692925 0.569770 0.323153 0.332499
7 0.477706 0.561045 0.718475 0.481117 0.300550
7 0.407984 0.492301 0.564162 0.432294 0.294774
7 0.455138 0.490974 0.337111 0.271165 0.294085
7 0.034794 0.532061 0.064026 0.043960 0.280935
2 0.100026 0.535083 0.068089 0.041040 0.277656
7 0.601568 0.771722 0.712631 0.456556 0.275852
5 0.373230 0.495206 0.523295 0.404372 0.265719
7 0.366248 0.467971 0.521506 0.286395 0.262161
7 0.329779 0.661358 0.254236 0.216264 0.258331
2 0.456023 0.645491 0.479423 0.283983 0.256540
