2 0.603710 0.766304 0.715364 0.467392 0.805457
2 0.329713 0.661805 0.253787 0.215426 0.665351
2 0.123016 0.535874 0.109238 0.043317 0.554488
7 0.672056 0.559733 0.223102 0.119494 0.390935
2 0.668917 0.558055 0.224352 0.127611 0.386287
2 0.585383 0.687183 0.577723 0.316884 0.369294
2 0.143048 0.539902 0.067650 0.036600 0.368067
2 0.035803 0.534876 0.064573 0.039168 0.361680
7 0.381812 0.551250 0.415268 0.369707 0.347985
2 0.100667 0.534974 0.070910 0.041044 0.299788
7 0.478485 0.562391 0.721867 0.479378 0.299646
7 0.461335 0.489908 0.328454 0.269754 0.285797
7 0.396787 0.491948 0.561699 0.435610 0.278159
7 0.603710 0.766304 0.715364 0.467392 0.272169
2 0.468785 0.644080 0.488814 0.283330 0.270741
7 0.329713 0.661805 0.253787 0.215426 0.266329
5 0.367584 0.491386 0.523162 0.404082 0.265254
9 0.962584 0.331784 0.070706 0.158158 0.263242
7 0.035486 0.533642 0.064483 0.041139 0.259906
7 0.364138 0.463102 0.520680 0.292422 0.257170
15 0.202735 0.231880 0.164138 0.065781 0.256092
9 0.962645 0.380300 0.074710 0.275295 0.250221
