2 0.604830 0.769835 0.714076 0.460331 0.809895
2 0.329347 0.661566 0.252945 0.215845 0.660545
2 0.122499 0.536045 0.108309 0.043140 0.524595
2 0.668934 0.557942 0.224060 0.127159 0.393651
7 0.672072 0.558500 0.224093 0.117341 0.383125
2 0.580446 0.689254 0.574477 0.317412 0.356532
7 0.386905 0.552042 0.421181 0.374422 0.355708
2 0.142884 0.539936 0.066734 0.036670 0.354749
2 0.035803 0.534325 0.065069 0.040125 0.342640
7 0.475826 0.556386 0.701150 0.472899 0.322491
7 0.416025 0.466808 0.669198 0.373666 0.294119
7 0.459650 0.490404 0.330480 0.272276 0.292181
5 0.375178 0.495203 0.523308 0.407056 0.286898
2 0.099861 0.535090 0.069201 0.041003 0.283864
2 0.456122 0.643040 0.479169 0.281870 0.276339
7 0.604830 0.769835 0.714076 0.460331 0.264760
7 0.035084 0.533014 0.064421 0.042675 0.252142
15 0.202174 0.231952 0.164391 0.065675 0.251068
