2 0.602849 0.770405 0.715090 0.459191 0.803984
2 0.328461 0.661530 0.253568 0.216432 0.665540
2 0.122565 0.536636 0.106358 0.042817 0.489317
2 0.669546 0.558355 0.224392 0.127158 0.400051
7 0.671706 0.559192 0.225722 0.117656 0.378006
2 0.143151 0.540357 0.064813 0.036501 0.365504
2 0.036647 0.534989 0.063468 0.039007 0.347605
7 0.391397 0.496713 0.461175 0.348598 0.346993
2 0.578104 0.692609 0.577492 0.323115 0.336096
7 0.480333 0.562725 0.696235 0.476627 0.318479
7 0.461038 0.490317 0.329256 0.273168 0.294466
2 0.095388 0.536546 0.055359 0.039651 0.279687
7 0.417073 0.463618 0.663251 0.369509 0.278300
7 0.602849 0.770405 0.715090 0.459191 0.276310
2 0.453746 0.645036 0.478119 0.283460 0.271856
5 0.374683 0.494101 0.516296 0.408211 0.261311
7 0.386629 0.580660 0.372562 0.390559 0.260741
