2 0.603014 0.770914 0.713266 0.458172 0.797179
2 0.123761 0.535823 0.113212 0.042361 0.609676
2 0.329161 0.661410 0.252852 0.214934 0.590484
2 0.668501 0.557953 0.224021 0.127609 0.415575
2 0.037013 0.534554 0.065919 0.039918 0.376794
7 0.673624 0.558733 0.227969 0.116766 0.367057
2 0.579170 0.689482 0.585100 0.313566 0.351426
5 0.366580 0.491248 0.518688 0.410324 0.330534
7 0.381885 0.556618 0.423523 0.371685 0.322153
9 0.962054 0.381574 0.075892 0.280055 0.304764
2 0.452772 0.644129 0.481220 0.278646 0.286890
7 0.036319 0.533440 0.066011 0.040242 0.283807
7 0.405013 0.525197 0.603899 0.439208 0.281731
7 0.329161 0.661410 0.252852 0.214934 0.265676
5 0.381885 0.556618 0.423523 0.371685 0.261353
2 0.629213 0.693983 0.502026 0.209785 0.260548
7 0.600911 0.768901 0.717261 0.450927 0.258543
9 0.962575 0.334473 0.071395 0.166537 0.256343
15 0.202300 0.231789 0.164683 0.065277 0.256116
7 0.125671 0.535987 0.111156 0.042386 0.252781
