2 0.601299 0.770527 0.717508 0.458946 0.783083
2 0.121919 0.535891 0.113712 0.041990 0.608177
2 0.328823 0.661415 0.252427 0.214961 0.585759
2 0.668962 0.557884 0.223657 0.127441 0.402196
7 0.672484 0.558228 0.228044 0.116037 0.376599
2 0.036410 0.534864 0.064448 0.038677 0.365395
2 0.580504 0.692096 0.584692 0.318791 0.346485
5 0.358330 0.489410 0.537346 0.409437 0.332545
9 0.962147 0.380732 0.075706 0.278631 0.324510
7 0.378020 0.553388 0.432036 0.370714 0.304356
7 0.358330 0.489410 0.537346 0.409437 0.291345
9 0.962355 0.332842 0.071476 0.165011 0.284209
7 0.473259 0.555220 0.717108 0.482952 0.276196
7 0.328823 0.661415 0.252427 0.214961 0.274561
2 0.096973 0.535457 0.057984 0.039147 0.273997
2 0.458363 0.646511 0.490094 0.280162 0.272768
2 0.626811 0.702080 0.496009 0.224817 0.270528
7 0.035641 0.533773 0.064487 0.039166 0.269066
7 0.121919 0.535891 0.113712 0.041990 0.264123
7 0.601299 0.770527 0.717508 0.458946 0.258752
5 0.378020 0.553388 0.432036 0.370714 0.250139
