2 0.602806 0.770579 0.716249 0.458843 0.810757
2 0.329131 0.661508 0.254830 0.216607 0.683017
2 0.123910 0.536977 0.102333 0.042207 0.481676
2 0.669293 0.558294 0.224374 0.127299 0.415873
7 0.672415 0.559407 0.226567 0.118701 0.384456
2 0.142789 0.540277 0.065019 0.036813 0.375869
2 0.582430 0.689090 0.565477 0.315185 0.369414
7 0.392279 0.494967 0.457655 0.343704 0.355530
2 0.036199 0.534415 0.064200 0.040380 0.352767
7 0.486925 0.557491 0.715610 0.475784 0.305885
7 0.430853 0.460208 0.675036 0.368191 0.290355
2 0.458938 0.644698 0.478497 0.280918 0.288312
7 0.458647 0.490271 0.329479 0.275463 0.284032
7 0.602806 0.770579 0.716249 0.458843 0.273424
5 0.416517 0.492806 0.559366 0.430045 0.269500
2 0.095498 0.537099 0.053596 0.038404 0.266821
7 0.035147 0.532977 0.064460 0.043765 0.264810
2 0.634457 0.689941 0.492459 0.204538 0.263974
7 0.384239 0.576873 0.370516 0.387404 0.251184
