2 0.601343 0.767662 0.719381 0.464677 0.786716
2 0.327779 0.661925 0.247094 0.214880 0.629182
2 0.123309 0.535848 0.108938 0.043157 0.568039
7 0.672806 0.560365 0.226818 0.118699 0.412452
2 0.585054 0.685746 0.574933 0.315000 0.378190
2 0.142786 0.539736 0.068075 0.036780 0.375069
2 0.668911 0.557952 0.224071 0.127964 0.374973
2 0.035984 0.535172 0.064169 0.038510 0.366200
7 0.382550 0.547724 0.425886 0.354272 0.306078
7 0.478353 0.563464 0.733736 0.479919 0.305937
2 0.101386 0.534991 0.071935 0.040539 0.298156
7 0.601343 0.767662 0.719381 0.464677 0.297193
7 0.327779 0.661925 0.247094 0.214880 0.281987
9 0.962768 0.382201 0.074464 0.277420 0.277345
2 0.474229 0.647005 0.496525 0.280607 0.276121
7 0.035693 0.533967 0.064110 0.040185 0.268732
7 0.401819 0.463008 0.665858 0.360697 0.267995
5 0.369643 0.490317 0.537175 0.395578 0.265539
7 0.123309 0.535848 0.108938 0.043157 0.259509
15 0.202878 0.231941 0.163650 0.065779 0.257207
2 0.625547 0.691293 0.488873 0.221100 0.256686
9 0.962825 0.332420 0.070590 0.158080 0.255873
