2 0.603287 0.768641 0.718059 0.462718 0.797912
2 0.329010 0.661987 0.251888 0.215661 0.665883
2 0.122958 0.535807 0.109453 0.043379 0.559567
7 0.672906 0.559472 0.223505 0.117578 0.392755
2 0.669118 0.558001 0.223644 0.126996 0.385826
2 0.036262 0.535316 0.064112 0.038313 0.366104
2 0.142407 0.539842 0.068844 0.036610 0.365681
2 0.581383 0.692122 0.584279 0.324615 0.343034
7 0.378763 0.553004 0.414889 0.364953 0.325909
2 0.096260 0.535452 0.058580 0.040178 0.295124
7 0.461004 0.489766 0.327370 0.272046 0.294535
7 0.478462 0.562610 0.723515 0.480839 0.290329
9 0.962483 0.331095 0.070821 0.155961 0.284239
7 0.400198 0.460422 0.663238 0.369477 0.274595
9 0.962748 0.381951 0.074503 0.275969 0.266471
7 0.329010 0.661987 0.251888 0.215661 0.266426
5 0.364512 0.491126 0.529720 0.404018 0.266119
7 0.603287 0.768641 0.718059 0.462718 0.263614
2 0.464267 0.645598 0.489394 0.283170 0.257419
