2 0.602539 0.766422 0.722250 0.467156 0.777394
2 0.328185 0.661829 0.249087 0.214967 0.640460
2 0.123052 0.535720 0.109680 0.043277 0.564024
7 0.672552 0.559926 0.224889 0.119435 0.394053
2 0.668966 0.557752 0.223027 0.127469 0.370992
2 0.036018 0.534756 0.064178 0.039062 0.367938
2 0.142238 0.539671 0.069246 0.036792 0.365421
2 0.584919 0.685373 0.578642 0.319227 0.349191
7 0.382271 0.550878 0.424181 0.363537 0.334135
7 0.476718 0.565902 0.719762 0.486619 0.324623
2 0.101447 0.534888 0.072272 0.040832 0.299497
7 0.602539 0.766422 0.722250 0.467156 0.292962
5 0.367219 0.492730 0.531780 0.402163 0.284996
7 0.397014 0.464906 0.656408 0.370774 0.284990
7 0.328185 0.661829 0.249087 0.214967 0.282096
9 0.962590 0.381753 0.074820 0.279140 0.268026
9 0.962649 0.331674 0.070857 0.159242 0.266403
2 0.466432 0.643495 0.488273 0.282980 0.258915
7 0.035633 0.533432 0.064194 0.041004 0.255455
15 0.202200 0.231952 0.165064 0.065227 0.254722
7 0.123052 0.535720 0.109680 0.043277 0.253814
