2 0.604135 0.767803 0.717064 0.464395 0.797826
2 0.327817 0.661783 0.248518 0.215324 0.643286
2 0.123321 0.535854 0.109132 0.043104 0.560209
7 0.674442 0.560200 0.225901 0.120724 0.420306
2 0.669506 0.558165 0.224029 0.128334 0.384562
2 0.142759 0.539861 0.068176 0.036611 0.369026
2 0.035714 0.534810 0.064733 0.039201 0.367081
2 0.585784 0.686273 0.581619 0.318142 0.361578
7 0.382244 0.553018 0.418810 0.361638 0.317806
7 0.478828 0.560559 0.728658 0.481634 0.305530
5 0.369515 0.489104 0.531003 0.399139 0.295547
2 0.101304 0.534960 0.071691 0.040616 0.291946
9 0.962769 0.382231 0.074461 0.281181 0.280594
7 0.604135 0.767803 0.717064 0.464395 0.277794
2 0.466034 0.644369 0.489049 0.279436 0.271830
7 0.035625 0.533587 0.064341 0.041297 0.271803
7 0.403983 0.460447 0.662308 0.365026 0.270831
9 0.962765 0.332808 0.070778 0.162947 0.266914
7 0.123321 0.535854 0.109132 0.043104 0.263655
15 0.202284 0.231593 0.164570 0.065667 0.257082
7 0.327817 0.661783 0.248518 0.215324 0.254043
5 0.382244 0.553018 0.418810 0.361638 0.252259
