2 0.603144 0.772285 0.715031 0.455430 0.810404
2 0.329300 0.661809 0.253660 0.216768 0.676808
2 0.123505 0.536883 0.103982 0.042478 0.480347
2 0.670018 0.558692 0.225240 0.127474 0.412490
7 0.672875 0.560111 0.229506 0.118813 0.380411
2 0.143104 0.540421 0.064741 0.036484 0.373208
2 0.036350 0.534355 0.064058 0.040391 0.350120
2 0.577562 0.692093 0.568514 0.318302 0.338974
7 0.391068 0.496400 0.455408 0.351600 0.327660
7 0.460273 0.489856 0.327693 0.272900 0.278890
9 0.963074 0.383536 0.073853 0.273397 0.278556
7 0.482775 0.554356 0.722676 0.477582 0.278200
7 0.427705 0.461171 0.687145 0.368358 0.275853
2 0.095578 0.536859 0.053650 0.039017 0.265990
2 0.455879 0.646694 0.479992 0.281751 0.264658
7 0.603144 0.772285 0.715031 0.455430 0.262144
7 0.035013 0.532779 0.064251 0.043851 0.257850
9 0.962503 0.336192 0.070345 0.165539 0.256482
15 0.202287 0.231870 0.163905 0.065770 0.255236
5 0.417320 0.494269 0.566296 0.432490 0.251331
