2 0.599653 0.770841 0.717170 0.458319 0.806504
2 0.331421 0.660436 0.258501 0.215711 0.602669
2 0.123441 0.535874 0.109610 0.042669 0.545483
2 0.668138 0.558228 0.224743 0.127508 0.406277
7 0.671438 0.559047 0.228308 0.117523 0.379765
2 0.143499 0.540010 0.066924 0.035581 0.372248
2 0.579324 0.692673 0.588224 0.322493 0.357399
2 0.036179 0.535361 0.062150 0.038031 0.354141
5 0.359783 0.480746 0.542653 0.392509 0.339006
9 0.962244 0.382440 0.075512 0.282581 0.317349
2 0.096642 0.535756 0.059420 0.039165 0.290202
2 0.455941 0.648938 0.482518 0.276615 0.286485
7 0.123441 0.535874 0.109610 0.042669 0.284030
7 0.035240 0.533987 0.062742 0.039476 0.283684
9 0.962504 0.333812 0.071391 0.166007 0.274099
5 0.372904 0.559137 0.407924 0.339399 0.269159
7 0.372904 0.559137 0.407924 0.339399 0.264247
2 0.619459 0.695202 0.487216 0.209019 0.259930
7 0.331290 0.660064 0.256565 0.206895 0.254640
7 0.388083 0.475074 0.474553 0.326652 0.252911
