2 0.602683 0.768787 0.714905 0.462425 0.815536
2 0.330121 0.661303 0.253758 0.215833 0.652124
2 0.122945 0.535739 0.108904 0.043409 0.557044
2 0.669537 0.558149 0.222921 0.127233 0.407515
7 0.673699 0.560357 0.220031 0.119338 0.384011
2 0.036242 0.534534 0.064248 0.039718 0.371757
2 0.142770 0.539803 0.067768 0.036509 0.361799
7 0.381830 0.551218 0.421909 0.368714 0.343955
2 0.581679 0.693584 0.577091 0.322750 0.338547
7 0.463941 0.490158 0.316912 0.269904 0.305520
7 0.479351 0.563152 0.733514 0.488635 0.304876
2 0.100529 0.534854 0.070295 0.040854 0.301036
7 0.402663 0.489742 0.570513 0.438499 0.287924
5 0.368282 0.492352 0.527199 0.405886 0.272098
7 0.330121 0.661303 0.253758 0.215833 0.271073
7 0.602683 0.768787 0.714905 0.462425 0.270896
7 0.035612 0.533359 0.064520 0.041763 0.261196
7 0.365417 0.465392 0.521220 0.288677 0.254840
2 0.462434 0.646689 0.484152 0.280909 0.254479
