2 0.599783 0.770041 0.719797 0.459918 0.798865
2 0.331188 0.660706 0.257135 0.215337 0.580580
2 0.123485 0.535761 0.109505 0.042850 0.556241
2 0.668397 0.558214 0.224741 0.127225 0.403859
7 0.671940 0.559050 0.229026 0.118320 0.375606
2 0.143038 0.539880 0.067813 0.035847 0.370507
2 0.580375 0.691704 0.586248 0.320551 0.355542
2 0.036439 0.535380 0.061921 0.037949 0.352818
5 0.356296 0.487670 0.545196 0.402280 0.338564
9 0.962198 0.382394 0.075605 0.282188 0.307355
7 0.372567 0.554324 0.427174 0.358450 0.306998
2 0.096729 0.535676 0.059262 0.039405 0.296147
7 0.383851 0.477685 0.484769 0.342417 0.293545
2 0.452782 0.646708 0.481242 0.280117 0.277146
7 0.123485 0.535761 0.109505 0.042850 0.276957
7 0.035207 0.534035 0.062698 0.039548 0.272667
7 0.467281 0.558299 0.723853 0.486523 0.268052
9 0.962625 0.334182 0.071275 0.164444 0.265857
2 0.626366 0.691737 0.488034 0.200305 0.262090
5 0.372567 0.554324 0.427174 0.358450 0.260413
15 0.202635 0.231974 0.163827 0.065352 0.259259
7 0.330752 0.659699 0.255309 0.207402 0.258904
