2 0.601505 0.767968 0.717221 0.464065 0.809039
2 0.328241 0.661208 0.247770 0.215268 0.612264
2 0.123505 0.535785 0.109043 0.043163 0.559583
7 0.669866 0.560164 0.223935 0.120546 0.407453
2 0.667938 0.558346 0.224298 0.127913 0.396180
2 0.143063 0.539969 0.067463 0.036133 0.371921
2 0.035846 0.534936 0.063807 0.038535 0.371446
2 0.582017 0.687228 0.584583 0.319155 0.360916
7 0.383637 0.481464 0.478729 0.342354 0.320727
2 0.100765 0.535003 0.070133 0.040703 0.315419
7 0.479661 0.558967 0.748852 0.483436 0.295245
9 0.962755 0.330449 0.071164 0.159356 0.287151
9 0.962476 0.380368 0.075048 0.280352 0.287104
5 0.362340 0.487849 0.542757 0.403493 0.285337
7 0.328241 0.661208 0.247770 0.215268 0.276488
7 0.601505 0.767968 0.717221 0.464065 0.275637
7 0.035583 0.533573 0.063541 0.040536 0.275580
2 0.465684 0.648498 0.489726 0.280011 0.274828
2 0.623648 0.687661 0.493140 0.204408 0.262769
15 0.202612 0.231784 0.163506 0.065442 0.259447
7 0.123505 0.535785 0.109043 0.043163 0.254085
