2 0.603531 0.769768 0.714931 0.460463 0.812041
2 0.329898 0.661087 0.255344 0.217783 0.676216
2 0.122833 0.536524 0.106574 0.042889 0.506797
7 0.671985 0.559087 0.226352 0.118564 0.391569
2 0.669728 0.558213 0.224601 0.127605 0.387701
2 0.142625 0.540167 0.066437 0.036711 0.363933
2 0.579412 0.691111 0.572093 0.318840 0.359909
7 0.386799 0.556060 0.410389 0.362676 0.355355
2 0.035920 0.534053 0.064719 0.040555 0.343116
7 0.481853 0.561645 0.705590 0.472123 0.318156
7 0.603531 0.769768 0.714931 0.460463 0.301017
7 0.459676 0.491141 0.333312 0.272484 0.299142
7 0.412056 0.492241 0.556447 0.431401 0.290331
2 0.452628 0.645249 0.474127 0.281333 0.287948
2 0.095631 0.536258 0.054836 0.039473 0.276987
7 0.034914 0.532629 0.064299 0.043522 0.259785
5 0.378248 0.492993 0.517391 0.402679 0.259614
