2 0.600606 0.770207 0.722039 0.459587 0.797706
2 0.330410 0.660812 0.255198 0.215374 0.603957
2 0.123006 0.535800 0.111387 0.042196 0.566904
2 0.668437 0.558062 0.223142 0.127464 0.390229
7 0.670734 0.558259 0.230024 0.116910 0.384245
2 0.580820 0.686952 0.578928 0.309511 0.377604
2 0.141139 0.539412 0.072202 0.036454 0.357211
2 0.036419 0.535287 0.062727 0.037826 0.343522
5 0.358364 0.483225 0.538021 0.401464 0.314391
9 0.961884 0.383209 0.076232 0.282817 0.311386
7 0.375934 0.561582 0.416122 0.344150 0.301022
2 0.629953 0.693908 0.494383 0.205027 0.298505
2 0.457047 0.646595 0.478799 0.273224 0.297274
7 0.386564 0.477681 0.481469 0.340597 0.291063
2 0.101390 0.535261 0.070388 0.040194 0.287975
7 0.123006 0.535800 0.111387 0.042196 0.286979
7 0.035248 0.534095 0.063109 0.038696 0.281234
7 0.600606 0.770207 0.722039 0.459587 0.277998
9 0.962422 0.334194 0.071091 0.164721 0.266527
7 0.330410 0.660812 0.255198 0.215374 0.264306
7 0.395072 0.524108 0.638049 0.429705 0.260620
