2 0.603286 0.772288 0.713599 0.455424 0.814542
2 0.329093 0.661779 0.254270 0.216891 0.678620
2 0.122924 0.536115 0.106791 0.042948 0.513878
2 0.669403 0.558354 0.224183 0.127296 0.413215
7 0.672507 0.559378 0.226098 0.118763 0.383271
2 0.142708 0.540037 0.066331 0.036643 0.356933
2 0.578388 0.691423 0.571067 0.318454 0.352013
2 0.035202 0.533752 0.066135 0.041277 0.347417
7 0.389155 0.495512 0.460521 0.341978 0.323124
7 0.483602 0.558782 0.732924 0.476049 0.290049
7 0.460680 0.490328 0.324383 0.274857 0.290006
7 0.420669 0.459143 0.689013 0.364021 0.281122
9 0.963429 0.352546 0.070617 0.188091 0.276362
2 0.457405 0.646379 0.483324 0.280651 0.273819
7 0.035014 0.532555 0.064904 0.043678 0.272362
2 0.099983 0.535188 0.067859 0.041003 0.262276
7 0.603286 0.772288 0.713599 0.455424 0.261842
5 0.375458 0.487682 0.532378 0.398179 0.253184
