2 0.601724 0.770010 0.715601 0.459980 0.792175
2 0.330507 0.661111 0.254731 0.214801 0.586021
2 0.123920 0.535895 0.109515 0.042701 0.544537
2 0.668400 0.558000 0.223416 0.127948 0.408291
7 0.671896 0.558516 0.224962 0.116915 0.376832
2 0.143192 0.539842 0.068047 0.035783 0.376399
2 0.579047 0.690569 0.583267 0.316910 0.369822
2 0.035976 0.535368 0.062325 0.038100 0.340730
5 0.357746 0.483021 0.541653 0.408546 0.338751
9 0.962152 0.381691 0.075696 0.281638 0.325713
9 0.962294 0.332705 0.071679 0.166068 0.298314
2 0.458532 0.647234 0.485049 0.278238 0.291971
2 0.100739 0.535296 0.070846 0.040338 0.289154
2 0.618330 0.699079 0.484809 0.220626 0.285098
7 0.123920 0.535895 0.109515 0.042701 0.284657
7 0.372807 0.559732 0.416901 0.358195 0.283957
7 0.035029 0.534049 0.062720 0.039472 0.283497
7 0.383839 0.476591 0.483275 0.354119 0.273070
7 0.330507 0.661111 0.254731 0.214801 0.260911
