2 0.602165 0.771164 0.717774 0.457671 0.805250
2 0.331171 0.660648 0.256578 0.215034 0.590661
2 0.123485 0.535963 0.109719 0.042597 0.553060
2 0.668168 0.558188 0.224555 0.127273 0.384416
7 0.671379 0.558364 0.229417 0.117288 0.383216
2 0.578912 0.691063 0.586681 0.317749 0.373264
2 0.143102 0.539891 0.067957 0.035829 0.372790
2 0.036221 0.535819 0.062658 0.037321 0.352148
5 0.358791 0.486269 0.545146 0.397826 0.318239
9 0.962102 0.381629 0.075796 0.281429 0.309628
2 0.096530 0.535753 0.059027 0.039274 0.298850
7 0.388615 0.476041 0.481010 0.338416 0.297712
7 0.376649 0.556260 0.423280 0.356050 0.293913
2 0.624368 0.696087 0.493692 0.213295 0.284763
2 0.458321 0.647153 0.483406 0.277151 0.279002
7 0.468464 0.561054 0.714689 0.480206 0.275408
7 0.035405 0.534525 0.063423 0.038465 0.267387
7 0.123485 0.535963 0.109719 0.042597 0.265823
9 0.962730 0.333481 0.071457 0.165937 0.263203
7 0.602165 0.771164 0.717774 0.457671 0.257678
5 0.376649 0.556260 0.423280 0.356050 0.252799
7 0.330519 0.659889 0.255377 0.206366 0.250322
