2 0.601877 0.770142 0.720500 0.459716 0.798574
2 0.329425 0.660860 0.252103 0.214892 0.593889
2 0.122552 0.535610 0.112546 0.042032 0.568299
2 0.667852 0.557534 0.222146 0.127422 0.390930
7 0.670517 0.557680 0.224247 0.116630 0.372039
2 0.578250 0.688716 0.580701 0.311552 0.370419
2 0.036028 0.535017 0.063534 0.038438 0.340096
2 0.140009 0.539099 0.074191 0.036573 0.327828
9 0.962329 0.380942 0.075343 0.281274 0.322114
7 0.383788 0.476417 0.490023 0.349464 0.313950
5 0.355579 0.483742 0.554099 0.407079 0.305455
7 0.373220 0.558747 0.428523 0.359102 0.301413
2 0.624114 0.695999 0.487381 0.213805 0.298948
7 0.122552 0.535610 0.112546 0.042032 0.292093
7 0.035022 0.533889 0.063048 0.039506 0.285138
2 0.457299 0.647763 0.481475 0.274222 0.285032
2 0.097201 0.535502 0.059182 0.039476 0.281071
9 0.962568 0.334747 0.071461 0.171252 0.278402
7 0.388657 0.518707 0.647835 0.440878 0.275477
7 0.329425 0.660860 0.252103 0.214892 0.268523
15 0.202516 0.231559 0.163838 0.065098 0.250103
