2 0.603783 0.770004 0.719684 0.459993 0.807214
2 0.330704 0.662269 0.254628 0.215190 0.657017
2 0.123000 0.535833 0.108176 0.043506 0.563287
2 0.669227 0.558120 0.223953 0.127522 0.397138
7 0.672284 0.559598 0.222033 0.118766 0.388099
2 0.142078 0.539777 0.068492 0.036680 0.364979
2 0.036091 0.534331 0.064000 0.039732 0.363868
7 0.385000 0.547946 0.422895 0.374690 0.352480
2 0.580374 0.688516 0.570948 0.313956 0.337679
7 0.459774 0.490015 0.327222 0.269221 0.326922
7 0.479868 0.559636 0.726885 0.486733 0.324506
2 0.100010 0.534922 0.069022 0.040983 0.306076
7 0.603783 0.770004 0.719684 0.459993 0.293430
7 0.417703 0.465125 0.672755 0.372835 0.290820
7 0.330704 0.662269 0.254628 0.215190 0.274518
7 0.368321 0.467234 0.516463 0.290824 0.258058
9 0.962503 0.331464 0.070654 0.156283 0.255738
7 0.035412 0.532841 0.064120 0.042353 0.254386
