2 0.602167 0.768348 0.720059 0.463304 0.803958
2 0.330949 0.661304 0.254384 0.215683 0.624295
2 0.123422 0.535844 0.108963 0.043012 0.550528
7 0.671791 0.559659 0.229972 0.118245 0.411266
2 0.668336 0.558511 0.225972 0.127307 0.383095
2 0.144517 0.540165 0.064977 0.035497 0.375547
2 0.580292 0.688902 0.585766 0.322034 0.360802
2 0.036274 0.535543 0.063370 0.037558 0.356864
2 0.096518 0.535556 0.058897 0.039553 0.311025
5 0.358891 0.477972 0.561625 0.393538 0.305694
9 0.962311 0.380893 0.075379 0.279372 0.301539
2 0.462120 0.650369 0.487151 0.278407 0.282677
9 0.962633 0.332707 0.070847 0.160515 0.280353
7 0.381452 0.473297 0.491862 0.331485 0.270505
7 0.330949 0.661304 0.254384 0.215683 0.261768
7 0.035637 0.534180 0.063701 0.039178 0.261614
15 0.202643 0.231801 0.163707 0.065345 0.260095
7 0.368985 0.554876 0.428276 0.336994 0.258273
2 0.623342 0.690973 0.497546 0.202954 0.257740
7 0.602167 0.768348 0.720059 0.463304 0.257347
7 0.123422 0.535844 0.108963 0.043012 0.257131
