2 0.601179 0.771244 0.722730 0.457512 0.792181
2 0.331025 0.660837 0.257065 0.214927 0.589486
2 0.127836 0.536322 0.111133 0.041341 0.550920
2 0.668273 0.557989 0.223297 0.128081 0.400031
7 0.672618 0.558912 0.228446 0.118097 0.388319
2 0.037893 0.534705 0.066955 0.039231 0.376517
2 0.579530 0.684819 0.576515 0.302862 0.371320
5 0.365344 0.490256 0.530323 0.411503 0.352742
7 0.380344 0.558187 0.427316 0.368171 0.325021
9 0.961804 0.382275 0.076392 0.281599 0.318303
2 0.451743 0.643744 0.477197 0.274258 0.294219
7 0.402783 0.519225 0.620509 0.438775 0.288076
2 0.631985 0.693965 0.498785 0.207867 0.286652
7 0.037240 0.533690 0.067258 0.039180 0.280377
5 0.380344 0.558187 0.427316 0.368171 0.278277
9 0.962223 0.333407 0.071535 0.166376 0.277991
7 0.331025 0.660837 0.257065 0.214927 0.269504
7 0.601552 0.769966 0.723074 0.452716 0.266632
