2 0.602420 0.768087 0.716463 0.463826 0.790437
2 0.122477 0.535748 0.114999 0.042526 0.598932
2 0.330947 0.661217 0.256548 0.214915 0.588552
2 0.668828 0.557887 0.224093 0.127822 0.402005
7 0.671528 0.558152 0.226933 0.117096 0.387177
2 0.581200 0.688971 0.580537 0.316385 0.369288
2 0.036449 0.534680 0.065051 0.039352 0.357887
7 0.381381 0.556190 0.425348 0.373913 0.329106
5 0.365252 0.489915 0.528879 0.410602 0.324325
7 0.402276 0.524588 0.603486 0.445135 0.301657
2 0.453905 0.643372 0.479915 0.282153 0.296535
9 0.962159 0.381019 0.075682 0.280300 0.293020
2 0.627103 0.692783 0.494668 0.207052 0.282120
7 0.035777 0.533692 0.064948 0.039965 0.273597
7 0.330947 0.661217 0.256548 0.214915 0.267332
9 0.962679 0.333065 0.071199 0.165434 0.266916
7 0.515036 0.587742 0.710596 0.534006 0.265490
7 0.364444 0.453240 0.523918 0.299932 0.263577
2 0.096929 0.535426 0.058241 0.039753 0.260213
7 0.601228 0.766172 0.721045 0.459067 0.260045
5 0.381381 0.556190 0.425348 0.373913 0.257182
15 0.202495 0.231775 0.163977 0.065469 0.256363
