2 0.603001 0.770393 0.716007 0.459214 0.817436
2 0.329956 0.661579 0.255012 0.216388 0.670224
2 0.122790 0.536143 0.107193 0.043222 0.517047
2 0.669544 0.558590 0.225679 0.127094 0.401603
7 0.672448 0.559378 0.227505 0.117990 0.385093
2 0.143479 0.540150 0.064957 0.036425 0.363088
2 0.036027 0.534418 0.064264 0.039823 0.352720
2 0.580800 0.689363 0.566431 0.317064 0.344114
7 0.385164 0.555196 0.419843 0.370332 0.336640
7 0.482784 0.558586 0.718350 0.479708 0.313354
7 0.461544 0.491050 0.326216 0.272405 0.294183
7 0.603001 0.770393 0.716007 0.459214 0.293861
7 0.420170 0.462763 0.685161 0.369526 0.289303
2 0.099582 0.535200 0.067277 0.041206 0.274149
2 0.455592 0.645262 0.478504 0.283693 0.265688
15 0.202592 0.231815 0.163808 0.065511 0.261744
9 0.963624 0.352963 0.070368 0.187148 0.257937
7 0.035081 0.532916 0.064218 0.042775 0.256079
5 0.375550 0.491497 0.528973 0.404717 0.253331
7 0.329956 0.661579 0.255012 0.216388 0.252617
