2 0.602824 0.769968 0.719042 0.460064 0.796204
2 0.330220 0.661865 0.253635 0.216143 0.644468
2 0.122814 0.535811 0.107551 0.043599 0.550827
2 0.668980 0.558299 0.225314 0.127687 0.418289
7 0.671996 0.559614 0.224678 0.117866 0.386926
7 0.384328 0.550597 0.424293 0.377193 0.366389
2 0.142172 0.539725 0.067544 0.036925 0.361461
2 0.035809 0.533886 0.064645 0.040801 0.360113
7 0.480542 0.562405 0.714338 0.482204 0.334183
2 0.578436 0.689171 0.578945 0.317603 0.317029
7 0.458391 0.489944 0.331609 0.269223 0.311329
7 0.416060 0.465713 0.679126 0.376553 0.303096
2 0.099957 0.534864 0.068556 0.041097 0.298909
7 0.602824 0.769968 0.719042 0.460064 0.290558
7 0.510477 0.667129 0.659385 0.467499 0.262516
7 0.330220 0.661865 0.253635 0.216143 0.260429
7 0.365157 0.468958 0.520672 0.293753 0.256128
7 0.035084 0.532577 0.064293 0.043187 0.255533
9 0.962573 0.332176 0.070168 0.158852 0.251727
15 0.202363 0.232004 0.164604 0.065585 0.250591
