2 0.603797 0.770010 0.714844 0.459980 0.817925
2 0.330222 0.661835 0.255781 0.216381 0.665205
2 0.122441 0.535902 0.108526 0.043171 0.512293
2 0.668939 0.558492 0.225466 0.127363 0.425765
7 0.672681 0.559900 0.226227 0.119134 0.391020
7 0.382628 0.555316 0.416543 0.368782 0.361704
2 0.144230 0.540210 0.064038 0.035793 0.356711
2 0.582564 0.689336 0.566292 0.317482 0.348835
2 0.035978 0.534741 0.064316 0.039377 0.338720
7 0.481074 0.563113 0.726847 0.481346 0.316232
7 0.402088 0.492341 0.566854 0.431946 0.305226
7 0.463656 0.488590 0.318891 0.272899 0.304954
2 0.099902 0.535066 0.068708 0.041077 0.287522
7 0.603797 0.770010 0.714844 0.459980 0.285783
2 0.458185 0.644855 0.478537 0.284777 0.264449
5 0.370446 0.489575 0.526653 0.401662 0.261773
9 0.963455 0.351745 0.070495 0.185362 0.257269
15 0.202723 0.231863 0.164078 0.065225 0.256961
7 0.509711 0.666225 0.656400 0.472375 0.256904
7 0.364503 0.463759 0.523608 0.290084 0.256711
7 0.330222 0.661835 0.255781 0.216381 0.254468
