2 0.603991 0.768474 0.718539 0.463053 0.801606
2 0.330210 0.662085 0.254537 0.216278 0.651356
2 0.122861 0.535926 0.107791 0.043360 0.534436
2 0.669028 0.558272 0.224125 0.127625 0.396622
7 0.673307 0.559870 0.224213 0.118481 0.381084
2 0.143590 0.540041 0.065501 0.036222 0.364295
2 0.036405 0.534796 0.064068 0.039083 0.356163
7 0.385543 0.551044 0.418314 0.377309 0.350946
7 0.482913 0.561921 0.716255 0.484677 0.326563
2 0.580498 0.690257 0.577802 0.320871 0.322467
7 0.463747 0.490126 0.319169 0.271511 0.312636
2 0.099837 0.535008 0.068804 0.041175 0.300087
7 0.603991 0.768474 0.718539 0.463053 0.295092
7 0.421630 0.466084 0.679550 0.378503 0.282747
7 0.330210 0.662085 0.254537 0.216278 0.263724
15 0.202534 0.231869 0.164608 0.065531 0.254601
7 0.514055 0.668292 0.658355 0.468752 0.254159
5 0.375675 0.498090 0.523592 0.413933 0.250319
