2 0.603278 0.768190 0.716709 0.463621 0.808596
2 0.325292 0.661433 0.243040 0.216078 0.650741
2 0.123365 0.535761 0.109403 0.043193 0.553151
7 0.673511 0.560011 0.225078 0.120719 0.393648
2 0.669322 0.558324 0.223547 0.127937 0.388973
2 0.585516 0.689477 0.583687 0.322433 0.372977
2 0.142782 0.539837 0.068571 0.036340 0.366427
2 0.036075 0.534911 0.064243 0.038876 0.363729
5 0.363707 0.486518 0.545939 0.400603 0.313311
7 0.383794 0.483296 0.485139 0.341045 0.312995
2 0.100958 0.534962 0.070999 0.040681 0.298905
9 0.962842 0.380582 0.074316 0.279727 0.285869
7 0.475179 0.557407 0.740617 0.482203 0.285443
2 0.466784 0.646833 0.489189 0.281325 0.283549
9 0.962816 0.332564 0.071080 0.163672 0.272341
2 0.629761 0.689831 0.492156 0.208988 0.268607
7 0.325292 0.661433 0.243040 0.216078 0.266464
5 0.378306 0.549257 0.429636 0.358555 0.262181
7 0.035587 0.533661 0.064143 0.040614 0.259858
15 0.202196 0.231805 0.164700 0.065449 0.257673
7 0.123365 0.535761 0.109403 0.043193 0.257474
7 0.603278 0.768190 0.716709 0.463621 0.251306
