2 0.603108 0.769852 0.718229 0.460295 0.808806
2 0.329665 0.662256 0.254660 0.215809 0.670843
2 0.122699 0.535888 0.108886 0.043200 0.545343
7 0.671692 0.559628 0.224132 0.118825 0.403408
2 0.669064 0.558132 0.223868 0.127026 0.395035
2 0.142914 0.539782 0.067002 0.036342 0.365317
7 0.383755 0.550702 0.423128 0.371116 0.360445
2 0.036060 0.534633 0.064289 0.039411 0.353739
2 0.581135 0.689943 0.569603 0.317283 0.338874
7 0.477457 0.563039 0.713489 0.481594 0.331153
7 0.603108 0.769852 0.718229 0.460295 0.315818
7 0.461983 0.489460 0.323848 0.270844 0.307669
7 0.401182 0.492801 0.558088 0.433316 0.307261
2 0.099839 0.535031 0.069439 0.041008 0.300804
5 0.371723 0.494063 0.523292 0.405841 0.267201
7 0.367900 0.466844 0.519816 0.288869 0.263126
7 0.329665 0.662256 0.254660 0.215809 0.258156
