2 0.602598 0.768704 0.718341 0.462591 0.800582
2 0.330086 0.661189 0.254819 0.216029 0.619956
2 0.123527 0.535879 0.108752 0.042810 0.556763
2 0.668431 0.558500 0.225433 0.127431 0.411060
7 0.673412 0.559949 0.228957 0.118066 0.393758
2 0.143377 0.539963 0.067115 0.035838 0.373152
2 0.577524 0.691738 0.594876 0.325044 0.363742
2 0.036019 0.535238 0.063365 0.038303 0.362078
5 0.359735 0.479248 0.554084 0.390676 0.317093
9 0.962518 0.380159 0.074965 0.279632 0.310770
9 0.962407 0.331613 0.071381 0.162426 0.307670
2 0.096561 0.535555 0.058877 0.039441 0.298264
2 0.462931 0.649803 0.494394 0.277992 0.288675
7 0.035670 0.533824 0.063604 0.040295 0.278077
7 0.380902 0.476791 0.481828 0.328976 0.269727
7 0.123527 0.535879 0.108752 0.042810 0.266262
7 0.371999 0.554807 0.420982 0.335602 0.260492
