2 0.601912 0.769863 0.716292 0.460274 0.810129
2 0.330436 0.660404 0.254866 0.215474 0.630120
2 0.123510 0.535901 0.109111 0.042830 0.542430
7 0.670378 0.558539 0.230779 0.117618 0.390414
2 0.667948 0.558262 0.225613 0.127154 0.384705
2 0.144458 0.540127 0.065278 0.035396 0.374244
2 0.035938 0.535379 0.063232 0.037927 0.348677
2 0.580495 0.692381 0.585005 0.324183 0.347717
5 0.360073 0.486742 0.538775 0.394215 0.332489
9 0.962404 0.382671 0.075191 0.281689 0.305889
2 0.096427 0.535647 0.059187 0.039302 0.303067
9 0.962573 0.332778 0.071061 0.162496 0.282769
5 0.378111 0.553152 0.419472 0.352329 0.282405
7 0.389030 0.479958 0.474816 0.333142 0.274998
7 0.378111 0.553152 0.419472 0.352329 0.274142
7 0.035267 0.534094 0.063297 0.039227 0.272454
2 0.458016 0.647304 0.481250 0.281414 0.271686
7 0.123510 0.535901 0.109111 0.042830 0.269838
7 0.330436 0.660404 0.254866 0.215474 0.262972
7 0.601912 0.769863 0.716292 0.460274 0.261579
7 0.472935 0.565308 0.725622 0.480981 0.255812
15 0.202215 0.231811 0.165085 0.065807 0.255376
2 0.628762 0.694079 0.497847 0.202792 0.254599
