2 0.604129 0.771234 0.716196 0.457533 0.800889
2 0.329185 0.661721 0.253261 0.214377 0.657251
2 0.122302 0.535932 0.109388 0.043197 0.524838
7 0.672637 0.559068 0.224331 0.117746 0.406605
2 0.669385 0.558153 0.223535 0.127556 0.389394
7 0.388430 0.491073 0.470522 0.351741 0.357589
2 0.143090 0.539978 0.066425 0.036281 0.356936
2 0.579227 0.689212 0.574289 0.312991 0.337357
2 0.036223 0.535251 0.064664 0.038489 0.336414
7 0.474033 0.560972 0.705893 0.479870 0.323376
7 0.463202 0.489587 0.323055 0.271862 0.312076
2 0.100394 0.535082 0.069748 0.041518 0.288832
5 0.369572 0.494277 0.529196 0.405201 0.272449
7 0.385226 0.577269 0.371861 0.392266 0.265132
7 0.604129 0.771234 0.716196 0.457533 0.262578
7 0.329185 0.661721 0.253261 0.214377 0.255855
2 0.458046 0.644438 0.480973 0.278402 0.252665
