2 0.604021 0.768499 0.712942 0.463002 0.813279
2 0.330776 0.661215 0.255681 0.215531 0.661298
2 0.123352 0.535791 0.108362 0.043263 0.568566
2 0.668454 0.557618 0.224383 0.127024 0.395466
7 0.672281 0.559648 0.223984 0.118068 0.372945
2 0.142310 0.539761 0.068869 0.036844 0.369477
2 0.035901 0.534696 0.064468 0.039440 0.366172
2 0.581150 0.692536 0.582554 0.321803 0.339240
7 0.379667 0.558202 0.409327 0.357670 0.325031
2 0.101194 0.534955 0.071550 0.040798 0.285813
7 0.604021 0.768499 0.712942 0.463002 0.277932
7 0.035633 0.533478 0.064655 0.041399 0.277876
7 0.480104 0.564184 0.731403 0.478555 0.275377
5 0.368071 0.492074 0.527242 0.403684 0.266607
7 0.403101 0.491378 0.567459 0.435681 0.262567
7 0.330776 0.661215 0.255681 0.215531 0.262380
7 0.123352 0.535791 0.108362 0.043263 0.260725
7 0.460598 0.488597 0.327948 0.268018 0.259099
2 0.461302 0.645759 0.483378 0.279558 0.258383
9 0.962662 0.382430 0.074675 0.277410 0.250444
