2 0.604147 0.769527 0.722206 0.460947 0.805169
2 0.330588 0.662000 0.255609 0.214912 0.652799
2 0.122602 0.535881 0.109348 0.043289 0.546398
7 0.673201 0.559699 0.222937 0.118108 0.389766
2 0.669116 0.558031 0.222931 0.127038 0.386601
2 0.583760 0.686572 0.569450 0.312791 0.364155
2 0.142469 0.539855 0.068237 0.036545 0.360422
2 0.036437 0.535449 0.063960 0.038159 0.350602
7 0.386847 0.487813 0.471831 0.343028 0.338556
7 0.464593 0.489378 0.321259 0.269993 0.321390
7 0.474282 0.557257 0.726689 0.479612 0.314492
2 0.096044 0.535548 0.058069 0.040122 0.293158
7 0.604147 0.769527 0.722206 0.460947 0.285635
5 0.367648 0.489533 0.532645 0.401084 0.276035
2 0.630512 0.689874 0.488136 0.209739 0.265311
2 0.466041 0.645836 0.487567 0.280430 0.265253
7 0.330588 0.662000 0.255609 0.214912 0.263572
