2 0.603856 0.768890 0.717950 0.462220 0.803274
2 0.330629 0.662052 0.252694 0.215120 0.649720
2 0.122875 0.535894 0.108592 0.043193 0.554847
2 0.668860 0.557867 0.222937 0.127294 0.397296
7 0.672661 0.559057 0.221961 0.117233 0.379092
2 0.142658 0.539765 0.067960 0.036704 0.365731
2 0.035948 0.534804 0.064436 0.039358 0.365580
2 0.579276 0.691558 0.581313 0.320405 0.340615
7 0.383614 0.549452 0.421081 0.368323 0.337782
7 0.474033 0.561565 0.717288 0.482647 0.302638
7 0.463761 0.490379 0.321937 0.270404 0.302591
2 0.100387 0.534962 0.070737 0.040916 0.297124
9 0.962325 0.330792 0.070634 0.155249 0.286906
5 0.368696 0.493956 0.526993 0.401136 0.279630
7 0.399150 0.491763 0.565775 0.433829 0.277715
7 0.603856 0.768890 0.717950 0.462220 0.264017
7 0.330629 0.662052 0.252694 0.215120 0.263759
9 0.962842 0.382058 0.074317 0.276075 0.257665
2 0.462234 0.644974 0.487872 0.282953 0.257398
7 0.035509 0.533635 0.064503 0.041381 0.254619
7 0.366190 0.466710 0.520070 0.289850 0.251764
