2 0.600696 0.764528 0.717025 0.470944 0.767320
2 0.330475 0.658023 0.256086 0.220106 0.542397
7 0.098621 0.532275 0.103186 0.050321 0.404861
2 0.581443 0.681978 0.548040 0.308760 0.365237
7 0.669497 0.557263 0.222901 0.116107 0.351661
2 0.667677 0.557349 0.221621 0.127039 0.351514
7 0.403265 0.547278 0.469105 0.355348 0.351387
9 0.961213 0.375439 0.077573 0.274353 0.346629
7 0.488715 0.575523 0.667047 0.465405 0.336419
2 0.098621 0.532275 0.103186 0.050321 0.326398
7 0.602547 0.763496 0.721468 0.466157 0.326258
7 0.423741 0.453660 0.683731 0.355291 0.310910
9 0.962687 0.333972 0.072358 0.174822 0.285177
7 0.396340 0.470235 0.497815 0.285833 0.282374
7 0.330475 0.658023 0.256086 0.220106 0.282277
2 0.462923 0.636361 0.470515 0.283241 0.279805
2 0.625334 0.691951 0.488821 0.214038 0.278526
7 0.462923 0.636361 0.470515 0.283241 0.269266
