2 0.601737 0.766972 0.715014 0.466057 0.776500
2 0.330330 0.655419 0.257310 0.223740 0.534364
2 0.070011 0.530996 0.099278 0.049138 0.455048
7 0.394189 0.567810 0.398982 0.361163 0.420926
7 0.070011 0.530996 0.099278 0.049138 0.411644
2 0.668251 0.557657 0.223192 0.127722 0.389936
7 0.672309 0.557992 0.226244 0.116323 0.378932
2 0.612782 0.711461 0.557224 0.356915 0.358988
7 0.494687 0.564936 0.669284 0.471217 0.350301
7 0.391365 0.487799 0.459223 0.336910 0.345817
9 0.961326 0.376548 0.077348 0.275691 0.338957
7 0.443993 0.461597 0.670795 0.369432 0.328724
7 0.603167 0.766147 0.715848 0.461881 0.302009
2 0.627892 0.696058 0.488698 0.215834 0.283175
9 0.962727 0.333882 0.072096 0.172752 0.282138
2 0.456689 0.635341 0.462416 0.283659 0.273671
2 0.089423 0.532611 0.056727 0.044325 0.270602
7 0.330544 0.654728 0.254884 0.215882 0.264814
7 0.456689 0.635341 0.462416 0.283659 0.255437
15 0.202404 0.231509 0.163685 0.064636 0.252581
7 0.448545 0.494580 0.355291 0.266564 0.252487
