2 0.597122 0.765998 0.720701 0.468003 0.730106
2 0.157715 0.568075 0.185112 0.081435 0.702996
2 0.327706 0.657758 0.253343 0.221092 0.561159
7 0.408578 0.549115 0.396392 0.363449 0.391787
7 0.597122 0.765998 0.720701 0.468003 0.377831
7 0.667283 0.557886 0.224715 0.117534 0.377678
2 0.024171 0.525761 0.048342 0.055148 0.335028
9 0.960884 0.377664 0.078232 0.275898 0.331003
7 0.025129 0.513532 0.049793 0.080796 0.322691
7 0.504198 0.554634 0.675963 0.472694 0.318307
2 0.613706 0.712371 0.561329 0.361948 0.311941
2 0.665315 0.557388 0.224102 0.127219 0.308504
7 0.417939 0.476185 0.487345 0.295644 0.294744
7 0.456964 0.457822 0.675712 0.363471 0.286077
7 0.325912 0.657243 0.248374 0.215616 0.281209
9 0.962249 0.330535 0.072678 0.166936 0.275577
7 0.525261 0.666716 0.656528 0.464888 0.274849
2 0.627249 0.696736 0.487689 0.223254 0.274157
7 0.269286 0.538501 0.109611 0.054995 0.269860
