2 0.599028 0.765527 0.721519 0.468946 0.748567
2 0.084943 0.574303 0.166882 0.095577 0.729456
2 0.325895 0.659796 0.257235 0.217044 0.619032
7 0.396705 0.476516 0.480703 0.321131 0.361844
7 0.667778 0.557699 0.222326 0.116471 0.359895
7 0.599028 0.765527 0.721519 0.468946 0.359863
7 0.389643 0.547012 0.423145 0.338582 0.337256
9 0.961113 0.378365 0.077773 0.276356 0.324766
2 0.585331 0.687028 0.563865 0.318055 0.317082
2 0.666144 0.557561 0.222983 0.128021 0.311323
7 0.496884 0.556612 0.713814 0.476474 0.300979
7 0.469922 0.460573 0.701968 0.382347 0.285468
2 0.032538 0.535899 0.060420 0.044043 0.278122
2 0.627934 0.694626 0.497061 0.216666 0.275611
9 0.962124 0.330158 0.072767 0.166508 0.274736
5 0.388299 0.452861 0.497941 0.272225 0.269900
