2 0.134023 0.568226 0.192952 0.087440 0.807833
2 0.599704 0.765002 0.718669 0.469995 0.733940
2 0.329390 0.657917 0.258969 0.223262 0.572647
7 0.283922 0.536373 0.106972 0.055260 0.411578
2 0.283970 0.536050 0.107575 0.055572 0.382157
7 0.668565 0.557636 0.225027 0.115452 0.364931
7 0.599704 0.765002 0.718669 0.469995 0.353682
7 0.028499 0.514526 0.054591 0.079104 0.353571
7 0.398884 0.555428 0.386297 0.350312 0.350346
2 0.613128 0.709565 0.563046 0.360908 0.327767
7 0.406883 0.485738 0.457004 0.312318 0.322494
9 0.961171 0.378084 0.077658 0.278591 0.321072
2 0.665441 0.557479 0.224605 0.127815 0.314937
2 0.028499 0.514526 0.054591 0.079104 0.312235
7 0.549053 0.592826 0.723143 0.511169 0.295659
7 0.458011 0.449894 0.703729 0.348577 0.283035
9 0.962420 0.328826 0.072200 0.165443 0.278478
7 0.327845 0.658591 0.255597 0.216942 0.272767
2 0.627469 0.694470 0.490988 0.222018 0.268222
2 0.277366 0.550412 0.110219 0.076069 0.251249
