2 0.600305 0.768190 0.711825 0.463619 0.773767
2 0.329813 0.657983 0.254242 0.219571 0.549680
7 0.101901 0.531191 0.107599 0.050969 0.493921
2 0.101901 0.531191 0.107599 0.050969 0.427155
2 0.667668 0.557279 0.223231 0.127229 0.377734
7 0.673609 0.558132 0.223607 0.115829 0.357520
9 0.961248 0.376238 0.077503 0.276357 0.356874
7 0.401657 0.562912 0.403825 0.362592 0.346965
2 0.581164 0.684311 0.558185 0.308656 0.331145
7 0.600305 0.768190 0.711825 0.463619 0.326955
9 0.962518 0.333044 0.072204 0.171710 0.302797
7 0.493456 0.567673 0.670307 0.462800 0.300911
7 0.329813 0.657983 0.254242 0.219571 0.297241
7 0.431902 0.452426 0.686044 0.358047 0.290326
7 0.400022 0.469222 0.487952 0.285971 0.279466
2 0.626552 0.693874 0.495978 0.213799 0.269977
5 0.097292 0.488266 0.153486 0.122965 0.253278
