2 0.599980 0.766799 0.714401 0.466402 0.773473
2 0.332807 0.656614 0.259822 0.221346 0.606579
7 0.177619 0.533035 0.100626 0.053582 0.411615
2 0.177619 0.533035 0.100626 0.053582 0.398303
7 0.415595 0.542408 0.445500 0.367689 0.383196
7 0.668623 0.558003 0.222859 0.116117 0.373844
2 0.666696 0.557683 0.223332 0.127147 0.365396
9 0.961197 0.376869 0.077606 0.274720 0.363145
2 0.579585 0.687000 0.562796 0.313593 0.341949
7 0.503208 0.569273 0.666023 0.477907 0.334972
7 0.599980 0.766799 0.714401 0.466402 0.307701
9 0.962163 0.333570 0.072691 0.172958 0.296795
7 0.457426 0.457059 0.681074 0.356754 0.282567
2 0.626824 0.691617 0.491288 0.212760 0.282369
7 0.332807 0.656614 0.259822 0.221346 0.278145
2 0.535898 0.668105 0.493350 0.190508 0.254260
