2 0.602148 0.769047 0.714302 0.461906 0.783217
2 0.328698 0.661379 0.252586 0.213060 0.595542
2 0.039528 0.535075 0.066945 0.038622 0.400189
2 0.668964 0.558034 0.223109 0.128136 0.389183
7 0.392873 0.562541 0.414420 0.368584 0.386206
7 0.672425 0.558234 0.225880 0.116372 0.380918
2 0.581914 0.683380 0.575230 0.303782 0.373531
7 0.424805 0.502450 0.553456 0.447787 0.338958
9 0.961803 0.380144 0.076395 0.278900 0.331975
2 0.631634 0.694550 0.503739 0.214561 0.310024
7 0.397037 0.477979 0.489027 0.298355 0.302410
7 0.037837 0.534076 0.068340 0.038918 0.301310
2 0.457033 0.638140 0.481520 0.282871 0.299650
7 0.156264 0.539632 0.114527 0.040809 0.297459
7 0.521972 0.574394 0.701411 0.502842 0.285848
5 0.386832 0.497290 0.505141 0.417803 0.285426
2 0.154307 0.539120 0.116668 0.039484 0.285314
7 0.328698 0.661379 0.252586 0.213060 0.282127
9 0.962392 0.334223 0.071742 0.169656 0.281357
