2 0.599324 0.764217 0.720783 0.471566 0.734320
2 0.329282 0.661594 0.253484 0.210815 0.652429
2 0.261046 0.558546 0.151682 0.066455 0.473660
7 0.399560 0.551251 0.401392 0.362754 0.379831
7 0.667496 0.557626 0.227537 0.115243 0.378853
9 0.961020 0.376104 0.077959 0.275181 0.357727
2 0.613233 0.707648 0.550740 0.358173 0.349764
7 0.546138 0.594795 0.697967 0.516819 0.345027
2 0.665901 0.557667 0.225572 0.127402 0.333153
2 0.263978 0.546371 0.127216 0.051250 0.324584
7 0.604580 0.763625 0.722218 0.467748 0.321775
9 0.962348 0.331488 0.072772 0.169559 0.311676
7 0.445785 0.493246 0.557902 0.410466 0.307185
2 0.625521 0.692146 0.487484 0.214715 0.301718
2 0.193013 0.531837 0.088793 0.052151 0.297228
7 0.329282 0.661594 0.253484 0.210815 0.286422
7 0.418685 0.481504 0.441530 0.276972 0.276721
