2 0.597108 0.766827 0.715378 0.466346 0.737167
2 0.061277 0.577142 0.120760 0.094025 0.645167
2 0.332211 0.661505 0.257254 0.212592 0.592616
7 0.391334 0.553482 0.416834 0.365561 0.381666
7 0.666295 0.557269 0.223968 0.116580 0.355533
7 0.597108 0.766827 0.715378 0.466346 0.332871
7 0.502257 0.567893 0.691937 0.488447 0.331431
9 0.961257 0.379143 0.077486 0.277611 0.327653
7 0.440682 0.463886 0.657301 0.376434 0.326235
2 0.048931 0.516236 0.095310 0.040739 0.318512
2 0.664637 0.558585 0.223789 0.130243 0.316538
7 0.332211 0.661505 0.257254 0.212592 0.309837
2 0.580421 0.688541 0.560274 0.315656 0.302964
7 0.049021 0.516277 0.097584 0.040912 0.297742
7 0.386239 0.462234 0.492860 0.290912 0.288121
7 0.061879 0.577965 0.122729 0.092286 0.288052
9 0.961965 0.327276 0.072561 0.161179 0.282948
2 0.588788 0.580760 0.771923 0.772019 0.254080
