2 0.600284 0.766294 0.712526 0.467411 0.775562
2 0.329180 0.659416 0.257013 0.217508 0.540170
2 0.137608 0.531256 0.106690 0.052092 0.465888
7 0.135153 0.530918 0.102934 0.052336 0.454217
7 0.409594 0.551844 0.428367 0.395432 0.408789
9 0.961253 0.376202 0.077494 0.275724 0.359824
7 0.670284 0.557486 0.221171 0.116603 0.355322
2 0.667732 0.557450 0.222236 0.127406 0.349779
2 0.573887 0.682557 0.557881 0.315883 0.334189
7 0.508422 0.577873 0.634288 0.497736 0.330928
7 0.600284 0.766294 0.712526 0.467411 0.329280
9 0.962407 0.332744 0.072648 0.172283 0.304777
7 0.437595 0.482830 0.629419 0.385911 0.297453
2 0.625777 0.692929 0.490885 0.215101 0.285675
7 0.393328 0.474252 0.480597 0.294473 0.275003
7 0.329180 0.659416 0.257013 0.217508 0.269601
5 0.408236 0.516797 0.448831 0.356320 0.255589
2 0.533013 0.669737 0.487924 0.189167 0.251817
