2 0.598363 0.767197 0.716961 0.465605 0.748066
2 0.177400 0.566647 0.175229 0.078413 0.681067
2 0.327484 0.660570 0.252378 0.214873 0.641750
2 0.020751 0.524735 0.041502 0.054309 0.458854
7 0.667503 0.557612 0.225469 0.115582 0.376585
9 0.960911 0.377923 0.078177 0.276131 0.350451
7 0.598363 0.767197 0.716961 0.465605 0.342515
2 0.665291 0.557431 0.224889 0.127104 0.334391
7 0.402997 0.541305 0.404050 0.339919 0.313626
7 0.327484 0.660570 0.252378 0.214873 0.312325
7 0.405518 0.480489 0.477461 0.313778 0.306407
2 0.587022 0.689799 0.564087 0.322205 0.302139
7 0.511653 0.558546 0.730439 0.480478 0.301909
7 0.021010 0.523611 0.041455 0.054148 0.300365
9 0.962016 0.330192 0.072927 0.164517 0.292211
2 0.625394 0.691686 0.486289 0.213739 0.288521
7 0.451747 0.443538 0.699835 0.337088 0.287260
2 0.534551 0.669694 0.480809 0.188176 0.250907
