2 0.598015 0.766857 0.717426 0.466287 0.761311
2 0.329644 0.659626 0.257645 0.216315 0.545282
2 0.148059 0.531996 0.106111 0.052607 0.498592
7 0.148059 0.531996 0.106111 0.052607 0.399937
7 0.411165 0.542267 0.475625 0.388137 0.397274
7 0.670526 0.558579 0.224073 0.118107 0.379132
2 0.611833 0.711097 0.560977 0.358763 0.354195
2 0.668010 0.557633 0.223419 0.127707 0.344612
9 0.961309 0.376347 0.077383 0.274142 0.344040
7 0.508560 0.577465 0.651227 0.496595 0.326040
7 0.602312 0.767395 0.717418 0.463581 0.320622
2 0.626036 0.697840 0.488203 0.224431 0.312688
7 0.434144 0.479287 0.629222 0.385231 0.306800
9 0.962164 0.333310 0.072494 0.172214 0.302894
7 0.329644 0.659626 0.257645 0.216315 0.273601
5 0.427182 0.516313 0.509941 0.418964 0.266886
