2 0.600590 0.765334 0.715340 0.469333 0.756486
2 0.331949 0.657411 0.259273 0.220208 0.606522
7 0.417407 0.540751 0.445206 0.357927 0.399160
2 0.175722 0.532494 0.097157 0.053431 0.371022
9 0.961397 0.375378 0.077206 0.274174 0.365301
7 0.668527 0.557477 0.225060 0.115945 0.362670
2 0.585312 0.685499 0.561027 0.311418 0.360027
7 0.175722 0.532494 0.097157 0.053431 0.353831
7 0.502046 0.572357 0.651894 0.460504 0.350407
2 0.667198 0.557700 0.223641 0.127240 0.345842
7 0.600590 0.765334 0.715340 0.469333 0.318967
9 0.962364 0.332568 0.072524 0.171433 0.302111
7 0.502681 0.478472 0.717453 0.386711 0.294313
2 0.626191 0.693072 0.487498 0.213040 0.294108
7 0.331949 0.657411 0.259273 0.220208 0.275275
2 0.466348 0.638637 0.473640 0.281230 0.261601
2 0.187067 0.541414 0.073648 0.036008 0.260155
2 0.541380 0.667900 0.487993 0.191006 0.250517
