2 0.123475 0.571158 0.191933 0.087757 0.768715
2 0.600107 0.765813 0.716414 0.468373 0.735208
2 0.327578 0.654953 0.257882 0.227715 0.571079
7 0.289848 0.535491 0.101137 0.054090 0.425963
7 0.667340 0.557590 0.225333 0.115983 0.365576
7 0.410454 0.482695 0.460630 0.307080 0.363742
7 0.395259 0.556838 0.383868 0.350327 0.362371
2 0.665942 0.557501 0.224908 0.127574 0.327847
9 0.961417 0.378388 0.077165 0.278269 0.327769
2 0.612734 0.709447 0.565647 0.359509 0.327483
7 0.029849 0.513603 0.057122 0.080528 0.327279
7 0.600107 0.765813 0.716414 0.468373 0.322415
7 0.516798 0.561182 0.715126 0.478237 0.307604
2 0.289848 0.535491 0.101137 0.054090 0.305507
9 0.961930 0.328761 0.072574 0.164840 0.304367
7 0.461470 0.444819 0.702217 0.345647 0.303833
7 0.328658 0.653261 0.257377 0.216719 0.292309
2 0.625712 0.693735 0.489035 0.218816 0.276230
7 0.025317 0.530832 0.046776 0.048656 0.261902
2 0.029849 0.513603 0.057122 0.080528 0.256771
2 0.159806 0.561669 0.144996 0.072419 0.252892
