2 0.599634 0.768820 0.718600 0.462361 0.766843
2 0.328668 0.655072 0.255183 0.224699 0.519449
2 0.062892 0.529791 0.104674 0.050843 0.499990
7 0.062892 0.529791 0.104674 0.050843 0.426891
7 0.391741 0.570424 0.384895 0.351483 0.414167
7 0.408359 0.500641 0.449800 0.323420 0.384471
2 0.668539 0.557640 0.221741 0.127279 0.375837
2 0.611755 0.709312 0.560939 0.350205 0.369515
7 0.672449 0.558068 0.224670 0.115432 0.369017
9 0.960985 0.375659 0.078030 0.271735 0.340320
7 0.494501 0.562326 0.661717 0.456637 0.317635
2 0.628164 0.696080 0.490042 0.215053 0.315705
7 0.447567 0.460209 0.674890 0.365241 0.298056
2 0.090245 0.532608 0.051306 0.042687 0.295638
2 0.454806 0.635551 0.457576 0.283185 0.284954
9 0.962450 0.332557 0.072824 0.169784 0.284535
7 0.603568 0.769141 0.720578 0.459414 0.276427
7 0.329360 0.654223 0.252390 0.217168 0.270648
2 0.291958 0.540146 0.101817 0.048146 0.267002
