2 0.599444 0.768083 0.715207 0.463834 0.773375
2 0.327328 0.656360 0.254714 0.223644 0.480043
7 0.392293 0.565201 0.397792 0.362017 0.438748
2 0.667575 0.557662 0.223529 0.127839 0.392479
7 0.670049 0.558551 0.225180 0.117689 0.380918
2 0.045659 0.529965 0.091319 0.048604 0.367776
2 0.583087 0.682634 0.552526 0.303354 0.366517
7 0.389968 0.492584 0.447840 0.338126 0.349279
7 0.045657 0.530097 0.091314 0.049430 0.345635
7 0.266029 0.538497 0.114677 0.045797 0.341167
7 0.455966 0.532979 0.612202 0.418189 0.337905
9 0.961056 0.376130 0.077888 0.273823 0.337700
2 0.627748 0.693678 0.487357 0.210609 0.316392
2 0.266308 0.538373 0.115605 0.044672 0.314717
7 0.326962 0.656186 0.253034 0.216559 0.306087
7 0.603118 0.767715 0.717823 0.461146 0.291972
2 0.459947 0.635913 0.471715 0.283348 0.283297
9 0.962572 0.333459 0.072740 0.172318 0.278950
7 0.514240 0.655622 0.643752 0.450970 0.268364
7 0.459947 0.635913 0.471715 0.283348 0.261253
2 0.053927 0.537681 0.070703 0.034679 0.251197
