2 0.599012 0.764496 0.721785 0.471007 0.731951
2 0.168071 0.566050 0.175175 0.077554 0.703102
2 0.326510 0.658813 0.251395 0.218664 0.556360
2 0.022725 0.526010 0.043696 0.054021 0.424844
7 0.601282 0.765029 0.723445 0.466824 0.372515
7 0.407583 0.543610 0.407233 0.366278 0.368990
7 0.667563 0.557823 0.223462 0.116528 0.365602
9 0.960753 0.376056 0.078493 0.274426 0.329590
2 0.613989 0.708101 0.561882 0.361017 0.322100
7 0.504334 0.555119 0.680069 0.471159 0.321544
2 0.665297 0.557413 0.223280 0.127163 0.316806
7 0.022725 0.526010 0.043696 0.054021 0.314848
7 0.326510 0.658813 0.251395 0.218664 0.297025
7 0.411141 0.477901 0.499227 0.299379 0.291673
9 0.962509 0.329461 0.072750 0.166309 0.280306
2 0.627657 0.695072 0.491763 0.220077 0.270405
7 0.525754 0.668594 0.659049 0.465559 0.265419
