2 0.600773 0.767176 0.711007 0.465648 0.779539
2 0.326769 0.659036 0.249078 0.218666 0.486489
2 0.041656 0.534445 0.067324 0.039256 0.431251
7 0.385687 0.558191 0.424589 0.370066 0.425258
7 0.224674 0.537922 0.108306 0.042913 0.407032
7 0.671532 0.557758 0.227903 0.116519 0.400879
2 0.668373 0.557696 0.223830 0.128380 0.385069
2 0.583454 0.686380 0.571856 0.313071 0.365301
9 0.961393 0.377864 0.077213 0.277561 0.345559
7 0.425381 0.505598 0.556514 0.432440 0.337612
2 0.631430 0.697394 0.505323 0.220853 0.319935
7 0.519431 0.579582 0.703693 0.497450 0.300252
7 0.601569 0.765971 0.715146 0.462097 0.297889
7 0.380332 0.466971 0.491839 0.291191 0.284530
9 0.962453 0.334949 0.072518 0.175193 0.280486
5 0.425381 0.505598 0.556514 0.432440 0.278675
2 0.458401 0.636643 0.485862 0.287721 0.275210
7 0.039249 0.533270 0.069299 0.039431 0.264967
7 0.326722 0.658780 0.249700 0.211822 0.264709
7 0.458401 0.636643 0.485862 0.287721 0.254719
