2 0.597878 0.766543 0.718190 0.466914 0.752191
2 0.330933 0.657806 0.260088 0.219720 0.567627
2 0.159681 0.531185 0.109942 0.054462 0.430170
7 0.422803 0.539303 0.444936 0.370144 0.384899
2 0.584316 0.681186 0.555402 0.305463 0.377985
9 0.960972 0.375587 0.078056 0.273908 0.366099
7 0.159681 0.531185 0.109942 0.054462 0.353967
7 0.669056 0.557290 0.225085 0.115221 0.351881
2 0.667385 0.557643 0.224103 0.127204 0.348565
7 0.496539 0.561349 0.629803 0.458674 0.327697
9 0.962169 0.333256 0.072504 0.171595 0.298223
7 0.604469 0.767953 0.717291 0.463861 0.297809
5 0.427877 0.500879 0.425412 0.320050 0.276406
2 0.472227 0.635791 0.479503 0.288544 0.271651
2 0.620250 0.688876 0.486914 0.195707 0.267886
7 0.330933 0.657806 0.260088 0.219720 0.259526
7 0.464189 0.472450 0.662414 0.365373 0.257822
2 0.534204 0.668861 0.483496 0.193452 0.253525
7 0.449566 0.481510 0.378416 0.276519 0.251323
