2 0.600002 0.768654 0.713499 0.462692 0.770334
2 0.329609 0.656602 0.256801 0.224065 0.561604
2 0.072534 0.530525 0.089880 0.049497 0.502103
7 0.072534 0.530525 0.089880 0.049497 0.450833
7 0.398510 0.564799 0.403258 0.357248 0.386921
2 0.667800 0.557302 0.221322 0.127700 0.378153
7 0.670823 0.557531 0.224263 0.116142 0.363756
2 0.582231 0.682642 0.557841 0.303998 0.362089
9 0.961297 0.375976 0.077406 0.277866 0.346062
7 0.495723 0.558984 0.665859 0.455129 0.334093
7 0.413330 0.468829 0.491498 0.278682 0.324084
7 0.453982 0.459609 0.684606 0.364447 0.307856
2 0.629183 0.697443 0.493360 0.216429 0.300358
9 0.962529 0.332783 0.072493 0.175021 0.299140
7 0.602392 0.767778 0.715574 0.456792 0.290715
2 0.459154 0.636427 0.470348 0.280035 0.278659
5 0.444411 0.499756 0.562572 0.422688 0.272321
