2 0.600275 0.766350 0.716188 0.467300 0.760529
2 0.088261 0.571099 0.172729 0.092286 0.736576
2 0.326207 0.658422 0.259593 0.219428 0.610528
7 0.399001 0.483033 0.477728 0.341635 0.398239
7 0.665762 0.557862 0.222426 0.117117 0.365145
7 0.600275 0.766350 0.716188 0.467300 0.359375
7 0.487748 0.544425 0.679709 0.475363 0.339071
2 0.613791 0.711143 0.563886 0.364766 0.333584
9 0.961243 0.379488 0.077514 0.279154 0.304750
2 0.665314 0.557536 0.222530 0.127831 0.304506
2 0.625773 0.697040 0.487524 0.222003 0.280785
7 0.036212 0.520538 0.068849 0.061217 0.268501
9 0.962060 0.328947 0.072502 0.163685 0.266554
7 0.391341 0.557527 0.395962 0.400881 0.261744
7 0.513650 0.660858 0.661081 0.458797 0.256700
5 0.388479 0.459417 0.492558 0.291706 0.253586
