2 0.600769 0.765019 0.718151 0.469962 0.744880
2 0.328748 0.659090 0.256906 0.216686 0.535234
2 0.144039 0.530484 0.103434 0.053495 0.450443
7 0.144039 0.530484 0.103434 0.053495 0.407055
7 0.411169 0.542493 0.471839 0.390418 0.399341
7 0.672677 0.558173 0.226925 0.116583 0.362173
2 0.667690 0.557345 0.223864 0.127753 0.360694
9 0.961327 0.375449 0.077347 0.274513 0.354108
2 0.612303 0.708429 0.565002 0.358344 0.350157
7 0.604538 0.765003 0.718718 0.466555 0.329499
7 0.509792 0.576335 0.642689 0.493789 0.321811
2 0.628518 0.696154 0.497176 0.223612 0.301022
9 0.962523 0.333089 0.072062 0.173249 0.296950
7 0.435840 0.483107 0.627532 0.392094 0.291984
7 0.328748 0.659090 0.256906 0.216686 0.275732
5 0.408545 0.514627 0.455035 0.364765 0.265600
7 0.469811 0.630426 0.483063 0.298958 0.250604
