2 0.600850 0.764965 0.716903 0.470069 0.756801
2 0.132324 0.531552 0.106438 0.052248 0.607787
2 0.328544 0.660448 0.256002 0.215490 0.567680
7 0.132324 0.531552 0.106438 0.052248 0.459391
7 0.670508 0.558150 0.224565 0.116136 0.364706
7 0.408334 0.541116 0.471971 0.375093 0.360052
9 0.961001 0.375057 0.077999 0.272457 0.353048
2 0.668027 0.557494 0.221274 0.126503 0.352396
2 0.583327 0.683204 0.552454 0.311709 0.347275
7 0.484337 0.559799 0.650051 0.472535 0.339848
7 0.604595 0.764281 0.717569 0.465182 0.313196
7 0.433686 0.467757 0.650181 0.373037 0.306697
2 0.627195 0.695156 0.490342 0.218647 0.289410
9 0.962637 0.333622 0.072260 0.171132 0.281672
7 0.328544 0.660448 0.256002 0.215490 0.275196
7 0.384247 0.460631 0.496687 0.288466 0.257845
