2 0.598915 0.767468 0.713920 0.465063 0.796767
2 0.326621 0.659265 0.248384 0.217251 0.549593
2 0.207316 0.537236 0.114442 0.046028 0.513846
2 0.037632 0.532278 0.070940 0.045198 0.445199
7 0.669020 0.557798 0.225876 0.117266 0.393216
2 0.667118 0.557701 0.223867 0.127879 0.387204
7 0.379655 0.563535 0.412851 0.349335 0.382382
7 0.390928 0.488163 0.476856 0.329520 0.360296
2 0.583754 0.687393 0.564482 0.315269 0.359031
9 0.961400 0.379397 0.077199 0.278197 0.354158
7 0.431308 0.457512 0.677571 0.364754 0.341611
7 0.206835 0.536574 0.111833 0.045744 0.331160
7 0.036858 0.531438 0.069157 0.044592 0.308825
2 0.626205 0.692708 0.494274 0.210750 0.307465
9 0.962265 0.334044 0.072395 0.170364 0.297125
7 0.485959 0.556273 0.730143 0.469936 0.291744
7 0.601512 0.765748 0.717160 0.459289 0.269191
2 0.461318 0.642889 0.481149 0.280071 0.267570
7 0.326621 0.659265 0.248384 0.217251 0.255213
5 0.423566 0.489148 0.590325 0.424564 0.253328
