2 0.598324 0.765986 0.716279 0.468027 0.752770
2 0.328485 0.661771 0.251161 0.213147 0.663692
2 0.250026 0.556619 0.154089 0.069905 0.601905
7 0.669266 0.557875 0.225754 0.115605 0.373822
7 0.400792 0.548156 0.399010 0.356991 0.365515
9 0.961167 0.376447 0.077665 0.276596 0.357676
7 0.598324 0.765986 0.716279 0.468027 0.347878
2 0.666436 0.557514 0.223797 0.127143 0.340646
7 0.553376 0.595463 0.706962 0.521340 0.320295
9 0.962299 0.330406 0.072925 0.168595 0.305649
2 0.588086 0.692505 0.564080 0.324115 0.305344
2 0.011591 0.521992 0.023180 0.057227 0.302915
7 0.426008 0.481300 0.420064 0.276131 0.289049
7 0.452759 0.488535 0.572942 0.405696 0.285820
7 0.328485 0.661771 0.251161 0.213147 0.280481
2 0.626483 0.693066 0.489510 0.214977 0.276137
9 0.816229 0.396905 0.010255 0.020320 0.253968
2 0.259573 0.546448 0.129662 0.050865 0.251316
2 0.536834 0.670780 0.483593 0.185782 0.250184
