2 0.596227 0.764777 0.727396 0.470447 0.742347
2 0.210840 0.559529 0.160213 0.082075 0.662828
2 0.326793 0.663703 0.245389 0.210304 0.639129
2 0.016695 0.525133 0.032472 0.055362 0.494913
7 0.669478 0.558041 0.224723 0.116200 0.368577
7 0.400052 0.538118 0.419403 0.362321 0.348495
7 0.601107 0.763893 0.729641 0.467672 0.335963
2 0.616214 0.708255 0.557728 0.360217 0.333859
2 0.666770 0.557509 0.224736 0.127681 0.332646
7 0.507631 0.564952 0.701572 0.483524 0.331316
9 0.961091 0.375751 0.077818 0.273481 0.329667
2 0.626646 0.692359 0.485551 0.215164 0.309308
7 0.442503 0.454678 0.674594 0.351340 0.299661
9 0.962557 0.329536 0.072641 0.166589 0.289047
7 0.016695 0.525133 0.032472 0.055362 0.262760
7 0.326793 0.663703 0.245389 0.210304 0.257127
