2 0.599098 0.766071 0.715614 0.467858 0.752546
2 0.331194 0.657263 0.255864 0.219761 0.567409
7 0.182594 0.531315 0.104007 0.055675 0.446743
2 0.182594 0.531315 0.104007 0.055675 0.411116
7 0.671278 0.558201 0.225830 0.117341 0.390024
7 0.399927 0.557421 0.396421 0.380574 0.387981
9 0.961021 0.376228 0.077957 0.275256 0.363811
2 0.666913 0.557398 0.224471 0.127691 0.356682
2 0.283296 0.550091 0.120872 0.058479 0.351129
2 0.614302 0.711202 0.558062 0.359710 0.350859
7 0.599098 0.766071 0.715614 0.467858 0.345840
7 0.499455 0.555384 0.656447 0.480078 0.334296
2 0.626764 0.695662 0.486595 0.219540 0.302961
9 0.962189 0.333247 0.072670 0.173063 0.301482
7 0.414407 0.476907 0.486938 0.304871 0.294172
7 0.451331 0.467168 0.667527 0.373434 0.274692
7 0.331194 0.657263 0.255864 0.219761 0.273009
