2 0.599964 0.766408 0.718155 0.467184 0.793089
2 0.327850 0.661112 0.250400 0.214948 0.584659
2 0.179614 0.536779 0.096148 0.041961 0.521280
2 0.038169 0.533969 0.068062 0.040928 0.419000
2 0.668528 0.558051 0.223802 0.128062 0.393746
7 0.670824 0.557865 0.227133 0.116786 0.392099
7 0.381870 0.562144 0.425276 0.354989 0.375492
7 0.387020 0.489784 0.478233 0.341981 0.373650
2 0.583905 0.683740 0.567892 0.309957 0.369158
9 0.961681 0.378975 0.076638 0.277343 0.331906
7 0.485506 0.553322 0.713921 0.461531 0.317771
7 0.037439 0.533003 0.068179 0.040966 0.310977
9 0.962426 0.333511 0.071932 0.168276 0.295079
2 0.456380 0.641971 0.478256 0.280197 0.293062
2 0.632023 0.690918 0.499069 0.206175 0.292261
5 0.375404 0.496715 0.515638 0.405440 0.273261
7 0.179539 0.536318 0.096824 0.042055 0.267410
7 0.327850 0.661112 0.250400 0.214948 0.266151
7 0.602160 0.765402 0.721051 0.461766 0.265224
