2 0.598471 0.765552 0.725231 0.468896 0.733633
2 0.326008 0.662984 0.245008 0.210194 0.660554
2 0.241965 0.557191 0.163823 0.072975 0.609769
7 0.669664 0.557742 0.227789 0.115769 0.373779
9 0.960878 0.373931 0.078243 0.271841 0.347714
7 0.600616 0.764101 0.724489 0.464461 0.347312
2 0.249341 0.548780 0.132392 0.053125 0.345409
2 0.667049 0.557596 0.224447 0.127347 0.343533
7 0.402451 0.541802 0.413944 0.355876 0.339905
2 0.012277 0.521886 0.024124 0.059654 0.327225
7 0.516305 0.565498 0.701351 0.479466 0.326690
2 0.616438 0.710583 0.563674 0.362236 0.321519
7 0.241965 0.557191 0.163823 0.072975 0.301425
7 0.456292 0.448971 0.691201 0.342567 0.293422
9 0.962454 0.331787 0.072652 0.171794 0.292470
2 0.630120 0.695544 0.498965 0.218803 0.282516
7 0.413890 0.469161 0.502004 0.282068 0.280156
7 0.326008 0.662984 0.245008 0.210194 0.271061
2 0.194581 0.532364 0.066934 0.046379 0.264223
