2 0.599433 0.770365 0.719744 0.459271 0.787921
2 0.329198 0.661139 0.253527 0.214516 0.583633
2 0.140366 0.537792 0.109403 0.042447 0.554473
2 0.669213 0.558034 0.223920 0.127454 0.410256
2 0.039040 0.534763 0.066003 0.039268 0.404219
7 0.673303 0.558487 0.228538 0.117208 0.398700
7 0.386680 0.561283 0.416251 0.373538 0.383255
2 0.581760 0.685105 0.581524 0.306836 0.360714
7 0.411126 0.499962 0.550246 0.445645 0.335049
9 0.961519 0.380752 0.076962 0.277902 0.317808
5 0.381407 0.496662 0.506308 0.422209 0.313261
2 0.122550 0.535322 0.070447 0.042616 0.309732
2 0.630206 0.692500 0.494953 0.207564 0.299493
7 0.037728 0.533790 0.067750 0.039035 0.292849
2 0.451530 0.641597 0.479469 0.282576 0.284612
7 0.329198 0.661139 0.253527 0.214516 0.278929
7 0.375610 0.461874 0.500855 0.303497 0.277788
9 0.962211 0.334344 0.071800 0.168012 0.277543
7 0.515354 0.569588 0.711345 0.515260 0.275529
7 0.599433 0.770365 0.719744 0.459271 0.267200
