2 0.601135 0.769471 0.712054 0.461058 0.770765
2 0.326352 0.658558 0.250063 0.219747 0.486337
2 0.044438 0.534903 0.065421 0.037718 0.458646
7 0.384750 0.562564 0.413037 0.361267 0.421899
2 0.668891 0.557975 0.224029 0.127889 0.411307
7 0.673108 0.558873 0.230085 0.116907 0.401213
9 0.961496 0.377257 0.077007 0.273935 0.358110
7 0.234686 0.539524 0.113918 0.043092 0.350221
2 0.580620 0.686527 0.565564 0.309497 0.349223
7 0.434322 0.501573 0.570753 0.436481 0.341832
7 0.400673 0.476050 0.504915 0.287460 0.311626
9 0.962158 0.334968 0.072500 0.172220 0.308282
7 0.529242 0.578083 0.713943 0.506132 0.305658
2 0.234544 0.539669 0.113668 0.043453 0.284404
7 0.602083 0.767931 0.719083 0.455484 0.282988
2 0.451220 0.636182 0.481112 0.284366 0.268976
7 0.044438 0.534903 0.065421 0.037718 0.268545
7 0.325584 0.657752 0.253374 0.213717 0.267160
5 0.434322 0.501573 0.570753 0.436481 0.262867
