2 0.602190 0.767991 0.715041 0.464017 0.794198
2 0.329494 0.660887 0.255745 0.214444 0.596302
2 0.038807 0.535368 0.066147 0.038746 0.398976
2 0.668615 0.557933 0.222470 0.127846 0.392211
7 0.670525 0.558003 0.227314 0.116332 0.386262
2 0.582546 0.683642 0.570060 0.306832 0.377308
7 0.387406 0.562968 0.416131 0.367059 0.374719
2 0.149223 0.537501 0.113068 0.042186 0.358953
7 0.411736 0.496479 0.558615 0.448581 0.330375
9 0.962020 0.378150 0.075960 0.276536 0.326946
7 0.037716 0.534295 0.068080 0.038598 0.303574
2 0.628102 0.691010 0.494701 0.206794 0.300865
2 0.455900 0.642013 0.475996 0.281387 0.299207
7 0.371523 0.455505 0.504853 0.291800 0.289284
5 0.377224 0.492560 0.512478 0.416906 0.287823
9 0.962494 0.333656 0.071692 0.168737 0.286718
2 0.166483 0.540218 0.074815 0.037520 0.280291
7 0.518916 0.571719 0.723387 0.514253 0.274483
7 0.329494 0.660887 0.255745 0.214444 0.268904
7 0.602683 0.766957 0.717278 0.458688 0.259639
15 0.202428 0.231797 0.163744 0.065458 0.253113
