2 0.600766 0.768748 0.714824 0.462504 0.782305
2 0.327884 0.661852 0.250186 0.214712 0.593175
2 0.176462 0.536846 0.094337 0.042706 0.507103
2 0.039748 0.534382 0.067500 0.039449 0.426213
7 0.670824 0.557656 0.228354 0.115781 0.392268
2 0.668235 0.557945 0.223304 0.127841 0.388004
7 0.385608 0.495938 0.476328 0.345956 0.368577
2 0.582268 0.685127 0.573869 0.308029 0.362234
9 0.961560 0.380092 0.076880 0.278299 0.349275
5 0.377267 0.493419 0.515980 0.403685 0.304009
9 0.962134 0.333982 0.071812 0.168387 0.301715
7 0.483143 0.548904 0.714691 0.450359 0.294578
7 0.037925 0.533268 0.068940 0.039945 0.294498
2 0.460356 0.642274 0.487657 0.279769 0.290592
7 0.327884 0.661852 0.250186 0.214712 0.267911
7 0.176462 0.536846 0.094337 0.042706 0.251860
7 0.601696 0.767587 0.720522 0.457270 0.251620
