2 0.598297 0.765658 0.721364 0.468684 0.735771
2 0.327086 0.664314 0.248245 0.209208 0.629840
2 0.222281 0.560050 0.158261 0.074840 0.591404
2 0.015510 0.524398 0.030083 0.057969 0.483537
7 0.670453 0.557978 0.224267 0.116794 0.383831
7 0.601163 0.764011 0.723688 0.465548 0.373165
7 0.396732 0.543705 0.421669 0.353526 0.365452
9 0.961278 0.375433 0.077443 0.276292 0.354051
2 0.666467 0.557497 0.223993 0.128314 0.332002
7 0.504140 0.564902 0.706877 0.481179 0.321376
2 0.590632 0.691244 0.563816 0.320200 0.309489
7 0.441077 0.453458 0.670519 0.346652 0.304381
9 0.962505 0.331597 0.072677 0.173682 0.302825
2 0.234334 0.546889 0.131276 0.049837 0.278777
7 0.411773 0.479999 0.487060 0.275113 0.268576
7 0.535671 0.679639 0.685102 0.467066 0.250414
