2 0.599361 0.767418 0.713535 0.465164 0.742468
2 0.329428 0.657610 0.254469 0.221573 0.535784
2 0.094323 0.530572 0.104200 0.051873 0.467565
7 0.094323 0.530572 0.104200 0.051873 0.464387
7 0.410878 0.500163 0.445232 0.330928 0.364922
2 0.667851 0.557483 0.220981 0.126509 0.355627
7 0.670157 0.556975 0.223663 0.114984 0.354505
9 0.961486 0.374530 0.077029 0.272985 0.353386
2 0.580900 0.684778 0.552875 0.306763 0.347843
7 0.492388 0.569054 0.659644 0.469221 0.340120
7 0.439136 0.459847 0.678234 0.365524 0.314496
9 0.962248 0.332484 0.072729 0.172148 0.308624
7 0.601860 0.766450 0.718560 0.459756 0.300041
7 0.396533 0.582980 0.383994 0.393932 0.272538
7 0.329428 0.657610 0.254469 0.221573 0.270074
2 0.463271 0.636671 0.472749 0.282890 0.262913
7 0.463271 0.636671 0.472749 0.282890 0.250992
