2 0.110420 0.570893 0.195125 0.087637 0.787964
2 0.599805 0.765079 0.719217 0.469842 0.738340
2 0.328609 0.655975 0.260785 0.225990 0.555051
7 0.294271 0.535462 0.095429 0.056567 0.458142
7 0.667370 0.556994 0.228489 0.115840 0.371525
7 0.395169 0.555513 0.391482 0.348447 0.354850
7 0.409454 0.475596 0.468617 0.305325 0.350021
7 0.029589 0.527629 0.057417 0.054294 0.349540
2 0.612460 0.709055 0.561382 0.360510 0.345676
2 0.665431 0.557526 0.225622 0.127877 0.327193
7 0.602601 0.764560 0.719358 0.464315 0.325288
9 0.961390 0.379373 0.077220 0.279629 0.321304
7 0.545575 0.588678 0.727961 0.519045 0.303846
7 0.329736 0.654600 0.259858 0.215623 0.302682
2 0.029589 0.527629 0.057417 0.054294 0.297919
7 0.457500 0.443786 0.684726 0.340668 0.284676
9 0.962159 0.328834 0.072560 0.165135 0.277404
7 0.030222 0.506661 0.058217 0.093892 0.276265
2 0.627124 0.692464 0.490866 0.212460 0.275313
