2 0.602374 0.770541 0.717319 0.458918 0.793439
2 0.330022 0.661168 0.254208 0.214947 0.599884
2 0.132027 0.536064 0.108006 0.041594 0.544204
2 0.667923 0.557948 0.222496 0.127951 0.391311
2 0.038158 0.534959 0.067934 0.039301 0.385606
7 0.671078 0.558324 0.225987 0.117833 0.377801
2 0.579217 0.688131 0.579313 0.309522 0.376063
9 0.962111 0.380562 0.075778 0.279593 0.322745
5 0.363964 0.487389 0.538450 0.407799 0.319579
7 0.385119 0.485066 0.483409 0.355707 0.310665
7 0.379937 0.560606 0.425462 0.360303 0.301926
2 0.630455 0.698121 0.495067 0.217453 0.292391
2 0.458361 0.645129 0.483214 0.276180 0.290926
7 0.330022 0.661168 0.254208 0.214947 0.280092
7 0.037600 0.534045 0.068202 0.038841 0.279218
7 0.474928 0.548682 0.716936 0.470007 0.270460
9 0.962565 0.336044 0.071427 0.172678 0.264435
7 0.602374 0.770541 0.717319 0.458918 0.255978
15 0.202347 0.231407 0.163699 0.064751 0.253930
