2 0.600580 0.767493 0.718511 0.465014 0.775493
2 0.326509 0.658596 0.250211 0.219268 0.492163
2 0.041958 0.534869 0.065009 0.038227 0.400708
7 0.671043 0.558373 0.227376 0.117007 0.396963
2 0.668051 0.558109 0.224223 0.127633 0.395305
7 0.379671 0.566448 0.411435 0.350152 0.390626
7 0.218518 0.537396 0.110291 0.044011 0.387933
2 0.615916 0.711394 0.566157 0.358282 0.375899
2 0.217035 0.537062 0.111648 0.044934 0.374218
9 0.961081 0.379021 0.077839 0.276115 0.346791
7 0.392430 0.496567 0.475249 0.341636 0.340807
2 0.628456 0.695787 0.496840 0.215989 0.321938
7 0.437580 0.464638 0.679477 0.374154 0.317144
7 0.484536 0.550233 0.712571 0.458583 0.311525
7 0.603706 0.766684 0.720408 0.461598 0.300750
7 0.041958 0.534869 0.065009 0.038227 0.288118
9 0.962146 0.333730 0.072694 0.167899 0.277983
7 0.327292 0.658575 0.250719 0.211539 0.276967
2 0.455554 0.639514 0.474741 0.278493 0.269539
