2 0.601052 0.769135 0.711913 0.461731 0.774651
2 0.326000 0.656547 0.254193 0.222448 0.490954
7 0.389249 0.568609 0.400463 0.350482 0.412238
7 0.044512 0.530281 0.089024 0.050180 0.399754
2 0.668401 0.557832 0.224099 0.127908 0.393268
7 0.671467 0.558323 0.228064 0.117623 0.389061
7 0.407296 0.500855 0.458510 0.327248 0.377510
7 0.263496 0.537899 0.113183 0.044811 0.373937
2 0.044023 0.529931 0.088046 0.049719 0.372069
2 0.262829 0.537596 0.114333 0.045690 0.349808
9 0.961151 0.375333 0.077698 0.272756 0.345817
2 0.580828 0.687700 0.564235 0.310899 0.344822
7 0.488024 0.553875 0.679757 0.449846 0.332833
7 0.450035 0.464938 0.692142 0.366143 0.323740
7 0.601052 0.769135 0.711913 0.461731 0.310707
7 0.325736 0.656084 0.253625 0.215075 0.295034
2 0.452561 0.636511 0.470950 0.282241 0.261512
2 0.050962 0.537573 0.071695 0.036484 0.255759
7 0.513412 0.659291 0.645741 0.444835 0.250009
