2 0.599472 0.768561 0.717897 0.462878 0.776436
2 0.328577 0.656733 0.256443 0.221408 0.539196
7 0.054876 0.530799 0.109752 0.048325 0.461039
7 0.393014 0.565491 0.397965 0.357154 0.417307
7 0.670775 0.557793 0.224279 0.117159 0.392789
7 0.407087 0.496749 0.454296 0.330995 0.389514
2 0.668002 0.557706 0.222883 0.127367 0.383825
2 0.054876 0.530799 0.109752 0.048325 0.372628
2 0.614330 0.710781 0.563183 0.354899 0.356620
9 0.961094 0.377060 0.077811 0.274854 0.352530
7 0.493144 0.553657 0.673174 0.465053 0.331879
7 0.446992 0.459174 0.677237 0.371358 0.310873
2 0.626866 0.697290 0.488896 0.215357 0.305599
7 0.599472 0.768561 0.717897 0.462878 0.304830
7 0.328583 0.656209 0.254076 0.213378 0.290478
9 0.962137 0.334173 0.072929 0.171890 0.287827
2 0.455772 0.638428 0.465301 0.280467 0.261358
