2 0.599112 0.767957 0.714920 0.464086 0.774440
2 0.328661 0.658070 0.254128 0.220062 0.604406
2 0.077874 0.529710 0.088193 0.051608 0.554751
7 0.397848 0.562482 0.406449 0.355057 0.372110
2 0.667923 0.557213 0.220024 0.127160 0.359282
2 0.583336 0.684281 0.558655 0.308194 0.357574
7 0.669307 0.557026 0.220649 0.115315 0.356700
7 0.078242 0.529046 0.090241 0.052685 0.355267
9 0.961439 0.375673 0.077122 0.275605 0.353887
7 0.490804 0.560633 0.668304 0.466056 0.316288
7 0.412388 0.466987 0.495304 0.285273 0.313974
9 0.962402 0.333672 0.072684 0.175198 0.309143
7 0.599112 0.767957 0.714920 0.464086 0.301652
7 0.443103 0.459494 0.668064 0.361171 0.298071
2 0.308269 0.539304 0.072093 0.046355 0.277299
7 0.328661 0.658070 0.254128 0.220062 0.270135
2 0.464472 0.639144 0.473597 0.279315 0.266523
7 0.453632 0.492406 0.350093 0.268855 0.256206
