2 0.597090 0.763969 0.726423 0.472062 0.735346
2 0.189741 0.564425 0.168715 0.076722 0.687713
2 0.325113 0.661075 0.246485 0.214253 0.668927
2 0.019340 0.524401 0.038358 0.054788 0.480709
7 0.666638 0.557544 0.223793 0.115220 0.364431
7 0.601168 0.762967 0.727795 0.468845 0.359789
9 0.960997 0.376042 0.078007 0.274994 0.349328
7 0.546421 0.593544 0.717388 0.527517 0.331580
2 0.616720 0.711425 0.557492 0.366862 0.324365
7 0.019305 0.523377 0.038608 0.054519 0.321184
2 0.665621 0.557322 0.224020 0.126932 0.317532
7 0.407815 0.539410 0.411055 0.357037 0.315953
9 0.962320 0.331576 0.072714 0.169898 0.298381
7 0.484463 0.472091 0.712883 0.380059 0.282052
2 0.626697 0.692434 0.486497 0.216338 0.276800
7 0.413669 0.472917 0.509699 0.292339 0.269043
7 0.325113 0.661075 0.246485 0.214253 0.264938
