2 0.601403 0.766665 0.715733 0.466670 0.790798
2 0.328635 0.659624 0.249990 0.216646 0.542494
2 0.186333 0.536510 0.107081 0.044317 0.455714
2 0.039201 0.534186 0.068182 0.040500 0.415583
7 0.669981 0.558085 0.228783 0.117406 0.398531
7 0.387364 0.559591 0.419469 0.369529 0.398227
2 0.667768 0.557849 0.223932 0.127880 0.386222
2 0.582094 0.684210 0.570328 0.311387 0.371443
7 0.416926 0.500624 0.559474 0.437193 0.345122
9 0.961288 0.380121 0.077424 0.278062 0.338404
5 0.381384 0.495362 0.510094 0.411323 0.302435
2 0.629530 0.692381 0.503952 0.212288 0.302054
7 0.037616 0.533163 0.068970 0.040951 0.293774
7 0.517287 0.574511 0.709388 0.505854 0.290359
9 0.962208 0.333980 0.072188 0.168288 0.287370
2 0.455623 0.638453 0.479398 0.286690 0.285389
7 0.603048 0.766078 0.719755 0.464471 0.277897
7 0.328635 0.659624 0.249990 0.216646 0.275687
7 0.186736 0.537008 0.106823 0.043959 0.275431
7 0.376930 0.460554 0.495054 0.297715 0.275067
