2 0.600364 0.768618 0.713242 0.462763 0.785878
2 0.045969 0.534169 0.067712 0.039085 0.472060
2 0.328604 0.657662 0.255124 0.220694 0.466388
7 0.384841 0.567570 0.404718 0.356573 0.444368
2 0.668005 0.557930 0.223680 0.128201 0.410040
7 0.672505 0.558201 0.229504 0.116291 0.387487
7 0.398405 0.499332 0.466507 0.341470 0.384591
2 0.581787 0.686324 0.564750 0.310421 0.362850
9 0.961401 0.376862 0.077198 0.275712 0.350229
7 0.491995 0.555051 0.690320 0.463318 0.332328
7 0.444661 0.464711 0.681539 0.373586 0.327667
2 0.239557 0.538064 0.116417 0.043890 0.324420
7 0.240664 0.538020 0.115422 0.044265 0.292048
2 0.630729 0.693377 0.496033 0.208220 0.287443
2 0.446066 0.636256 0.468416 0.283254 0.285818
9 0.962488 0.334741 0.072389 0.173020 0.285574
7 0.045969 0.534169 0.067712 0.039085 0.285235
7 0.328486 0.657142 0.257638 0.215881 0.279623
7 0.601099 0.766725 0.716276 0.457285 0.274370
5 0.430956 0.500255 0.562614 0.432397 0.270248
7 0.446066 0.636256 0.468416 0.283254 0.252816
