2 0.599540 0.769499 0.723939 0.461001 0.781351
2 0.331093 0.661132 0.256631 0.214402 0.591975
2 0.131619 0.537029 0.111994 0.040438 0.544924
2 0.582892 0.684239 0.572646 0.304996 0.390744
2 0.038412 0.535193 0.066970 0.039148 0.389059
2 0.667763 0.557594 0.222987 0.127361 0.384191
7 0.670530 0.557894 0.223689 0.116589 0.372951
7 0.383527 0.487413 0.483696 0.351622 0.317665
9 0.962106 0.381866 0.075789 0.280619 0.309153
5 0.363835 0.487901 0.544861 0.406991 0.307760
2 0.627258 0.694345 0.485343 0.210859 0.305842
2 0.460847 0.646669 0.483614 0.276898 0.305112
7 0.478642 0.550657 0.719892 0.469654 0.288052
7 0.331093 0.661132 0.256631 0.214402 0.278769
7 0.037785 0.534002 0.067435 0.039269 0.278410
9 0.962477 0.333540 0.071319 0.164921 0.259655
7 0.603226 0.769811 0.727320 0.457419 0.256764
