2 0.598898 0.763361 0.719503 0.473278 0.726194
7 0.062619 0.526687 0.093129 0.054402 0.551052
2 0.330355 0.661619 0.257738 0.211522 0.536419
2 0.062619 0.526687 0.093129 0.054402 0.417143
7 0.394122 0.546825 0.448643 0.404930 0.409622
7 0.476792 0.561616 0.638923 0.481899 0.372092
7 0.602304 0.762533 0.721926 0.470632 0.349365
2 0.608004 0.708264 0.556348 0.365310 0.333782
7 0.664826 0.556818 0.223441 0.116350 0.323858
7 0.330355 0.661619 0.257738 0.211522 0.305087
9 0.961682 0.379237 0.076637 0.276712 0.300505
2 0.664998 0.558529 0.221504 0.129536 0.292025
9 0.961881 0.327009 0.071985 0.159153 0.288955
7 0.394586 0.490133 0.602175 0.395692 0.278263
7 0.466426 0.635655 0.493239 0.294194 0.261536
