2 0.599170 0.760414 0.719235 0.479171 0.731492
7 0.400185 0.555907 0.410734 0.376239 0.482507
2 0.331386 0.653552 0.261024 0.223949 0.449643
7 0.283670 0.529042 0.101469 0.058219 0.413537
7 0.668439 0.558579 0.226707 0.118579 0.382712
7 0.599170 0.760414 0.719235 0.479171 0.372114
7 0.487290 0.571124 0.627410 0.480533 0.369386
7 0.413324 0.488693 0.480888 0.315336 0.356048
2 0.572479 0.838152 0.653380 0.307665 0.340706
7 0.333056 0.653494 0.260049 0.215727 0.334053
2 0.666196 0.557701 0.224146 0.128018 0.307994
2 0.584425 0.685865 0.566933 0.330156 0.304092
2 0.597606 0.576860 0.759095 0.782085 0.283560
2 0.629184 0.697804 0.490268 0.222322 0.251488
7 0.584425 0.685865 0.566933 0.330156 0.251344
7 0.463239 0.630763 0.473285 0.298380 0.251098
