2 0.600612 0.760274 0.723634 0.479452 0.725481
7 0.403288 0.549154 0.416880 0.394281 0.481028
2 0.331243 0.653234 0.259905 0.223791 0.468348
7 0.281755 0.531630 0.104985 0.056519 0.414577
7 0.490740 0.565924 0.629238 0.489816 0.369075
7 0.666834 0.558822 0.223757 0.118660 0.367582
2 0.575194 0.839210 0.660847 0.308005 0.365160
7 0.605031 0.759995 0.730665 0.479310 0.343346
7 0.438136 0.485723 0.608258 0.393349 0.323347
2 0.665724 0.557628 0.223838 0.128621 0.318015
2 0.583485 0.682239 0.559814 0.324771 0.316768
7 0.333458 0.652307 0.260895 0.217524 0.306183
2 0.593143 0.581505 0.762642 0.774959 0.296652
7 0.444031 0.489204 0.378292 0.265886 0.284060
2 0.629106 0.693932 0.491229 0.215448 0.266513
9 0.960805 0.368568 0.078391 0.267098 0.257406
