2 0.602536 0.758362 0.733098 0.482936 0.711623
2 0.333617 0.657057 0.259690 0.214519 0.501387
7 0.401817 0.551736 0.407860 0.393820 0.463250
7 0.667353 0.559248 0.222698 0.119553 0.369494
7 0.604547 0.756559 0.737486 0.480910 0.356277
2 0.574860 0.838226 0.666140 0.308354 0.344056
7 0.531604 0.589447 0.654342 0.535489 0.343241
2 0.664545 0.556994 0.224342 0.128481 0.309906
7 0.463389 0.494891 0.325356 0.284798 0.303437
7 0.333617 0.657057 0.259690 0.214519 0.301819
2 0.585871 0.680609 0.557947 0.323285 0.294396
2 0.598329 0.572028 0.761343 0.804270 0.290365
7 0.387502 0.472022 0.479416 0.312985 0.283458
7 0.485813 0.492811 0.668441 0.436064 0.282503
9 0.960975 0.365207 0.078051 0.263556 0.273239
9 0.962580 0.327484 0.072764 0.170225 0.254729
