2 0.602012 0.761353 0.730643 0.476752 0.726206
2 0.327733 0.659425 0.248810 0.212353 0.606026
7 0.260103 0.544634 0.135633 0.076545 0.513339
7 0.399188 0.542946 0.414736 0.375984 0.437874
7 0.669497 0.558361 0.229524 0.120673 0.409575
2 0.260103 0.544634 0.135633 0.076545 0.380813
7 0.602012 0.761353 0.730643 0.476752 0.374137
7 0.495818 0.571225 0.664155 0.490574 0.325241
2 0.595688 0.569576 0.769435 0.800315 0.296208
2 0.664887 0.556633 0.222981 0.128242 0.291595
7 0.435351 0.464404 0.611895 0.376560 0.288539
7 0.431123 0.482478 0.402271 0.276517 0.284705
7 0.325915 0.659966 0.243537 0.201845 0.283170
2 0.587761 0.686108 0.569088 0.328927 0.280201
9 0.960478 0.366599 0.079044 0.265169 0.269231
