2 0.602422 0.759548 0.731548 0.480904 0.727491
2 0.329911 0.659248 0.255009 0.211471 0.586599
7 0.668346 0.558693 0.227750 0.118469 0.383311
7 0.398231 0.552682 0.404458 0.379353 0.381246
2 0.574634 0.835767 0.665316 0.316715 0.330850
7 0.602422 0.759548 0.731548 0.480904 0.325167
7 0.329911 0.659248 0.255009 0.211471 0.322518
7 0.538773 0.596958 0.688308 0.535906 0.313383
2 0.587598 0.687851 0.571281 0.333934 0.302244
2 0.665069 0.557225 0.224581 0.128147 0.299787
7 0.473174 0.493304 0.313999 0.284684 0.294398
7 0.450112 0.532372 0.587222 0.437269 0.290283
7 0.407829 0.483734 0.476858 0.316702 0.287986
2 0.598751 0.578180 0.761509 0.786442 0.281328
9 0.960673 0.364784 0.078654 0.261289 0.273014
9 0.962214 0.328309 0.073075 0.169561 0.262789
