2 0.603433 0.761185 0.722393 0.477630 0.679750
7 0.136710 0.551856 0.176202 0.105787 0.533142
2 0.327404 0.659202 0.255121 0.209623 0.521258
7 0.410813 0.538888 0.428179 0.410142 0.452058
7 0.665891 0.558768 0.226109 0.121890 0.396008
7 0.604064 0.759751 0.726906 0.475055 0.370259
7 0.327404 0.659202 0.255121 0.209623 0.351689
7 0.518290 0.579812 0.640018 0.518825 0.331750
5 0.136710 0.551856 0.176202 0.105787 0.328659
2 0.574768 0.836980 0.655248 0.312590 0.323101
2 0.597825 0.585397 0.749264 0.764184 0.315803
2 0.662912 0.557641 0.219694 0.131623 0.297418
2 0.138306 0.551640 0.172672 0.107770 0.292782
2 0.618174 0.710965 0.554124 0.373440 0.283469
