2 0.599040 0.759953 0.719548 0.480093 0.738218
7 0.398913 0.548269 0.436493 0.393197 0.475595
7 0.233154 0.532681 0.101805 0.051122 0.471172
2 0.329415 0.656434 0.259033 0.220132 0.434068
2 0.575841 0.834836 0.657507 0.317347 0.369839
7 0.665181 0.558410 0.226030 0.120857 0.369217
7 0.480789 0.566023 0.630861 0.478253 0.350566
7 0.604511 0.758795 0.725747 0.479562 0.328597
2 0.585633 0.685709 0.570699 0.329614 0.325558
2 0.664281 0.558778 0.221662 0.131216 0.312999
7 0.331034 0.657483 0.261901 0.215335 0.282609
9 0.961792 0.379319 0.076415 0.279595 0.262749
2 0.594026 0.584156 0.761706 0.767186 0.261092
9 0.962205 0.324329 0.072592 0.161024 0.257463
7 0.466308 0.630772 0.487705 0.299475 0.251787
