2 0.603290 0.760691 0.725148 0.478619 0.725744
2 0.329790 0.655805 0.253979 0.218344 0.517069
7 0.401899 0.554705 0.399533 0.390897 0.452284
7 0.667583 0.559262 0.226951 0.120001 0.386718
7 0.526334 0.581383 0.651816 0.524209 0.346420
7 0.604552 0.759626 0.729420 0.476027 0.334454
2 0.573755 0.835891 0.659418 0.312983 0.330483
7 0.468355 0.491625 0.322925 0.279314 0.316548
7 0.329790 0.655805 0.253979 0.218344 0.312168
2 0.581352 0.681330 0.559108 0.324029 0.311584
2 0.598253 0.576191 0.755464 0.790500 0.311310
2 0.664297 0.556993 0.223632 0.128174 0.302582
9 0.961180 0.378483 0.077640 0.283007 0.299003
7 0.442503 0.484096 0.620496 0.399305 0.298045
9 0.962376 0.330027 0.072972 0.173486 0.261227
