2 0.601684 0.761426 0.718790 0.477147 0.734486
7 0.223747 0.530907 0.098826 0.055465 0.512714
7 0.403902 0.553991 0.436716 0.386831 0.493704
2 0.330514 0.656478 0.260689 0.219793 0.477427
7 0.474078 0.563975 0.609705 0.471678 0.374446
7 0.666765 0.558329 0.227688 0.118880 0.374332
7 0.605368 0.761133 0.720567 0.475024 0.365775
2 0.576821 0.835584 0.655999 0.314330 0.350648
7 0.402481 0.472552 0.482155 0.286385 0.305836
2 0.580146 0.682845 0.559415 0.323184 0.304683
2 0.666059 0.557428 0.223256 0.128879 0.282018
7 0.331586 0.657422 0.261980 0.214724 0.279194
7 0.459909 0.627432 0.472947 0.300672 0.277871
9 0.961630 0.379618 0.076740 0.279930 0.275301
9 0.962186 0.326269 0.072807 0.163049 0.266301
2 0.628792 0.693855 0.495972 0.218913 0.260165
5 0.665721 0.556773 0.228431 0.125764 0.255334
7 0.580146 0.682845 0.559415 0.323184 0.254815
