2 0.600315 0.759912 0.726093 0.480177 0.723783
2 0.329477 0.657393 0.255235 0.217563 0.539122
7 0.396200 0.556758 0.387260 0.377650 0.470205
7 0.670117 0.558421 0.230580 0.117770 0.390855
2 0.573834 0.835880 0.661022 0.312774 0.356415
7 0.600315 0.759912 0.726093 0.480177 0.350051
2 0.665856 0.557832 0.225718 0.128127 0.332431
7 0.408636 0.482018 0.456245 0.308484 0.328087
7 0.533236 0.596058 0.648079 0.526517 0.315787
7 0.329477 0.657393 0.255235 0.217563 0.305408
2 0.585338 0.687615 0.567826 0.332250 0.290869
9 0.960863 0.365449 0.078274 0.262168 0.281508
9 0.962489 0.326599 0.072732 0.165100 0.270596
2 0.598357 0.572797 0.762735 0.794630 0.265579
7 0.492284 0.484357 0.682330 0.411462 0.259693
