2 0.599862 0.758379 0.728424 0.483243 0.706545
2 0.331750 0.654614 0.260772 0.220787 0.508055
7 0.400370 0.552580 0.400058 0.381275 0.464436
7 0.667613 0.557387 0.226604 0.117382 0.369956
7 0.539295 0.598771 0.668988 0.531837 0.359609
7 0.602242 0.757785 0.732688 0.482445 0.349946
2 0.574056 0.838182 0.660926 0.307956 0.348613
7 0.414300 0.483993 0.469252 0.310996 0.345060
2 0.615484 0.707255 0.561850 0.371592 0.325548
7 0.492576 0.494731 0.684853 0.418077 0.307830
2 0.666222 0.557111 0.226196 0.127942 0.302789
2 0.595223 0.572748 0.765075 0.789721 0.302588
7 0.295378 0.533924 0.088021 0.056771 0.296474
7 0.330888 0.655475 0.257546 0.216037 0.282556
9 0.960779 0.367503 0.078442 0.265397 0.255248
7 0.584171 0.682041 0.558773 0.325826 0.250387
