2 0.600800 0.759200 0.725429 0.481600 0.736527
2 0.328070 0.658081 0.251152 0.215173 0.563513
7 0.401870 0.555544 0.392084 0.385185 0.446885
7 0.666922 0.558480 0.228068 0.119078 0.384387
7 0.600800 0.759200 0.725429 0.481600 0.350717
7 0.531424 0.595642 0.643577 0.527087 0.349678
2 0.571445 0.836936 0.654805 0.310684 0.340941
7 0.328070 0.658081 0.251152 0.215173 0.318506
7 0.469585 0.490946 0.321206 0.281465 0.315609
2 0.665175 0.557376 0.225172 0.128484 0.308581
2 0.597391 0.578582 0.752421 0.784113 0.307453
2 0.584933 0.688056 0.568850 0.335159 0.300975
7 0.493110 0.492973 0.675148 0.418516 0.282563
9 0.961412 0.378292 0.077176 0.281929 0.278327
7 0.400171 0.467369 0.472720 0.294996 0.278223
9 0.962232 0.329017 0.072756 0.170900 0.257238
