2 0.602769 0.758702 0.733568 0.480307 0.718655
7 0.405158 0.545679 0.412811 0.399232 0.464899
2 0.332530 0.654203 0.256095 0.219631 0.456936
7 0.273329 0.542825 0.122103 0.076272 0.456082
2 0.272519 0.541965 0.120616 0.075096 0.413377
7 0.670422 0.558422 0.231669 0.119005 0.404296
7 0.602635 0.757547 0.734590 0.479477 0.352156
7 0.488448 0.568753 0.623036 0.490672 0.335570
2 0.597055 0.576222 0.764502 0.801340 0.333627
7 0.333846 0.650409 0.254872 0.216706 0.325446
2 0.574359 0.834114 0.659033 0.316376 0.300083
7 0.441369 0.482920 0.375004 0.277702 0.294240
2 0.665525 0.556945 0.223313 0.127935 0.286920
7 0.437017 0.476915 0.601680 0.390863 0.280611
9 0.961570 0.380271 0.076861 0.284041 0.278219
2 0.585328 0.681749 0.568026 0.330001 0.261166
9 0.962204 0.328006 0.072789 0.167940 0.252624
