2 0.596392 0.764644 0.718624 0.470713 0.726934
2 0.330808 0.660594 0.257627 0.212087 0.525756
2 0.114665 0.524814 0.102031 0.057923 0.429259
7 0.114052 0.525471 0.101125 0.056333 0.402713
7 0.396267 0.545842 0.445448 0.412178 0.359748
7 0.666869 0.557073 0.228339 0.118157 0.355655
7 0.601497 0.764119 0.719959 0.469674 0.347945
7 0.476744 0.561117 0.637004 0.489739 0.329188
7 0.330808 0.660594 0.257627 0.212087 0.322130
2 0.583929 0.685837 0.556043 0.313022 0.310483
2 0.664164 0.558379 0.222427 0.130419 0.297307
9 0.961471 0.381078 0.077058 0.282211 0.287751
9 0.961842 0.325667 0.072288 0.158521 0.259073
2 0.094286 0.528988 0.055808 0.050069 0.259041
