2 0.599698 0.761102 0.717356 0.477797 0.739741
7 0.401346 0.547685 0.428073 0.390342 0.483292
2 0.331221 0.656542 0.259899 0.221236 0.469796
7 0.243311 0.533634 0.106179 0.051800 0.443711
7 0.665252 0.557713 0.223620 0.119219 0.373547
7 0.485012 0.564539 0.629472 0.486792 0.369859
7 0.603476 0.760495 0.723857 0.477683 0.346604
2 0.663875 0.558439 0.221063 0.130769 0.328709
7 0.432431 0.483841 0.599841 0.384951 0.322752
7 0.331359 0.656189 0.260673 0.212099 0.316225
2 0.592911 0.583527 0.760303 0.773042 0.305458
2 0.582583 0.686766 0.567090 0.335083 0.302613
9 0.961423 0.381263 0.077154 0.280952 0.273334
0 0.630870 0.544784 0.043504 0.037183 0.259597
9 0.961966 0.324613 0.072839 0.156919 0.256960
