2 0.600140 0.761600 0.722841 0.476801 0.735752
2 0.331593 0.658467 0.260125 0.215165 0.493970
7 0.207373 0.529082 0.102248 0.058586 0.483789
7 0.400435 0.551006 0.441695 0.390280 0.447515
7 0.666489 0.557925 0.230798 0.118524 0.393091
2 0.577957 0.836819 0.664536 0.313457 0.380783
7 0.476850 0.566816 0.623387 0.477259 0.376818
7 0.605972 0.761103 0.728590 0.476601 0.337328
2 0.665961 0.558298 0.223643 0.135421 0.335652
2 0.581366 0.680784 0.558599 0.319838 0.312255
7 0.331593 0.658467 0.260125 0.215165 0.291467
2 0.208406 0.528175 0.105159 0.061498 0.283950
7 0.393007 0.473324 0.494484 0.297059 0.275692
2 0.627238 0.690965 0.489301 0.211114 0.263874
7 0.464707 0.629841 0.484057 0.297217 0.261484
9 0.960680 0.368450 0.078640 0.265630 0.250585
