2 0.596570 0.762849 0.719836 0.474301 0.722728
2 0.331970 0.660883 0.260189 0.211777 0.500057
2 0.125842 0.526865 0.096926 0.054209 0.481968
7 0.125842 0.526865 0.096926 0.054209 0.438322
7 0.396418 0.545968 0.448291 0.409204 0.376302
2 0.574808 0.839180 0.662112 0.307981 0.366399
7 0.479304 0.556617 0.640480 0.490759 0.356603
7 0.666717 0.557455 0.224163 0.117183 0.341161
7 0.604079 0.762508 0.720851 0.474985 0.330284
7 0.331970 0.660883 0.260189 0.211777 0.314171
2 0.664100 0.558083 0.221341 0.130295 0.304817
2 0.583933 0.685287 0.562138 0.321053 0.302460
9 0.961468 0.381095 0.077064 0.282234 0.278038
9 0.962549 0.340017 0.072996 0.176342 0.260918
7 0.464806 0.633288 0.486563 0.298818 0.252591
