2 0.601286 0.758458 0.724242 0.483084 0.712897
7 0.396915 0.555806 0.413124 0.376030 0.445469
2 0.331211 0.653934 0.259523 0.222556 0.443065
7 0.270836 0.530766 0.103644 0.055282 0.390534
2 0.574663 0.839017 0.656891 0.305795 0.365567
7 0.664933 0.557859 0.223890 0.117709 0.354809
7 0.497318 0.578598 0.658122 0.493769 0.342175
7 0.604210 0.757190 0.731445 0.481254 0.339057
2 0.584257 0.682342 0.565167 0.327055 0.328060
7 0.408828 0.481352 0.488629 0.310000 0.324373
7 0.332690 0.654341 0.260063 0.214526 0.322243
2 0.665314 0.557517 0.224445 0.128670 0.316145
2 0.597032 0.580387 0.756126 0.776656 0.301632
7 0.467347 0.635145 0.481229 0.290617 0.254028
