2 0.602926 0.759909 0.732486 0.480098 0.708062
2 0.326746 0.663107 0.244347 0.202650 0.653289
7 0.208274 0.549772 0.145543 0.092462 0.492429
2 0.208274 0.549772 0.145543 0.092462 0.433388
7 0.412671 0.540029 0.415736 0.384680 0.398008
7 0.667397 0.558598 0.226294 0.121195 0.393810
7 0.603677 0.758264 0.736029 0.477225 0.358054
5 0.207993 0.550364 0.148615 0.093333 0.337242
2 0.600225 0.583691 0.754054 0.779931 0.324567
2 0.575565 0.836229 0.659635 0.312570 0.321422
7 0.499566 0.573167 0.652785 0.491873 0.310524
2 0.665057 0.557224 0.222058 0.128950 0.296153
2 0.587677 0.684476 0.558909 0.325960 0.271204
7 0.326746 0.663107 0.244347 0.202650 0.270268
7 0.444883 0.473236 0.624732 0.384543 0.254701
9 0.960436 0.366764 0.079129 0.265567 0.254336
