2 0.604525 0.757603 0.733312 0.482656 0.721615
7 0.406096 0.546472 0.421600 0.402454 0.504040
2 0.329256 0.654755 0.254003 0.219430 0.475362
7 0.267586 0.538878 0.124735 0.076750 0.448485
2 0.267586 0.538878 0.124735 0.076750 0.414397
7 0.667863 0.558017 0.228293 0.119927 0.385533
7 0.604793 0.756526 0.734336 0.482178 0.371299
7 0.484449 0.572002 0.608889 0.486584 0.368191
2 0.596566 0.579163 0.762491 0.788560 0.332298
7 0.330933 0.651727 0.254757 0.215085 0.308831
2 0.572722 0.833887 0.656900 0.316187 0.308532
7 0.458952 0.493205 0.333083 0.283087 0.299958
7 0.435452 0.486620 0.592737 0.399506 0.288120
2 0.664054 0.557884 0.221171 0.130491 0.283042
2 0.587295 0.682763 0.567367 0.331432 0.279163
9 0.960771 0.366478 0.078458 0.264493 0.269311
7 0.596566 0.579163 0.762491 0.788560 0.255759
9 0.962497 0.327281 0.072650 0.168792 0.253272
