2 0.600725 0.759861 0.732517 0.480277 0.722390
2 0.325167 0.660086 0.240575 0.209504 0.658571
7 0.256027 0.545578 0.140560 0.074722 0.513473
7 0.400659 0.541905 0.411915 0.358816 0.409202
7 0.668435 0.558755 0.227050 0.121556 0.404999
2 0.256027 0.545578 0.140560 0.074722 0.389203
7 0.600911 0.757861 0.735996 0.476200 0.329195
7 0.402318 0.474260 0.479910 0.302187 0.316894
2 0.574841 0.835572 0.661999 0.312925 0.313222
7 0.498447 0.578436 0.682331 0.487964 0.304175
2 0.665322 0.556822 0.221907 0.128283 0.301782
2 0.597960 0.575337 0.765025 0.790307 0.294995
9 0.960370 0.367180 0.079260 0.264410 0.291690
2 0.587280 0.686016 0.573184 0.331563 0.289158
7 0.474004 0.468731 0.670301 0.396978 0.273769
9 0.962109 0.328489 0.073227 0.169837 0.262105
7 0.323635 0.660822 0.236617 0.198981 0.253762
