2 0.601397 0.759529 0.724408 0.480943 0.725652
2 0.330453 0.656226 0.260718 0.220176 0.470991
7 0.401772 0.548520 0.431459 0.386980 0.459426
7 0.238058 0.531225 0.101153 0.054833 0.453417
7 0.483143 0.566034 0.631021 0.480165 0.383633
2 0.575275 0.839593 0.658683 0.304416 0.375028
7 0.665337 0.558206 0.227074 0.118975 0.368296
2 0.615738 0.708990 0.562868 0.374182 0.349161
7 0.607457 0.759429 0.728485 0.481142 0.341662
7 0.431525 0.485248 0.609109 0.380173 0.331048
2 0.664391 0.557812 0.226835 0.128332 0.325190
7 0.331749 0.657055 0.261676 0.215496 0.287700
2 0.593049 0.586181 0.757792 0.766733 0.273960
7 0.467860 0.631528 0.479270 0.295870 0.263672
9 0.961428 0.380086 0.077144 0.279179 0.256577
7 0.582654 0.680759 0.557103 0.323263 0.250809
