2 0.600481 0.761171 0.724639 0.477658 0.738258
2 0.331420 0.653313 0.262382 0.225333 0.470678
7 0.401781 0.551026 0.403196 0.383578 0.465452
7 0.302595 0.531298 0.080702 0.066759 0.402310
7 0.667167 0.558636 0.223725 0.119612 0.387480
7 0.600481 0.761171 0.724639 0.477658 0.353091
2 0.573354 0.835306 0.656964 0.313907 0.348111
7 0.520023 0.588760 0.643830 0.518376 0.343115
2 0.665727 0.557426 0.223628 0.128167 0.326733
7 0.333686 0.651369 0.261642 0.218371 0.311794
2 0.580128 0.687200 0.560858 0.328263 0.304318
7 0.454175 0.485403 0.352260 0.277161 0.300722
7 0.479989 0.491071 0.656209 0.409259 0.295247
2 0.593176 0.568654 0.765982 0.800250 0.291606
9 0.960996 0.368189 0.078009 0.267308 0.271399
9 0.962043 0.326144 0.072863 0.162365 0.263010
2 0.629298 0.699096 0.487223 0.224472 0.262403
