2 0.598082 0.766531 0.718745 0.466938 0.739837
2 0.331125 0.661189 0.256287 0.211750 0.523203
2 0.074793 0.527170 0.080584 0.054893 0.467379
7 0.075425 0.526835 0.081534 0.055774 0.413885
7 0.395395 0.547640 0.449250 0.404420 0.389633
7 0.667495 0.557722 0.226728 0.118310 0.363954
7 0.601358 0.765484 0.718363 0.465334 0.335241
7 0.422768 0.491570 0.626874 0.408402 0.332106
2 0.613980 0.713122 0.561649 0.364058 0.330086
7 0.512971 0.575749 0.676059 0.514444 0.322748
7 0.331125 0.661189 0.256287 0.211750 0.305353
2 0.664939 0.558678 0.222481 0.130545 0.295825
9 0.961196 0.380137 0.077608 0.278626 0.291458
2 0.624926 0.697906 0.483840 0.222952 0.267260
9 0.961801 0.328274 0.072446 0.159569 0.259640
