2 0.600327 0.763563 0.719851 0.472875 0.732626
2 0.332269 0.661235 0.259900 0.211945 0.540586
2 0.065330 0.526759 0.086737 0.053724 0.461157
7 0.065330 0.526759 0.086737 0.053724 0.458496
7 0.394098 0.547051 0.439874 0.406534 0.424921
7 0.478521 0.559541 0.634303 0.481632 0.347179
7 0.603428 0.762701 0.722723 0.470366 0.345936
7 0.667161 0.557734 0.226179 0.117195 0.344920
2 0.581402 0.685120 0.556767 0.314293 0.309148
7 0.332269 0.661235 0.259900 0.211945 0.300646
2 0.665894 0.557506 0.222644 0.127935 0.293329
9 0.961493 0.379784 0.077013 0.278219 0.292538
7 0.387598 0.485487 0.591909 0.391785 0.260286
9 0.962103 0.327444 0.071882 0.158706 0.258682
7 0.467990 0.635909 0.486427 0.294067 0.254675
