2 0.599063 0.761725 0.717427 0.476549 0.744233
7 0.401250 0.551606 0.417366 0.385405 0.480244
2 0.330643 0.653708 0.258974 0.223869 0.478739
7 0.277336 0.530662 0.102777 0.055764 0.385355
7 0.667484 0.558579 0.226768 0.117999 0.375066
7 0.599063 0.761725 0.717427 0.476549 0.366228
7 0.489750 0.570016 0.636418 0.487670 0.353836
7 0.332251 0.653124 0.258935 0.216596 0.322420
2 0.665827 0.557991 0.224860 0.128335 0.310034
7 0.396629 0.466781 0.481468 0.294339 0.308177
2 0.594542 0.579777 0.760504 0.780604 0.301427
2 0.581291 0.686669 0.568161 0.333155 0.300371
9 0.961459 0.380709 0.077083 0.280392 0.270136
2 0.627898 0.695844 0.488207 0.220947 0.256135
