2 0.599634 0.761433 0.721946 0.477134 0.731250
2 0.331600 0.660746 0.257420 0.211193 0.534373
7 0.094796 0.526834 0.089379 0.054680 0.398719
2 0.088752 0.526560 0.076834 0.054761 0.395060
7 0.396981 0.547777 0.448811 0.404668 0.379943
7 0.475566 0.559771 0.636823 0.478931 0.356774
7 0.664627 0.557462 0.225299 0.117297 0.346619
2 0.610770 0.707249 0.556534 0.366439 0.340390
7 0.605719 0.761379 0.723796 0.477241 0.332758
7 0.331600 0.660746 0.257420 0.211193 0.313403
2 0.664614 0.558459 0.222500 0.130098 0.285517
9 0.961917 0.379849 0.076166 0.280328 0.284488
9 0.962127 0.326096 0.071985 0.159170 0.272893
5 0.089100 0.480669 0.139795 0.115028 0.261107
2 0.622674 0.688812 0.487968 0.214047 0.260842
7 0.471120 0.633198 0.488270 0.297907 0.260554
