2 0.602784 0.762615 0.722578 0.474770 0.703806
7 0.111808 0.552165 0.188961 0.112274 0.529758
2 0.332315 0.659340 0.263944 0.208527 0.516797
7 0.406603 0.539781 0.432775 0.411510 0.472866
7 0.665820 0.557732 0.224451 0.120878 0.376977
5 0.113842 0.552532 0.185091 0.112882 0.336174
7 0.511608 0.578144 0.636854 0.509495 0.324765
7 0.601738 0.761466 0.724927 0.471175 0.319877
7 0.332315 0.659340 0.263944 0.208527 0.316699
2 0.663521 0.557580 0.220514 0.131928 0.297667
2 0.113154 0.553108 0.185043 0.113237 0.281783
2 0.598059 0.584468 0.748909 0.752627 0.279567
2 0.579320 0.683546 0.555797 0.317844 0.274412
5 0.406603 0.539781 0.432775 0.411510 0.258609
9 0.960125 0.369436 0.079750 0.270389 0.254148
5 0.665064 0.556043 0.225800 0.126758 0.252652
