2 0.599265 0.760960 0.722103 0.478080 0.727336
2 0.331780 0.656402 0.261122 0.219806 0.526351
7 0.400277 0.551293 0.405016 0.388146 0.456202
7 0.667180 0.557220 0.229373 0.118156 0.370664
7 0.599265 0.760960 0.722103 0.478080 0.353830
2 0.573414 0.835585 0.659257 0.314307 0.342613
7 0.530535 0.591000 0.657522 0.521177 0.332516
2 0.666071 0.557109 0.226386 0.128125 0.316314
2 0.581277 0.685772 0.564868 0.329861 0.299532
2 0.596744 0.572593 0.763743 0.789021 0.293936
7 0.445335 0.483519 0.360440 0.279697 0.292075
7 0.329723 0.657095 0.254683 0.214404 0.282599
9 0.960874 0.367726 0.078252 0.266854 0.282394
7 0.436505 0.476175 0.615676 0.384764 0.280672
9 0.962326 0.325649 0.072833 0.163739 0.274786
