2 0.597992 0.766228 0.717352 0.467544 0.745158
2 0.332771 0.660796 0.258385 0.211248 0.539286
2 0.077307 0.526523 0.079963 0.055435 0.524540
7 0.077732 0.527556 0.080967 0.055562 0.433239
7 0.393353 0.543681 0.449058 0.411342 0.403453
7 0.666735 0.557360 0.225123 0.117552 0.355272
7 0.472263 0.551494 0.637483 0.484121 0.341457
7 0.601813 0.764728 0.717741 0.465679 0.334803
7 0.332771 0.660796 0.258385 0.211248 0.313446
2 0.580781 0.686210 0.557730 0.310946 0.312150
2 0.665407 0.557117 0.222063 0.128358 0.301745
9 0.961346 0.380543 0.077308 0.280051 0.291500
9 0.961804 0.326489 0.072657 0.157713 0.270659
2 0.624058 0.695576 0.486591 0.216059 0.260516
