2 0.599168 0.760368 0.723946 0.479263 0.715556
7 0.403687 0.549952 0.418300 0.392821 0.483864
7 0.268254 0.530886 0.104220 0.057005 0.433745
2 0.330280 0.651755 0.257444 0.226309 0.416299
2 0.664929 0.557489 0.223912 0.129174 0.353337
7 0.665599 0.557970 0.221154 0.119185 0.352189
2 0.576476 0.835792 0.660816 0.317189 0.351971
7 0.331969 0.651113 0.258429 0.220902 0.342792
7 0.485381 0.564424 0.623649 0.481111 0.342614
2 0.583130 0.681889 0.563713 0.323560 0.310788
7 0.603114 0.760021 0.730150 0.479036 0.308287
7 0.396134 0.472882 0.475381 0.307778 0.301175
2 0.593413 0.581458 0.757958 0.767841 0.294496
9 0.960983 0.368716 0.078035 0.268078 0.254391
