2 0.601692 0.759469 0.722532 0.481063 0.730553
7 0.400234 0.553894 0.420789 0.375555 0.478085
7 0.248270 0.529943 0.104798 0.057675 0.472438
2 0.329769 0.654779 0.258322 0.222643 0.466965
7 0.665647 0.558778 0.225525 0.120649 0.373881
2 0.616835 0.707905 0.558991 0.374420 0.367061
7 0.489407 0.566610 0.640392 0.470711 0.365318
7 0.411950 0.485349 0.488546 0.307544 0.359200
2 0.576522 0.837016 0.661461 0.311066 0.358322
2 0.663852 0.558767 0.222245 0.131179 0.352587
7 0.605931 0.758548 0.733267 0.479194 0.334210
7 0.330974 0.654526 0.260825 0.213983 0.312726
0 0.631864 0.544839 0.043986 0.036450 0.278033
2 0.596866 0.583794 0.758183 0.775661 0.273863
2 0.629954 0.694698 0.497975 0.221458 0.265837
7 0.468154 0.631563 0.476326 0.296160 0.257725
7 0.585945 0.682256 0.560363 0.327375 0.252329
