2 0.600739 0.759962 0.728825 0.480076 0.722155
2 0.332148 0.656133 0.257894 0.217042 0.482841
7 0.401467 0.552648 0.405835 0.393443 0.444506
7 0.667575 0.558454 0.228390 0.118999 0.378366
7 0.600739 0.759962 0.728825 0.480076 0.347254
2 0.571198 0.836086 0.657320 0.312135 0.344402
7 0.524205 0.582629 0.643086 0.525983 0.337488
2 0.664675 0.557071 0.224554 0.129095 0.313508
2 0.598488 0.566978 0.759899 0.808151 0.309957
7 0.334347 0.654326 0.258681 0.211363 0.305870
7 0.467119 0.491198 0.322666 0.281939 0.302318
2 0.583721 0.681589 0.560121 0.325923 0.301388
7 0.437207 0.483812 0.611044 0.400454 0.286319
9 0.960899 0.365155 0.078202 0.264422 0.272230
