2 0.600092 0.761278 0.726231 0.477444 0.732561
2 0.328064 0.658804 0.252099 0.214660 0.538544
2 0.194583 0.528642 0.101646 0.056968 0.512858
7 0.194719 0.528142 0.100487 0.057421 0.446409
7 0.405805 0.552708 0.428457 0.388592 0.384909
7 0.667828 0.558900 0.227462 0.120875 0.375433
7 0.602779 0.760030 0.728535 0.475290 0.337959
2 0.579048 0.836855 0.665288 0.313032 0.332984
2 0.666597 0.557651 0.225273 0.129341 0.318447
7 0.484829 0.567228 0.631656 0.475017 0.316948
2 0.583210 0.681659 0.561877 0.320940 0.315354
7 0.328064 0.658804 0.252099 0.214660 0.311576
9 0.961632 0.379552 0.076737 0.279075 0.276834
2 0.627590 0.695085 0.492587 0.218765 0.267855
7 0.428458 0.483651 0.617293 0.386038 0.265424
9 0.962070 0.326473 0.072855 0.162331 0.250294
