2 0.600933 0.761631 0.725598 0.476737 0.728001
2 0.330181 0.652825 0.258889 0.225372 0.468252
7 0.397804 0.556702 0.401113 0.374184 0.445795
7 0.288672 0.530333 0.099635 0.062982 0.411159
7 0.669576 0.558880 0.228361 0.119732 0.388728
7 0.600933 0.761631 0.725598 0.476737 0.346417
7 0.489332 0.565957 0.643705 0.480815 0.335504
7 0.414408 0.484711 0.480979 0.310407 0.327179
2 0.575427 0.835012 0.659794 0.315490 0.325915
2 0.666487 0.557674 0.224116 0.128441 0.317422
7 0.331784 0.652192 0.258250 0.218868 0.316371
2 0.579350 0.683698 0.567246 0.324249 0.303883
7 0.469884 0.490297 0.322581 0.273403 0.300299
2 0.596581 0.581425 0.759304 0.772664 0.268192
9 0.960645 0.368390 0.078710 0.266021 0.254358
2 0.630257 0.695117 0.501842 0.216412 0.250278
