2 0.598087 0.763910 0.719480 0.472181 0.719221
2 0.331388 0.660406 0.256424 0.211378 0.513373
7 0.393429 0.543998 0.450880 0.415970 0.397098
7 0.667120 0.557728 0.225582 0.118486 0.349036
7 0.601361 0.762952 0.721174 0.470117 0.339941
2 0.102452 0.527020 0.084471 0.054369 0.338224
7 0.512049 0.571851 0.687123 0.519036 0.337642
7 0.102452 0.527020 0.084471 0.054369 0.326042
2 0.614021 0.709607 0.559518 0.368545 0.322990
7 0.331388 0.660406 0.256424 0.211378 0.311584
2 0.664902 0.558360 0.221689 0.130127 0.306380
9 0.961547 0.379156 0.076907 0.279274 0.271689
