2 0.599577 0.764734 0.717534 0.470532 0.722696
2 0.330470 0.660954 0.253844 0.212425 0.530728
2 0.084685 0.526429 0.075681 0.055053 0.416591
7 0.084685 0.526429 0.075681 0.055053 0.399110
7 0.393128 0.546716 0.452790 0.404269 0.368767
7 0.473447 0.558058 0.642312 0.478997 0.342412
7 0.665218 0.557233 0.221717 0.117375 0.340345
7 0.603009 0.763143 0.720155 0.466994 0.336792
2 0.609903 0.710005 0.558571 0.366938 0.324538
7 0.330470 0.660954 0.253844 0.212425 0.314881
2 0.664371 0.558416 0.220846 0.130244 0.292011
9 0.961708 0.379668 0.076584 0.277801 0.284380
9 0.961821 0.325829 0.072304 0.157298 0.272542
2 0.622776 0.697028 0.487606 0.227313 0.251161
