2 0.601669 0.762080 0.733839 0.475839 0.698883
2 0.327686 0.660531 0.248905 0.208338 0.534375
7 0.179306 0.548746 0.154799 0.100338 0.497268
7 0.410410 0.537626 0.420347 0.404020 0.442037
7 0.669631 0.558856 0.229035 0.121290 0.406104
2 0.577899 0.836873 0.660160 0.311626 0.341842
7 0.602682 0.760101 0.735270 0.473594 0.330788
2 0.665099 0.557024 0.222719 0.128538 0.310881
7 0.484203 0.563483 0.622445 0.487307 0.310383
7 0.327686 0.660531 0.248905 0.208338 0.306672
2 0.599115 0.570681 0.762249 0.794688 0.302465
2 0.623371 0.706352 0.554410 0.361753 0.300008
2 0.179306 0.548746 0.154799 0.100338 0.298589
9 0.960123 0.366220 0.079754 0.263722 0.260054
5 0.178572 0.548516 0.155913 0.101113 0.256968
2 0.635727 0.690853 0.497874 0.208867 0.253158
