2 0.605277 0.760365 0.736812 0.477864 0.720622
7 0.409089 0.547034 0.413927 0.409335 0.502115
2 0.334189 0.653045 0.252994 0.222257 0.501543
7 0.282938 0.541222 0.108165 0.075513 0.407278
7 0.669540 0.558474 0.229731 0.118998 0.393718
2 0.596689 0.575304 0.767395 0.798067 0.368138
7 0.480180 0.562676 0.599535 0.492650 0.361974
2 0.284153 0.539791 0.104718 0.073141 0.355774
7 0.605617 0.759943 0.736879 0.475302 0.329992
2 0.577065 0.834579 0.662864 0.318200 0.322656
7 0.440227 0.483761 0.379129 0.281981 0.313961
2 0.665464 0.556653 0.223143 0.127520 0.302198
9 0.960668 0.366916 0.078665 0.265881 0.296649
7 0.333731 0.651827 0.250356 0.219319 0.288083
2 0.580682 0.678979 0.558557 0.317528 0.286193
7 0.596689 0.575304 0.767395 0.798067 0.285052
9 0.962277 0.327866 0.072815 0.169615 0.272828
