2 0.596536 0.763669 0.712723 0.472663 0.736183
2 0.332062 0.660697 0.258116 0.211123 0.534479
2 0.097462 0.526482 0.082954 0.054714 0.397854
7 0.392813 0.548315 0.446868 0.405993 0.370433
7 0.596536 0.763669 0.712723 0.472663 0.356974
7 0.097462 0.526482 0.082954 0.054714 0.356870
7 0.666093 0.557248 0.225130 0.117500 0.343511
7 0.332062 0.660697 0.258116 0.211123 0.327076
7 0.483937 0.553703 0.663612 0.489661 0.326037
2 0.663738 0.558067 0.222334 0.130280 0.297053
9 0.961549 0.380299 0.076902 0.281904 0.295388
2 0.582456 0.687773 0.563667 0.325571 0.289589
9 0.961977 0.326094 0.072344 0.159282 0.268329
