2 0.598762 0.764136 0.714715 0.471728 0.750263
2 0.328978 0.659813 0.254582 0.214305 0.523021
7 0.181672 0.527671 0.103522 0.057784 0.480699
7 0.400635 0.550048 0.437879 0.394163 0.378172
2 0.664124 0.558874 0.220118 0.133846 0.359823
7 0.665196 0.558210 0.225162 0.118076 0.353665
7 0.598762 0.764136 0.714715 0.471728 0.340660
7 0.328978 0.659813 0.254582 0.214305 0.317418
7 0.478612 0.562697 0.626299 0.474797 0.316543
2 0.578833 0.686486 0.567067 0.330672 0.292635
2 0.181713 0.526424 0.104416 0.060303 0.290564
9 0.961440 0.380177 0.077120 0.279433 0.274008
9 0.961877 0.325324 0.072882 0.157509 0.259312
2 0.623985 0.696087 0.485954 0.225810 0.255022
0 0.671817 0.541143 0.037610 0.039307 0.254115
