2 0.602906 0.760855 0.726528 0.478289 0.689168
7 0.159175 0.551717 0.167212 0.104773 0.536800
2 0.327919 0.658190 0.253394 0.210657 0.530475
7 0.409157 0.537827 0.423087 0.402852 0.472483
7 0.667061 0.559147 0.227073 0.120155 0.382101
7 0.478710 0.564439 0.605293 0.484321 0.355905
2 0.577090 0.840653 0.661845 0.304516 0.343368
7 0.606595 0.759459 0.731124 0.475628 0.335406
2 0.599295 0.583339 0.749300 0.767533 0.323489
7 0.327919 0.658190 0.253394 0.210657 0.319843
5 0.159175 0.551717 0.167212 0.104773 0.317872
2 0.618297 0.707265 0.553283 0.365677 0.310624
2 0.664380 0.557405 0.223089 0.128464 0.304201
2 0.159175 0.551717 0.167212 0.104773 0.265464
2 0.631689 0.694007 0.496927 0.214583 0.255011
