2 0.602747 0.759842 0.733525 0.480317 0.712300
2 0.327842 0.664499 0.242818 0.199677 0.654347
7 0.226470 0.549633 0.142542 0.087180 0.467064
7 0.668121 0.559090 0.226206 0.120495 0.413080
7 0.411900 0.492213 0.453457 0.333290 0.396450
2 0.226470 0.549633 0.142542 0.087180 0.380244
2 0.577219 0.838873 0.664059 0.307354 0.351588
7 0.604543 0.757993 0.739369 0.475722 0.327132
7 0.504898 0.577977 0.677315 0.497459 0.323500
2 0.599414 0.578416 0.764579 0.791742 0.322816
2 0.665166 0.557638 0.223077 0.128326 0.310040
5 0.226053 0.549585 0.143459 0.087286 0.304973
2 0.589600 0.685237 0.563822 0.325987 0.281812
9 0.960261 0.368003 0.079478 0.267438 0.277934
9 0.962391 0.326010 0.073005 0.166814 0.253239
7 0.327842 0.664499 0.242818 0.199677 0.252928
