2 0.602302 0.758944 0.729549 0.482112 0.717141
2 0.330403 0.654436 0.259548 0.221047 0.530599
7 0.402304 0.548399 0.410148 0.385927 0.455987
7 0.668077 0.558218 0.228064 0.118343 0.371732
7 0.604327 0.757622 0.733639 0.481523 0.360816
7 0.531764 0.590662 0.665723 0.527786 0.344626
2 0.574383 0.837346 0.658553 0.310578 0.342951
7 0.300050 0.533581 0.082829 0.061627 0.334835
2 0.619806 0.710025 0.559332 0.375315 0.323912
2 0.665339 0.557050 0.226510 0.127683 0.307969
2 0.596467 0.577034 0.765332 0.788526 0.301364
7 0.329148 0.655377 0.255114 0.215345 0.300143
7 0.452283 0.484474 0.352743 0.276742 0.299741
7 0.437650 0.479732 0.614098 0.384662 0.294753
9 0.960592 0.366402 0.078817 0.263358 0.267309
2 0.632562 0.695367 0.500404 0.217172 0.253339
