2 0.602443 0.757721 0.728366 0.484559 0.727297
2 0.329663 0.657024 0.255103 0.215638 0.516991
7 0.400970 0.552596 0.399784 0.390404 0.480745
7 0.668587 0.558655 0.229787 0.118340 0.385795
7 0.604346 0.756849 0.734589 0.483215 0.348593
2 0.573531 0.835983 0.657699 0.312244 0.331710
7 0.525879 0.592705 0.639400 0.517260 0.328489
2 0.664998 0.557731 0.226122 0.128931 0.322366
2 0.587592 0.684583 0.568789 0.331058 0.306664
7 0.398058 0.466281 0.473422 0.295517 0.296201
7 0.329663 0.657024 0.255103 0.215638 0.295127
2 0.599278 0.576804 0.756655 0.787382 0.273755
7 0.488428 0.489612 0.671053 0.416260 0.265725
9 0.960845 0.364792 0.078310 0.261284 0.264014
9 0.962638 0.326003 0.072490 0.165100 0.263467
