2 0.603357 0.758943 0.728960 0.480829 0.718881
2 0.330256 0.656034 0.257314 0.218128 0.512277
7 0.405676 0.547338 0.406489 0.400471 0.475242
7 0.668366 0.558743 0.229400 0.119022 0.396146
7 0.463989 0.486174 0.328204 0.276030 0.372006
7 0.532246 0.589164 0.644534 0.538519 0.357121
2 0.574966 0.836221 0.661064 0.313176 0.341803
7 0.603793 0.758116 0.733803 0.478459 0.335611
7 0.308784 0.531212 0.070847 0.064462 0.322446
7 0.491652 0.490682 0.657118 0.429717 0.313639
2 0.664700 0.557315 0.226194 0.128267 0.304937
7 0.330256 0.656034 0.257314 0.218128 0.298503
2 0.584429 0.683142 0.561388 0.325280 0.295239
2 0.598276 0.574587 0.760828 0.792270 0.287186
2 0.308784 0.531212 0.070847 0.064462 0.277376
9 0.960540 0.366524 0.078921 0.264079 0.261907
