2 0.598748 0.759962 0.720669 0.480076 0.734270
7 0.400240 0.548773 0.439604 0.400829 0.520701
7 0.229615 0.530364 0.102448 0.053805 0.492051
2 0.328988 0.656387 0.260600 0.221168 0.418339
7 0.665623 0.558937 0.225308 0.120726 0.363056
7 0.514908 0.586709 0.656079 0.514079 0.360039
2 0.575620 0.837694 0.656466 0.307947 0.358528
7 0.605325 0.759638 0.722899 0.480725 0.342960
7 0.425261 0.497016 0.584738 0.399435 0.341611
2 0.583624 0.682437 0.560525 0.325500 0.313257
2 0.663877 0.558892 0.222772 0.130310 0.309147
7 0.327874 0.655431 0.259932 0.214537 0.299100
7 0.460544 0.624501 0.481001 0.307375 0.272949
2 0.630396 0.691537 0.496591 0.217176 0.256566
2 0.589704 0.589480 0.763937 0.767047 0.252919
