2 0.601556 0.758739 0.718662 0.482522 0.724781
2 0.330397 0.659875 0.258537 0.211830 0.513217
7 0.176649 0.527701 0.095266 0.057935 0.508118
7 0.405068 0.546939 0.445195 0.403683 0.377156
7 0.665299 0.558483 0.224911 0.117764 0.368520
7 0.606574 0.758172 0.722508 0.483656 0.348581
7 0.520312 0.587726 0.664256 0.516504 0.346967
2 0.577195 0.839043 0.660284 0.308928 0.337397
2 0.663544 0.558755 0.221292 0.130376 0.315072
2 0.583536 0.683281 0.562544 0.329390 0.312244
7 0.330397 0.659875 0.258537 0.211830 0.310710
2 0.176649 0.527701 0.095266 0.057935 0.297144
7 0.425714 0.493744 0.605098 0.393737 0.284483
7 0.470267 0.629473 0.488703 0.306903 0.265536
2 0.572404 0.601471 0.757709 0.672330 0.255610
7 0.583536 0.683281 0.562544 0.329390 0.253754
9 0.960519 0.368084 0.078963 0.266352 0.250424
