2 0.604095 0.759373 0.730508 0.479658 0.721771
7 0.411625 0.546012 0.414315 0.411943 0.508622
2 0.334318 0.651907 0.260251 0.224240 0.442438
7 0.669043 0.558613 0.230242 0.120977 0.388470
7 0.289647 0.535293 0.096527 0.065019 0.361399
7 0.479038 0.563310 0.594061 0.493826 0.355107
2 0.598930 0.575978 0.761001 0.791106 0.337110
7 0.448413 0.484435 0.354626 0.279122 0.336484
7 0.604224 0.758576 0.731215 0.478453 0.331195
2 0.665035 0.557082 0.225043 0.128499 0.313393
2 0.573997 0.836442 0.656350 0.310999 0.312364
9 0.961336 0.378073 0.077327 0.283613 0.302433
7 0.336760 0.647873 0.260145 0.220762 0.295899
2 0.289647 0.535293 0.096527 0.065019 0.287507
2 0.582656 0.681468 0.562564 0.325066 0.280376
9 0.962356 0.328310 0.073250 0.172940 0.277035
7 0.598930 0.575978 0.761001 0.791106 0.255432
