2 0.597029 0.764071 0.713994 0.471858 0.741704
2 0.330756 0.660409 0.260641 0.212283 0.535375
2 0.139074 0.528139 0.090044 0.053118 0.447545
7 0.401953 0.547635 0.444042 0.410774 0.390959
7 0.139074 0.528139 0.090044 0.053118 0.348511
7 0.665649 0.557412 0.223926 0.117687 0.344439
7 0.597029 0.764071 0.713994 0.471858 0.338605
7 0.514376 0.577071 0.662535 0.513330 0.331748
7 0.330756 0.660409 0.260641 0.212283 0.315134
2 0.578933 0.686267 0.559913 0.325221 0.307103
2 0.663965 0.557986 0.221224 0.129881 0.306281
7 0.434515 0.495684 0.610949 0.415980 0.295301
9 0.961704 0.380138 0.076591 0.280596 0.291707
9 0.961976 0.325115 0.072421 0.157946 0.280635
