2 0.601564 0.760493 0.728241 0.479015 0.729230
2 0.328982 0.659040 0.252490 0.212292 0.563409
7 0.398764 0.553262 0.399953 0.383763 0.462059
7 0.667393 0.559014 0.226187 0.120378 0.407601
2 0.573667 0.836451 0.662766 0.311363 0.350039
7 0.524724 0.587919 0.649296 0.522612 0.345141
7 0.604448 0.759253 0.734323 0.476086 0.331425
7 0.328982 0.659040 0.252490 0.212292 0.316935
2 0.665204 0.557290 0.223438 0.128563 0.315033
2 0.582931 0.685550 0.567471 0.327889 0.306269
9 0.960936 0.366172 0.078127 0.264282 0.299105
7 0.466950 0.492048 0.327624 0.286259 0.297646
7 0.429153 0.478730 0.609229 0.383389 0.295025
9 0.962183 0.328292 0.073032 0.169057 0.289876
2 0.596110 0.579684 0.756902 0.784696 0.277116
