2 0.601096 0.760529 0.726166 0.478941 0.713363
2 0.329932 0.655571 0.257518 0.220222 0.490736
7 0.399827 0.550178 0.403554 0.385969 0.446747
7 0.668583 0.559522 0.224943 0.119828 0.387471
7 0.602017 0.759694 0.731606 0.477214 0.345408
2 0.574827 0.836761 0.658482 0.309888 0.332434
7 0.304994 0.531972 0.076740 0.062772 0.329814
7 0.328839 0.657021 0.252864 0.214255 0.320716
7 0.520699 0.587971 0.647864 0.515268 0.317466
2 0.666155 0.557544 0.223178 0.128366 0.314932
7 0.455956 0.486194 0.346651 0.275745 0.303076
2 0.599746 0.580223 0.754938 0.785289 0.291512
2 0.581738 0.687109 0.564418 0.329996 0.287238
7 0.425997 0.479208 0.601767 0.381733 0.279859
9 0.960442 0.366914 0.079117 0.265557 0.276431
9 0.962480 0.326238 0.072943 0.164591 0.263716
